638042	-3.599609	-3.900391	0.699219	-6.699219	-1.400391	-0.400391	0.028909	-0.078837	-0.926982	-0.003194	-0.004313	0.005899	0	0	0	0	0	0
317107234	-2.199219	1.000000	-3.099609	1.500000	1.601562	6.101562	-0.002379	-0.175913	-0.162489	0.001370	-0.002777	-0.000370	0	0	0	0	0	0
680646101	-1.800781	-1.400391	0.000000	-1.300781	-4.300781	-4.400391	-0.086893	-0.166031	-0.624554	0.003515	-0.001078	0.004240	0	0	0	0	0	0
1041583797	0.699219	1.699219	7.898438	3.000000	2.199219	2.398438	-0.129999	-0.214393	-0.616872	-0.000728	-0.002923	0.006367	0	0	0	0	0	0
1416028715	-4.699219	-7.400391	-3.000000	1.800781	4.199219	5.000000	0.063610	-0.054511	0.238202	-0.001770	-0.002652	0.000983	0	0	0	0	0	0
1720863611	-0.500000	-4.300781	4.000000	-1.199219	-4.400391	0.898438	-0.149761	-0.079408	-0.851466	-0.001722	-0.001658	0.004973	0	0	0	0	0	0
2018268870	-2.400391	2.300781	-0.699219	3.199219	1.800781	2.199219	0.031323	-0.060667	-0.022759	0.000192	-0.004290	0.007400	0	0	0	0	0	0
2461961083	-8.300781	-7.099609	1.101562	0.101562	-2.400391	-0.300781	-0.151211	-0.063262	-1.086356	-0.000979	-0.004860	0.004662	0	0	0	0	0	0
2859810450	127.898438	24.500000	-33.800781	14.000000	-68.199219	-3.800781	-7.775285	-4.608310	5.895601	0.510397	0.591188	0.228162	0	0	0	0	0	0
3258655156	-1572.900391	-320.599609	538.898438	-364.000000	913.601562	-129.500000	31.754723	60.913090	-20.653385	-2.039427	-0.136221	-2.903592	0	0	0	0	0	0
3670088785	-195.699219	139.500000	1765.898438	386.898438	-1502.800781	641.300781	57.917297	-24.062315	11.859781	2.997586	4.711564	4.063435	0	0	0	0	0	0
4112825673	1789.500000	1054.500000	-1001.900391	1038.699219	-1002.000000	721.601562	-37.086040	-71.623070	-24.111629	1.271274	-1.578222	8.632288	0	0	0	0	0	0
4590998263	-235.300781	304.699219	217.699219	240.300781	787.398438	198.199219	-12.455552	15.615572	145.207855	-2.072276	1.618865	1.891326	0	0	0	0	0	0
5050255968	-310.599609	129.500000	571.898438	191.199219	-236.400391	263.800781	11.754764	4.600462	3.947217	0.716235	2.252809	1.712674	0	0	0	0	0	0
5486193935	160.101562	223.101562	-381.800781	265.898438	-644.199219	246.699219	-0.989399	-15.643471	-152.868805	1.274026	-0.520241	2.306825	0	0	0	0	0	0
5926966284	2562.000000	1060.000000	-24.500000	1146.398438	-2936.699219	823.000000	-30.291216	-120.901772	-59.528755	6.431109	5.780879	9.967903	0	0	0	0	0	0
6373447146	-783.000000	406.000000	3013.601562	707.699219	-2163.500000	1143.500000	73.046478	-11.932940	27.798744	4.751823	13.549862	6.948107	0	0	0	0	0	0
6768210383	-2965.900391	-308.599609	2531.101562	-243.099609	515.300781	298.699219	76.592506	95.014725	25.396660	-0.144414	7.654957	-1.533831	0	0	0	0	0	0
7153318665	-682.000000	46.898438	-1290.900391	-233.699219	1738.800781	-282.599609	-32.870571	47.299030	-36.784992	-3.609503	-4.911406	-1.626039	0	0	0	0	0	0
7548356856	1427.800781	1075.500000	-2746.400391	766.601562	908.898438	342.101562	-92.337234	-26.695087	-64.490204	-1.776259	-6.363460	6.721464	0	0	0	0	0	0
7936645382	2275.800781	1239.101562	-2644.199219	1007.000000	35.398438	447.699219	-99.351715	-56.578575	-49.061344	1.456617	-4.215286	8.414066	0	0	0	0	0	0
8329217291	2671.300781	1029.398438	-849.199219	1015.199219	-2186.699219	606.300781	-58.685425	-98.644844	-58.080208	7.456216	3.189618	8.512862	0	0	0	0	0	0
8698854593	2405.199219	1158.000000	-2067.800781	1001.898438	-936.900391	491.699219	-89.105087	-65.484169	-98.075294	5.252249	-1.295291	8.170216	0	0	0	0	0	0
9031932859	604.398438	523.101562	-2318.199219	270.601562	978.101562	19.898438	-59.278858	11.625216	-124.453468	-0.035981	-7.006976	1.835803	0	0	0	0	0	0
9406475034	-1524.699219	-310.199219	248.601562	-366.300781	904.601562	-113.599609	35.056213	66.850395	-65.297066	-0.687342	-2.593353	-2.928231	0	0	0	0	0	0
9806824661	-1513.900391	-442.599609	1927.199219	-257.199219	-581.800781	134.898438	72.183510	42.843258	-31.256649	3.527703	4.641553	-2.107297	0	0	0	0	0	0
10215843912	804.101562	-111.599609	988.199219	25.300781	-2093.599609	115.000000	15.024770	-33.318882	-51.673252	9.040032	6.188379	0.726647	0	0	0	0	0	0
10627637711	177.300781	-12.199219	138.101562	-24.900391	144.398438	-87.199219	-11.782841	-1.841779	86.547668	-0.288743	1.832783	-0.608134	0	0	0	0	0	0
11029149494	-112.400391	-94.400391	106.199219	-144.000000	781.500000	-193.900391	-6.555762	14.880100	138.676285	-1.616025	-0.208698	-1.610033	0	0	0	0	0	0
11450992776	137.101562	25.601562	-55.300781	-54.900391	784.398438	-154.300781	-17.926302	9.679884	155.987686	-1.393822	0.175594	-0.774055	0	0	0	0	0	0
11842350089	246.699219	144.101562	-680.500000	100.500000	58.800781	5.000000	-17.624340	-7.047353	-69.595207	-0.205625	-1.828297	0.823356	0	0	0	0	0	0
12242882438	202.000000	195.101562	-734.599609	128.601562	-293.400391	76.699219	-20.410740	1.954177	-145.453598	2.816166	-0.295389	1.293489	0	0	0	0	0	0
12628438025	545.500000	233.500000	-936.800781	183.500000	-489.400391	69.500000	-26.799509	-12.772952	-155.307419	3.108882	-1.101775	1.703547	0	0	0	0	0	0
13017681710	2208.601562	624.699219	-1439.400391	586.699219	-1524.699219	167.500000	-60.154087	-76.357094	-130.949127	5.927622	-0.129528	4.813770	0	0	0	0	0	0
13412355103	2371.699219	841.699219	-718.900391	841.300781	-2141.199219	460.300781	-49.585991	-88.530334	-76.369781	7.085996	3.987057	6.887355	0	0	0	0	0	0
13826511382	-937.900391	134.699219	2086.699219	333.300781	-959.300781	624.000000	52.079639	11.467827	37.042274	2.117795	8.719982	3.296875	0	0	0	0	0	0
14183342246	-2335.300781	-164.599609	2596.101562	25.101562	-219.699219	510.398438	82.326523	65.363838	16.081112	1.213795	7.799063	0.673884	0	0	0	0	0	0
14530733155	-2541.500000	-184.300781	1146.500000	-343.300781	1483.800781	52.398438	38.124413	101.059357	23.760103	-2.309522	2.553179	-2.127398	0	0	0	0	0	0
14943845940	-2591.599609	-114.900391	2442.500000	20.898438	199.601562	502.300781	77.310081	74.472038	15.548783	0.066105	7.027731	0.656829	0	0	0	0	0	0
15329330994	696.199219	302.101562	109.699219	323.601562	-1181.599609	304.500000	-7.352647	-25.259325	-64.776459	5.181075	2.854634	3.201585	0	0	0	0	0	0
15744409597	1302.898438	775.199219	-2660.099609	447.300781	884.601562	49.101562	-97.069145	-12.073568	-76.800781	-0.088156	-4.711584	3.758877	0	0	0	0	0	0
16119561803	1661.101562	1000.398438	-3692.000000	535.898438	1516.800781	1.398438	-130.054138	-11.210785	-84.637848	-1.296190	-7.508126	4.516364	0	0	0	0	0	0
16526384519	2616.000000	1141.601562	-2430.000000	988.699219	-756.099609	413.000000	-93.787842	-77.361099	-94.222389	4.052408	-3.134832	7.989941	0	0	0	0	0	0
16851989384	532.000000	913.000000	1045.800781	1042.898438	-1948.000000	1180.300781	29.812681	-34.748775	-53.342129	6.188859	5.311807	9.679739	0	0	0	0	0	0
17243632864	-1528.599609	246.101562	2724.300781	531.800781	-1429.199219	1034.000000	96.843811	26.598488	-30.338797	4.230599	7.440853	5.428112	0	0	0	0	0	0
17600943665	-2549.900391	-205.300781	1674.699219	-222.099609	701.800781	246.601562	63.650528	91.277924	-22.333427	-0.034547	3.350635	-1.118886	0	0	0	0	0	0
17957448165	224.101562	774.699219	-2550.699219	303.601562	1920.500000	61.398438	-88.317841	37.537010	-62.262356	-2.019730	-5.700006	3.269772	0	0	0	0	0	0
18296378540	923.500000	927.000000	-3097.599609	466.500000	1631.601562	122.000000	-102.344849	10.576877	-88.258690	-1.787928	-7.202434	4.498915	0	0	0	0	0	0
18629360828	2266.800781	826.000000	-2091.599609	710.199219	-739.900391	217.300781	-78.392464	-68.038544	-95.658577	3.735804	-3.044688	5.617485	0	0	0	0	0	0
18964625179	2270.300781	750.898438	-79.500000	835.500000	-2412.500000	558.898438	-22.981403	-94.906197	-33.543556	6.815366	4.322013	6.964170	0	0	0	0	0	0
19311636705	-140.300781	-258.300781	1504.000000	54.000000	-1352.199219	231.000000	66.432266	-30.946669	1.208255	0.594964	1.713927	0.102162	0	0	0	0	0	0
19713857990	-588.400391	-892.000000	1391.101562	-682.400391	-738.000000	-475.599609	48.252369	2.201967	5.757498	1.375390	3.399584	-6.272080	0	0	0	0	0	0
20091164067	-415.900391	-1197.199219	1018.800781	-989.800781	-713.300781	-852.500000	39.922527	-4.272212	-31.062588	1.103342	2.419424	-9.325180	0	0	0	0	0	0
20470940212	-579.900391	-975.099609	1099.800781	-772.099609	-656.199219	-593.699219	46.916725	0.712967	-32.176140	0.880754	2.041700	-7.092335	0	0	0	0	0	0
20809037667	-356.699219	-324.400391	673.300781	-200.699219	-397.400391	-94.800781	32.773071	-3.155295	-15.504544	0.143186	0.394648	-1.731542	0	0	0	0	0	0
21139526672	-22.300781	2.800781	3.601562	13.398438	3.199219	-2.800781	1.764351	-3.102159	0.120685	-0.252654	-0.121612	0.061864	0	0	0	0	0	0
21485620364	-121.300781	775.500000	-180.099609	748.199219	45.398438	749.601562	1.973713	-7.156517	-37.490734	-1.717359	-1.266524	7.186573	0	0	0	0	0	0
21813480649	176.699219	1215.101562	-472.800781	1169.699219	-143.199219	1109.398438	-4.151748	-18.654163	-61.230274	-1.740885	-1.946493	10.866875	0	0	0	0	0	0
22192968871	-276.000000	336.199219	496.699219	379.500000	-114.099609	435.699219	12.600831	2.255134	27.182705	-0.392523	1.728174	3.164146	0	0	0	0	0	0
22598863223	201.199219	123.898438	104.300781	98.398438	534.199219	-13.400391	-13.757936	-5.507855	156.260605	-2.497316	0.841430	0.489974	0	0	0	0	0	0
23004777835	-734.099609	-231.500000	2004.500000	86.601562	-612.699219	321.101562	75.196602	-5.714023	114.753777	-1.387939	2.423474	0.217115	0	0	0	0	0	0
23414112434	-32.099609	248.898438	-678.500000	54.898438	1303.000000	-103.900391	-44.014317	21.067717	112.313469	-2.927683	-0.345638	0.305604	0	0	0	0	0	0
23777554794	1127.500000	974.199219	-3153.400391	551.800781	2056.500000	92.000000	-103.016579	6.397840	13.052069	-4.639449	-8.715462	4.546815	0	0	0	0	0	0
24169466287	2364.300781	1057.800781	-2065.599609	1048.398438	-463.099609	512.500000	-56.698479	-89.955948	-25.852608	-1.412544	-7.305693	8.118147	0	0	0	0	0	0
24574043154	551.199219	1025.101562	675.500000	1251.898438	-1267.199219	1263.199219	43.038548	-57.349995	7.181767	-1.329351	-0.964731	10.727637	0	0	0	0	0	0
24961504338	-1584.800781	598.800781	2413.800781	932.898438	-735.099609	1353.601562	101.588715	8.961508	31.594477	-2.699973	2.919502	8.348919	0	0	0	0	0	0
25357775021	-2856.400391	208.500000	1578.898438	156.101562	1418.101562	581.101562	64.881142	91.054405	41.869530	-5.460649	1.363466	1.981334	0	0	0	0	0	0
25777941063	-2363.699219	84.601562	190.601562	-246.300781	2286.300781	66.000000	11.918407	103.119896	32.438248	-5.421201	-1.335614	-1.168811	0	0	0	0	0	0
26163569165	-1445.400391	471.199219	-1575.500000	-172.300781	3101.300781	-63.400391	-58.645813	105.033371	27.588575	-5.457534	-4.161020	-0.157788	0	0	0	0	0	0
26579161270	-75.199219	786.601562	-2578.400391	176.800781	2680.500000	-31.000000	-101.231377	60.837654	16.900164	-3.680527	-4.639997	2.498863	0	0	0	0	0	0
26979743177	2143.500000	1265.800781	-2901.800781	997.898438	543.601562	447.199219	-104.861046	-53.869366	-27.021473	-1.267177	-5.832008	8.338994	0	0	0	0	0	0
27386100419	2960.800781	1006.300781	-2400.599609	922.800781	-674.199219	224.898438	-95.367981	-101.541054	-19.038729	0.620857	-3.476944	6.709086	0	0	0	0	0	0
27749755013	811.101562	857.199219	921.300781	1062.000000	-1828.099609	1082.300781	26.997929	-62.048939	-7.402032	2.063288	3.831709	9.275497	0	0	0	0	0	0
28158166037	1045.101562	768.699219	-1171.099609	670.601562	-93.199219	411.199219	-48.906513	-29.996311	-29.620003	0.372492	-1.540250	5.505579	0	0	0	0	0	0
28496890422	1746.101562	1008.398438	-3274.199219	604.101562	1255.601562	60.199219	-130.024673	-19.224787	-40.525391	-0.910724	-5.061147	4.867800	0	0	0	0	0	0
28829946907	249.898438	787.699219	-2837.300781	303.101562	2310.500000	21.699219	-93.558441	42.373264	-42.307030	-3.649175	-6.603774	2.424025	0	0	0	0	0	0
29228930888	-884.900391	305.601562	-1444.599609	-38.500000	2141.000000	-68.000000	-33.341145	61.791767	-26.457964	-4.399841	-5.251652	-0.384243	0	0	0	0	0	0
29618144619	-614.300781	-199.199219	1269.199219	73.601562	-723.199219	268.300781	66.120590	-6.979135	-12.733191	-0.537889	0.212540	0.309160	0	0	0	0	0	0
29907711358	-1370.800781	-233.500000	2233.199219	143.601562	-914.699219	537.500000	107.462280	6.522770	-8.084462	-0.981253	1.047132	1.146340	0	0	0	0	0	0
30258615706	-1388.400391	-266.599609	2435.300781	142.699219	-1088.000000	566.000000	117.343117	2.485532	-3.313624	-0.938537	1.139857	1.201117	0	0	0	0	0	0
30599884651	-1579.000000	-212.099609	2558.000000	227.199219	-1058.099609	682.898438	124.366783	6.597646	-7.830140	-1.263214	1.015508	1.915179	0	0	0	0	0	0
30995042075	-1673.099609	-227.599609	2702.398438	224.699219	-1134.300781	719.101562	131.608124	8.135575	-13.406306	-1.084500	1.159119	1.935972	0	0	0	0	0	0
31387492917	-1486.699219	-321.500000	2500.398438	101.199219	-1198.699219	568.601562	120.519325	2.729385	-28.647600	-0.615735	0.743909	0.827852	0	0	0	0	0	0
31811588598	733.500000	314.101562	-1546.199219	93.199219	742.000000	-173.699219	-67.865822	-0.776900	-10.388324	-0.119286	-1.603501	0.549671	0	0	0	0	0	0
32254505337	1211.398438	597.101562	-3223.400391	77.898438	1898.500000	-389.300781	-135.366730	15.218326	-12.065529	-0.977437	-3.744388	0.530023	0	0	0	0	0	0
32709356265	1317.398438	656.000000	-3466.099609	107.699219	2027.300781	-377.300781	-143.403793	15.031274	-16.337473	-1.064904	-4.146445	0.749705	0	0	0	0	0	0
33128334351	1112.601562	757.000000	-3039.800781	285.398438	1894.699219	-172.099609	-126.506378	15.249304	-0.721625	-1.412319	-3.989466	2.131263	0	0	0	0	0	0
33451127157	1337.398438	714.000000	-3368.199219	181.500000	2019.101562	-314.500000	-140.869843	12.966475	4.299507	-1.228719	-4.319333	1.354600	0	0	0	0	0	0
33828556697	1452.898438	449.699219	-2311.199219	197.699219	825.699219	-254.699219	-93.347206	-20.188080	-4.903515	-0.223768	-3.104345	0.875821	0	0	0	0	0	0
34242142318	1691.500000	198.300781	-930.199219	243.699219	-825.000000	-107.400391	-37.657848	-65.372948	-12.639361	1.498677	-1.084103	1.126863	0	0	0	0	0	0
34709608742	2412.000000	271.601562	-494.199219	457.300781	-1962.599609	70.898438	-20.610367	-114.101128	-9.220389	2.209603	-0.669245	2.743974	0	0	0	0	0	0
35006404823	3048.398438	446.699219	-715.599609	635.101562	-2351.699219	144.898438	-29.449989	-141.665741	-6.445871	2.298658	-1.126741	4.121058	0	0	0	0	0	0
35391903778	3119.699219	507.000000	-666.699219	687.898438	-2454.300781	206.398438	-29.275179	-144.702560	-3.073410	2.612340	-0.812979	4.669484	0	0	0	0	0	0
35741307103	3633.699219	717.800781	-836.699219	882.300781	-2817.699219	307.800781	-37.856190	-168.029053	-1.418024	2.956068	-0.897993	6.316179	0	0	0	0	0	0
36117631989	-152.800781	49.800781	298.398438	109.101562	-156.699219	135.300781	8.996546	4.286458	0.321028	0.386015	1.279170	0.583219	0	0	0	0	0	0
36514574205	-1798.900391	13.398438	960.601562	-51.599609	909.300781	214.601562	26.726818	74.397514	20.883739	-0.270166	3.366323	-0.062672	0	0	0	0	0	0
36912835154	-2140.000000	-132.199219	998.800781	-276.500000	1283.300781	43.398438	25.050629	93.365707	28.367668	-0.496673	3.499541	-1.837524	0	0	0	0	0	0
37322290353	-2174.099609	-163.699219	996.398438	-315.000000	1310.800781	8.500000	24.731441	95.426781	30.430372	-0.445015	3.523486	-2.164303	0	0	0	0	0	0
37644050060	-2109.900391	-162.199219	916.601562	-312.699219	1321.300781	-7.000000	22.816072	93.902542	28.205372	-0.502819	3.207949	-2.139882	0	0	0	0	0	0
38005748089	-2229.500000	-150.699219	852.398438	-341.099609	1487.898438	-13.800781	20.571741	101.635101	27.923248	-0.578159	3.111465	-2.289445	0	0	0	0	0	0
38335225033	-2659.099609	-113.400391	1102.500000	-342.199219	1699.500000	72.000000	26.111183	119.408302	37.468647	-0.693375	4.134392	-2.097003	0	0	0	0	0	0
38753999404	-2839.699219	-67.500000	1205.699219	-357.699219	1815.398438	105.898438	26.630577	128.047760	41.965828	-0.449301	4.706658	-1.913439	0	0	0	0	0	0
39148172909	-2707.199219	-17.800781	1195.300781	-306.300781	1766.300781	133.699219	22.965391	126.164421	57.432152	0.103642	4.902989	-1.492991	0	0	0	0	0	0
39525458353	-2572.000000	-38.599609	1270.199219	-304.400391	1598.500000	120.699219	22.750076	118.914116	61.140629	0.507734	5.482940	-1.569738	0	0	0	0	0	0
39958251469	-243.699219	-222.900391	281.000000	-189.099609	65.500000	-147.099609	5.447069	11.796193	15.373964	0.775807	1.023768	-1.651135	0	0	0	0	0	0
40364428174	-1571.699219	195.800781	801.101562	58.800781	1000.601562	292.500000	10.920171	77.412842	49.656200	0.999922	4.262558	1.235880	0	0	0	0	0	0
40750260332	-2622.900391	345.500000	1451.000000	89.800781	1516.898438	530.300781	25.520117	122.866562	77.427635	1.363247	6.576526	2.089035	0	0	0	0	0	0
41150654448	-2634.800781	424.800781	1367.699219	130.699219	1602.101562	582.699219	22.736637	124.458488	75.483284	1.230966	6.080206	2.782222	0	0	0	0	0	0
41559277685	-2575.400391	284.898438	1535.199219	12.601562	1431.500000	451.601562	21.269753	121.683182	87.323982	1.831847	7.835155	1.496259	0	0	0	0	0	0
41941922785	-2743.000000	272.199219	1503.898438	-22.900391	1612.601562	440.199219	22.340019	129.145737	83.781876	1.493181	7.365943	1.219341	0	0	0	0	0	0
42294996361	-1896.099609	135.398438	1083.800781	-15.199219	1060.101562	296.199219	19.138184	83.742783	50.139904	0.837684	4.408173	0.678943	0	0	0	0	0	0
42700173473	112.898438	37.199219	-52.099609	68.199219	-65.900391	37.300781	-1.349811	-6.596736	1.294834	0.078840	-0.085513	0.416617	0	0	0	0	0	0
43082858090	805.398438	209.601562	-81.800781	290.300781	-699.500000	188.800781	-5.589045	-38.171986	6.339561	1.334203	0.245193	2.248733	0	0	0	0	0	0
43497859210	3236.300781	0.398438	-447.099609	210.199219	-2775.099609	-203.599609	-18.484688	-142.428818	-1.246325	5.471143	-1.059347	0.595977	0	0	0	0	0	0
43889978566	3751.000000	-67.400391	-622.199219	147.199219	-3104.000000	-344.400391	-23.975267	-163.342636	-3.291794	6.116651	-1.737433	-0.275938	0	0	0	0	0	0
44293080532	4094.199219	-110.000000	-734.500000	103.101562	-3340.699219	-442.500000	-26.704538	-176.468796	-5.927253	6.668915	-2.202149	-0.787624	0	0	0	0	0	0
44669874918	4007.699219	-106.500000	-740.699219	105.398438	-3241.400391	-444.300781	-27.288713	-172.383835	-5.617209	6.546211	-2.223608	-0.833410	0	0	0	0	0	0
45084665713	4196.199219	-98.099609	-821.000000	107.601562	-3357.599609	-457.599609	-29.945412	-179.860199	-7.270844	6.759857	-2.460174	-0.851597	0	0	0	0	0	0
45493557756	4238.500000	-163.699219	-772.300781	57.800781	-3439.400391	-504.000000	-27.942175	-181.698090	-7.859182	6.979565	-2.388115	-1.329445	0	0	0	0	0	0
45870955587	4429.300781	-78.400391	-868.199219	122.300781	-3550.900391	-474.599609	-32.335484	-189.378006	-7.965829	7.124851	-2.522953	-0.753222	0	0	0	0	0	0
46262453461	4471.601562	-19.000000	-869.300781	196.300781	-3623.099609	-412.300781	-32.297455	-193.489975	-13.309286	7.142170	-2.460140	-0.163584	0	0	0	0	0	0
46644509310	4132.398438	85.898438	-919.599609	281.699219	-3232.400391	-312.900391	-33.251812	-175.022842	-14.706586	6.274808	-2.396234	0.564433	0	0	0	0	0	0
47034924000	496.500000	-96.000000	-212.199219	-28.599609	-264.099609	-139.900391	-6.111893	-16.122570	2.477767	0.997217	-0.504212	-1.112325	0	0	0	0	0	0
47405801703	-26.900391	-4.599609	146.500000	65.398438	-110.699219	36.101562	5.998099	-4.014310	-0.107510	-0.183948	0.250854	-0.040673	0	0	0	0	0	0
47799251897	383.398438	338.601562	-1823.000000	295.500000	284.601562	110.601562	-24.320269	-13.945388	-206.251099	-2.174780	-7.771704	2.057078	0	0	0	0	0	0
48193006156	530.601562	426.300781	-2406.099609	353.000000	442.199219	102.101562	-36.632519	-14.931194	-254.674454	-2.325528	-9.613184	2.269641	0	0	0	0	0	0
48584611097	345.699219	370.500000	-2328.400391	300.500000	487.500000	87.898438	-29.995352	-10.435895	-267.314117	-2.605932	-9.892588	1.881686	0	0	0	0	0	0
48996920532	344.199219	410.398438	-2613.800781	343.898438	514.601562	132.398438	-27.395100	-11.621910	-308.221283	-3.202815	-11.736537	2.254394	0	0	0	0	0	0
49407362452	-209.800781	148.500000	-1142.400391	134.699219	254.601562	54.601562	-5.138528	1.447417	-185.306808	-2.316387	-4.518298	0.424534	0	0	0	0	0	0
49832411893	-118.599609	16.898438	-73.699219	55.500000	131.800781	25.199219	0.600461	1.529658	-9.149705	-0.862105	-0.576652	-0.097000	0	0	0	0	0	0
50248789849	-5.199219	24.300781	-2.599609	63.398438	17.601562	26.699219	0.229806	-1.006865	-0.688273	-0.063315	-0.042546	-0.007533	0	0	0	0	0	0
50666101656	122.398438	73.898438	-1102.099609	23.898438	60.601562	-90.199219	-23.119629	-0.059020	-168.391388	0.566690	-2.718189	-0.249543	0	0	0	0	0	0
51069021052	65.500000	67.699219	-1263.500000	63.000000	-158.300781	-44.000000	-21.006071	-7.773843	-243.486359	0.056017	-3.118419	0.026097	0	0	0	0	0	0
51477454677	-25.800781	250.300781	-1359.599609	244.898438	-199.500000	129.199219	-25.024431	-12.467165	-279.650909	-0.955218	-2.592295	1.584371	0	0	0	0	0	0
51885150351	-200.000000	-262.699219	160.898438	-165.099609	-186.599609	-180.800781	9.243664	-1.493322	-41.110413	-0.334140	0.955841	-2.195138	0	0	0	0	0	0
52294348341	97.000000	-98.300781	136.800781	-93.300781	553.699219	-167.800781	-1.942541	5.198746	139.456741	-1.280094	-0.488071	-1.649768	0	0	0	0	0	0
52732824180	10.000000	-14.599609	145.000000	-43.000000	1041.000000	-140.699219	-7.056574	13.819691	214.940567	-2.708388	-0.925539	-1.206457	0	0	0	0	0	0
53140281006	117.800781	-152.699219	-137.900391	-96.599609	246.000000	-168.199219	-2.269017	-0.149016	34.541412	-0.273533	-1.334741	-1.507829	0	0	0	0	0	0
53521963339	-126.500000	-166.900391	255.398438	-22.300781	-182.599609	-41.599609	15.622593	-4.905766	-10.451959	-0.125576	0.261325	-1.136186	0	0	0	0	0	0
53917381417	-1213.800781	-656.400391	2387.898438	-203.699219	-1228.099609	176.898438	109.375389	-0.446814	-10.377983	0.552656	2.344226	-2.463195	0	0	0	0	0	0
54305026446	-1752.900391	-867.400391	3356.199219	-296.099609	-1691.300781	286.601562	159.506302	5.365044	-13.653179	1.032911	2.112798	-2.734243	0	0	0	0	0	0
54695109048	-2139.000000	-996.500000	3955.199219	-367.599609	-1880.199219	349.398438	187.748199	10.745949	-7.238456	1.083343	2.402276	-3.165561	0	0	0	0	0	0
55092318393	-2472.800781	-1099.400391	4216.500000	-417.199219	-1883.599609	333.300781	202.522141	18.184114	-21.549564	0.924831	2.137826	-3.826511	0	0	0	0	0	0
55513239538	-663.800781	-205.599609	1083.300781	-57.800781	-600.900391	72.101562	48.938934	1.808700	-26.978960	0.623782	1.016319	-0.385208	0	0	0	0	0	0
55914940472	898.000000	179.500000	-2020.800781	-118.599609	909.800781	-498.900391	-79.841980	-4.170189	-35.638710	-0.615553	-3.054746	-1.293649	0	0	0	0	0	0
56300584839	1913.699219	657.898438	-3895.199219	128.800781	1748.000000	-515.900391	-156.418655	-11.302750	-38.107559	-1.101688	-5.706300	0.615134	0	0	0	0	0	0
56684186586	1988.699219	744.800781	-4254.599609	147.699219	2073.300781	-528.300781	-169.919617	-6.033110	-32.820572	-1.579684	-6.185988	0.720982	0	0	0	0	0	0
57087359475	2049.800781	881.199219	-4485.500000	249.800781	2185.800781	-446.699219	-180.053772	-7.062946	-41.414280	-2.033534	-6.342156	1.743608	0	0	0	0	0	0
57503075173	1167.000000	354.000000	-1906.800781	124.800781	674.898438	-256.099609	-79.480759	-19.966606	-12.444088	-1.026126	-2.301203	0.345081	0	0	0	0	0	0
57770534324	330.601562	89.199219	-543.699219	35.101562	241.300781	-95.699219	-20.762741	-5.166466	1.634909	-0.333831	-0.576024	-0.338070	0	0	0	0	0	0
58055124372	2.800781	33.500000	3.601562	53.000000	10.000000	28.898438	0.617347	-0.994187	0.370616	-0.071996	-0.033423	-0.007833	0	0	0	0	0	0
58461847047	15.898438	40.898438	10.601562	67.300781	-14.800781	26.000000	0.555762	-2.644146	-0.509626	-0.117500	-0.086683	0.136640	0	0	0	0	0	0
58855409226	424.000000	-195.300781	135.699219	-98.000000	-512.599609	-158.599609	6.096977	-24.562357	2.787472	0.636230	0.036296	-1.624925	0	0	0	0	0	0
59243318040	2856.000000	-8.400391	-12.800781	234.300781	-2792.699219	-89.000000	1.002050	-145.122818	2.776203	3.101455	-0.630918	0.856579	0	0	0	0	0	0
59632151784	3716.500000	119.398438	-113.300781	362.601562	-3552.099609	-66.900391	-5.763424	-183.331284	1.735070	3.985802	-0.485906	1.715568	0	0	0	0	0	0
60025817072	3780.000000	125.699219	-75.199219	371.800781	-3674.300781	-40.400391	-5.127848	-188.818146	1.881883	4.098281	-0.241856	1.795456	0	0	0	0	0	0
60411464166	3779.898438	178.199219	-124.900391	430.500000	-3631.199219	1.601562	-6.996592	-189.174362	-0.930093	3.835711	-0.372639	2.247108	0	0	0	0	0	0
60785659762	4075.199219	234.000000	-165.599609	482.699219	-3895.300781	2.601562	-9.552423	-202.602005	-1.397782	4.073696	-0.385903	2.689350	0	0	0	0	0	0
61095404448	4072.601562	209.500000	-166.699219	453.699219	-3878.099609	-26.099609	-9.852707	-201.674393	-0.459103	4.146318	-0.309013	2.417599	0	0	0	0	0	0
61519694296	4050.300781	179.398438	-163.699219	421.699219	-3866.099609	-64.099609	-10.891891	-201.917694	-0.707058	4.068748	-0.143383	2.140002	0	0	0	0	0	0
61880003529	4270.601562	266.199219	-239.599609	505.500000	-4016.699219	3.898438	-14.453606	-211.489655	-0.718200	4.215822	-0.172467	2.788686	0	0	0	0	0	0
62274465729	4256.398438	230.000000	-242.900391	467.500000	-4008.800781	-54.800781	-15.623965	-208.591400	-1.901439	4.165179	0.008657	2.364628	0	0	0	0	0	0
62679836473	4398.000000	307.199219	-325.800781	541.000000	-4070.900391	2.398438	-20.003012	-215.714737	-1.880284	4.243862	0.019286	2.997770	0	0	0	0	0	0
63075019805	4422.000000	252.199219	-278.699219	485.699219	-4131.900391	-48.800781	-18.001692	-217.817825	-3.927419	4.168471	0.125715	2.483812	0	0	0	0	0	0
63459510048	4447.000000	282.500000	-305.099609	517.500000	-4132.300781	-41.199219	-19.466940	-218.919998	-3.233266	4.200694	0.026368	2.774292	0	0	0	0	0	0
63853311032	4473.800781	278.101562	-334.699219	511.398438	-4161.500000	-57.300781	-20.309898	-219.230240	-3.178301	4.251769	-0.046943	2.644937	0	0	0	0	0	0
64189504586	4475.000000	313.601562	-345.000000	546.601562	-4120.900391	-18.800781	-21.286266	-219.240265	-3.684623	4.256309	0.017419	2.988897	0	0	0	0	0	0
64589648245	4555.898438	404.500000	-392.099609	626.101562	-4161.199219	50.300781	-23.629568	-220.406067	-2.995764	4.347062	0.071216	3.777163	0	0	0	0	0	0
65007359457	111.601562	54.398438	29.398438	106.398438	-115.300781	53.898438	1.272690	-3.328456	1.890362	0.130278	0.034888	-0.094641	0	0	0	0	0	0
65388380810	35.398438	60.800781	23.500000	96.699219	-41.599609	41.898438	-0.389169	-1.632336	1.301126	0.116542	0.199900	-0.006251	0	0	0	0	0	0
65711216230	-1054.500000	190.601562	431.199219	88.699219	797.601562	193.898438	2.551621	56.634029	32.355175	0.613928	2.753010	0.715936	0	0	0	0	0	0
66078847737	-2394.900391	435.500000	855.898438	31.300781	1806.500000	413.699219	4.853126	125.423569	62.033367	1.108654	5.037364	1.774697	0	0	0	0	0	0
66469570380	-2601.599609	481.101562	955.500000	30.000000	1934.101562	473.601562	6.266977	135.474564	66.768776	1.197780	5.559631	2.007107	0	0	0	0	0	0
66855558900	-2776.699219	475.199219	1034.300781	-18.000000	2039.699219	480.398438	8.286308	145.095016	71.805687	1.417506	5.885637	1.791789	0	0	0	0	0	0
67263918484	-2775.300781	417.800781	1070.601562	-66.400391	2031.000000	428.199219	8.521698	144.604706	73.386948	1.510274	6.078332	1.313515	0	0	0	0	0	0
67647147506	-2702.599609	435.800781	997.898438	-48.400391	1990.199219	426.800781	5.912488	142.328308	68.187462	1.603158	5.933654	1.448558	0	0	0	0	0	0
68029921459	-2748.500000	428.500000	1027.000000	-78.400391	2024.898438	415.398438	4.631063	146.537766	70.078842	1.931413	6.308450	1.313846	0	0	0	0	0	0
68387463134	-2809.699219	364.398438	1163.199219	-131.500000	1977.199219	377.898438	8.217181	147.955795	76.171425	2.262249	6.815227	0.803873	0	0	0	0	0	0
68736813053	-2683.199219	380.101562	1090.300781	-94.300781	1913.000000	390.199219	6.007054	142.262756	73.347404	2.233384	6.580264	1.021428	0	0	0	0	0	0
69063547352	-2641.900391	372.199219	1024.601562	-109.400391	1925.398438	378.500000	4.509960	141.664444	69.347397	2.144358	6.363168	0.954052	0	0	0	0	0	0
69392480557	-2564.599609	371.601562	945.800781	-102.900391	1906.500000	361.699219	2.152896	139.376877	62.972721	2.338142	6.190117	0.874179	0	0	0	0	0	0
69737207371	-2479.599609	370.699219	876.300781	-85.800781	1856.601562	356.500000	-0.064195	136.340805	58.749847	2.401180	6.003445	0.947598	0	0	0	0	0	0
70063266639	-2486.199219	368.300781	836.601562	-99.400391	1885.601562	337.199219	-0.984893	137.387680	58.486610	2.462176	5.954101	0.859603	0	0	0	0	0	0
70390286316	-2513.000000	358.601562	865.101562	-109.300781	1891.800781	331.101562	0.307444	138.662292	59.399189	2.477044	6.033197	0.785722	0	0	0	0	0	0
70677774397	-2473.300781	360.898438	807.601562	-108.699219	1906.199219	327.300781	-1.633620	137.130798	56.559696	2.307935	5.805821	0.779988	0	0	0	0	0	0
71070236426	-2411.800781	356.300781	796.300781	-93.099609	1860.898438	322.101562	-1.134197	132.907043	53.916611	2.196883	5.598219	0.786131	0	0	0	0	0	0
71448906461	-2550.599609	387.699219	803.500000	-115.900391	1974.800781	337.398438	-1.746594	140.113358	56.715565	2.199162	5.772447	0.874871	0	0	0	0	0	0
71827697629	-2347.199219	323.101562	793.898438	-104.400391	1784.898438	299.800781	0.457719	127.296898	52.544342	2.006358	5.301375	0.636863	0	0	0	0	0	0
72197034522	-341.599609	94.300781	101.000000	99.000000	259.300781	114.800781	0.369422	15.564884	0.453602	0.199540	0.581607	0.503258	0	0	0	0	0	0
72631951993	1607.101562	-71.000000	-253.199219	80.199219	-1378.800781	-140.800781	-11.556475	-74.735130	-13.057122	2.259593	-0.248270	-0.240558	0	0	0	0	0	0
73042943334	3512.800781	38.101562	-366.500000	256.000000	-3159.199219	-180.500000	-17.704792	-161.800369	-9.249294	5.242349	-0.574641	0.756140	0	0	0	0	0	0
73455361154	4227.101562	80.101562	-569.300781	290.898438	-3696.199219	-259.300781	-27.431421	-191.002487	-13.735514	6.272490	-0.777644	0.849418	0	0	0	0	0	0
73868224414	4515.601562	106.199219	-711.800781	298.300781	-3857.199219	-302.000000	-32.988384	-202.502502	-14.503617	6.598305	-0.966136	0.804574	0	0	0	0	0	0
74285210205	4350.300781	74.101562	-704.599609	275.601562	-3717.699219	-296.599609	-30.631310	-195.431458	-17.941101	6.191092	-1.151073	0.529703	0	0	0	0	0	0
74672554739	4352.300781	30.500000	-724.800781	245.800781	-3700.300781	-338.699219	-31.173433	-195.628540	-21.441980	6.112218	-1.281869	0.127161	0	0	0	0	0	0
75042609797	4281.800781	30.398438	-735.800781	235.199219	-3620.800781	-356.800781	-32.344196	-191.198700	-22.556942	6.110018	-1.115854	0.041080	0	0	0	0	0	0
75441372386	4307.199219	13.601562	-692.000000	224.500000	-3702.099609	-346.699219	-29.862597	-193.737930	-21.894743	6.203306	-1.124620	-0.015051	0	0	0	0	0	0
75836372206	4345.199219	-0.699219	-689.300781	204.300781	-3729.300781	-358.099609	-30.197340	-194.175873	-22.531977	6.372761	-1.052188	-0.224708	0	0	0	0	0	0
76196828153	4305.000000	3.101562	-724.099609	207.199219	-3670.000000	-375.300781	-31.527250	-192.425308	-23.108780	6.279479	-1.099041	-0.232558	0	0	0	0	0	0
76598412664	4414.199219	18.699219	-740.300781	228.800781	-3744.800781	-380.000000	-31.902550	-196.949234	-23.800632	6.315691	-1.212713	-0.112311	0	0	0	0	0	0
76975038222	4380.699219	34.000000	-738.099609	237.601562	-3729.800781	-341.300781	-32.193729	-196.336136	-25.237488	6.340468	-1.137191	0.030930	0	0	0	0	0	0
77349822553	4375.398438	45.000000	-746.800781	255.800781	-3733.800781	-354.400391	-32.534531	-195.906494	-26.261293	6.282454	-1.175194	0.206025	0	0	0	0	0	0
77745257007	4447.800781	32.300781	-766.599609	238.101562	-3774.000000	-344.900391	-32.717213	-198.305710	-26.507156	6.347670	-1.247223	0.010756	0	0	0	0	0	0
78123363333	4384.800781	40.500000	-732.500000	246.699219	-3771.900391	-352.800781	-31.369987	-196.249649	-26.962563	6.307502	-1.118950	0.113641	0	0	0	0	0	0
78514470786	4316.898438	24.898438	-699.400391	230.199219	-3725.099609	-355.599609	-29.900116	-194.697479	-28.367628	6.214951	-1.153929	0.013882	0	0	0	0	0	0
78896671806	4251.300781	44.699219	-703.300781	249.699219	-3646.199219	-327.300781	-29.944731	-191.066956	-27.250347	6.131487	-1.148394	0.160281	0	0	0	0	0	0
79288550872	4199.101562	15.699219	-673.300781	222.398438	-3634.199219	-354.800781	-28.894295	-189.148865	-26.697598	6.174508	-1.031984	-0.048298	0	0	0	0	0	0
79683364920	4203.800781	21.398438	-684.300781	231.601562	-3623.099609	-334.000000	-29.011623	-189.233704	-26.179392	6.195889	-1.097907	0.019593	0	0	0	0	0	0
80067189924	4247.699219	33.800781	-713.500000	244.500000	-3648.699219	-320.500000	-30.459713	-189.925430	-27.345661	6.204554	-1.071065	0.088665	0	0	0	0	0	0
80446192464	4321.601562	19.898438	-714.300781	224.500000	-3721.099609	-362.300781	-30.946806	-192.616440	-27.745184	6.412646	-1.024898	-0.085376	0	0	0	0	0	0
80820522666	4430.199219	29.101562	-770.800781	217.898438	-3759.800781	-368.500000	-33.544689	-194.569809	-26.826630	6.576574	-1.139222	-0.171862	0	0	0	0	0	0
81227162931	436.199219	123.101562	-36.900391	185.601562	-368.599609	101.601562	-3.508963	-17.181171	4.689833	0.863033	0.388096	0.686161	0	0	0	0	0	0
81602104299	-1014.699219	223.199219	293.601562	117.398438	848.101562	214.601562	-0.114548	55.342911	24.572950	0.362724	2.178880	0.907986	0	0	0	0	0	0
81985348836	-2048.400391	307.000000	704.898438	28.000000	1471.601562	322.898438	8.649831	104.459930	33.722866	0.802375	3.712330	1.194939	0	0	0	0	0	0
82348062307	-2267.300781	308.898438	723.398438	-46.900391	1696.300781	307.199219	8.078944	117.768318	38.644295	0.760714	3.905841	0.868050	0	0	0	0	0	0
82757020390	-2494.800781	332.199219	854.898438	-63.199219	1824.000000	346.699219	10.292683	127.463921	44.870430	0.765998	4.403814	0.953170	0	0	0	0	0	0
83138937567	-2547.699219	313.398438	863.101562	-101.500000	1882.898438	327.398438	10.116178	130.314804	48.962132	0.691661	4.417972	0.743330	0	0	0	0	0	0
83523987635	-2521.199219	318.300781	813.500000	-105.800781	1904.101562	327.101562	7.321533	131.003204	47.858746	0.870530	4.518871	0.696645	0	0	0	0	0	0
83907179886	-2568.199219	326.398438	811.398438	-108.099609	1950.398438	324.601562	6.704241	134.336044	47.615326	1.003642	4.584149	0.688424	0	0	0	0	0	0
84312180699	-2528.900391	310.101562	847.699219	-117.800781	1882.601562	308.699219	7.165199	131.385391	48.139519	1.103536	4.722732	0.600321	0	0	0	0	0	0
84691848307	-2492.300781	289.898438	827.300781	-118.199219	1851.699219	308.000000	6.861596	129.818787	45.939514	1.138124	4.629759	0.488745	0	0	0	0	0	0
85013590128	-2394.900391	307.800781	741.898438	-106.699219	1843.000000	302.199219	3.900733	126.575333	43.088547	1.109634	4.411010	0.577706	0	0	0	0	0	0
85418570200	-2361.400391	317.398438	687.300781	-96.900391	1838.800781	299.500000	2.224834	125.803749	40.032009	1.216042	4.292696	0.612592	0	0	0	0	0	0
85784960092	-2371.900391	272.199219	704.300781	-141.300781	1826.300781	262.898438	2.771645	126.034752	41.221703	1.335551	4.486825	0.223018	0	0	0	0	0	0
86180607832	-2352.599609	277.101562	703.300781	-133.199219	1819.601562	259.500000	3.185883	125.090561	41.671028	1.199748	4.348223	0.277275	0	0	0	0	0	0
86565481325	-2219.300781	239.800781	652.398438	-135.199219	1729.500000	229.398438	2.093832	118.618759	38.709164	1.241977	4.116779	0.156871	0	0	0	0	0	0
86948293381	-2152.900391	221.101562	636.601562	-137.500000	1679.101562	211.699219	1.199438	115.437569	36.319553	1.248062	4.099766	0.019555	0	0	0	0	0	0
87331030202	-2133.599609	220.500000	600.601562	-137.500000	1685.398438	202.199219	0.116457	114.866508	35.382168	1.281023	4.043891	-0.010118	0	0	0	0	0	0
87697623386	-2116.500000	228.800781	566.601562	-143.199219	1687.699219	195.000000	-0.960053	113.725189	33.815792	1.221294	3.950338	-0.018256	0	0	0	0	0	0
88053476313	-2065.000000	181.500000	577.898438	-161.400391	1637.199219	164.101562	-0.147363	111.336929	33.532780	1.194089	3.907798	-0.285824	0	0	0	0	0	0
88451245167	-2105.500000	186.800781	596.000000	-165.900391	1669.898438	165.800781	0.714259	112.628159	36.548199	1.129623	3.972950	-0.275239	0	0	0	0	0	0
88828253529	-2157.199219	182.500000	628.601562	-179.199219	1685.800781	160.699219	2.063967	114.449104	37.330475	1.103399	4.035946	-0.395141	0	0	0	0	0	0
89205763927	-2046.400391	128.898438	651.898438	-177.599609	1558.500000	133.398438	3.656498	107.738914	36.668453	1.095691	3.885013	-0.598271	0	0	0	0	0	0
89585141959	-1882.199219	123.601562	605.199219	-149.099609	1426.199219	139.898438	4.534347	96.749725	31.279585	0.906576	3.294462	-0.432586	0	0	0	0	0	0
89954104565	-212.900391	-8.400391	133.101562	28.000000	109.500000	12.800781	1.324729	8.486743	0.567260	0.281122	0.658536	-0.220798	0	0	0	0	0	0
90347614209	-0.699219	-10.300781	31.398438	52.199219	-27.199219	12.699219	1.689807	-4.023188	-3.872436	-0.227680	-0.222094	-0.090787	0	0	0	0	0	0
90738556232	415.800781	209.101562	-771.000000	133.898438	356.101562	-42.199219	-34.545967	-3.541623	-4.085052	-0.133118	-0.874237	0.600639	0	0	0	0	0	0
91113738646	1001.199219	386.300781	-1980.199219	110.699219	913.699219	-246.500000	-85.294777	-4.583017	-11.522188	-0.146726	-2.184145	0.451955	0	0	0	0	0	0
91484014022	1122.101562	469.500000	-2524.199219	83.601562	1333.800781	-327.800781	-108.452667	2.750594	-10.254334	-0.387904	-2.831702	0.345010	0	0	0	0	0	0
91844617962	1497.000000	578.699219	-3148.900391	116.101562	1537.800781	-389.099609	-133.462540	-2.146528	-16.379320	-0.459150	-3.588508	0.567403	0	0	0	0	0	0
92221884976	1665.398438	673.000000	-3150.500000	235.800781	1339.601562	-298.000000	-131.710724	-12.979558	-23.136648	-0.440690	-3.726583	1.589920	0	0	0	0	0	0
92610658287	2117.398438	731.898438	-3004.800781	413.101562	684.898438	-176.500000	-124.477211	-42.944572	-32.387115	-0.012150	-3.658072	2.909315	0	0	0	0	0	0
92980744158	2061.101562	1148.500000	-2276.699219	959.500000	14.800781	436.398438	-94.017059	-58.486034	-31.754162	0.267794	-2.759710	7.622261	0	0	0	0	0	0
93368770553	2013.699219	1332.898438	-1809.000000	1230.898438	-489.800781	763.500000	-74.000252	-69.231529	-38.982304	0.737794	-1.938499	10.120772	0	0	0	0	0	0
93747258975	1941.898438	1770.000000	-1451.500000	1692.601562	-769.599609	1280.300781	-59.983467	-71.683876	-34.776360	0.895569	-1.538364	14.462461	0	0	0	0	0	0
94134914782	1303.601562	1183.800781	-846.199219	1142.800781	-624.800781	885.199219	-37.299557	-45.149055	-22.280479	1.282822	-0.448765	9.343624	0	0	0	0	0	0
94539273921	132.898438	-429.400391	342.300781	-320.800781	-486.900391	-343.500000	5.617651	-6.317876	-11.013264	1.871453	1.963798	-3.803217	0	0	0	0	0	0
94910643993	256.699219	-580.099609	471.300781	-419.900391	-768.599609	-419.900391	14.845889	-16.940443	-15.237659	2.070348	1.473578	-4.677396	0	0	0	0	0	0
95306108625	20.000000	-519.699219	437.398438	-382.199219	-512.500000	-374.900391	13.858076	-4.627870	-16.907576	1.566646	1.460727	-4.170876	0	0	0	0	0	0
95698701860	84.398438	43.699219	16.699219	81.601562	-46.099609	34.300781	-1.574343	-1.518080	5.335733	0.325696	0.097796	0.032265	0	0	0	0	0	0
96099362530	126.199219	-337.000000	786.601562	-277.599609	-1003.900391	-211.599609	-1.044294	7.673543	-21.947401	7.132338	7.234179	-2.769129	0	0	0	0	0	0
96507316438	559.601562	-417.599609	1449.601562	-374.300781	-2061.599609	-201.900391	-2.422216	4.991023	-13.219831	13.944386	13.183197	-3.022375	0	0	0	0	0	0
96923004793	119.199219	-191.699219	427.601562	-140.099609	-755.300781	-126.000000	-2.617620	0.338573	-40.024555	4.171781	4.332338	-1.606120	0	0	0	0	0	0
97318030352	-598.699219	4.898438	-580.699219	6.199219	902.000000	-61.400391	8.973115	11.726615	-52.174114	-6.232233	-5.684062	-0.705538	0	0	0	0	0	0
97702362110	-859.300781	251.800781	-1554.400391	115.101562	2111.800781	22.398438	2.987249	28.999477	-54.405807	-13.318566	-13.426722	0.444776	0	0	0	0	0	0
98097068587	0.000000	33.300781	16.500000	59.898438	-13.300781	3.398438	0.226124	1.883277	-2.149802	0.129972	0.121052	-0.039732	0	0	0	0	0	0
98486421226	-24.500000	-318.900391	185.398438	-243.699219	-246.599609	-288.099609	0.435632	-3.088610	-21.183100	0.295787	1.849348	-3.034788	0	0	0	0	0	0
98895791856	-596.500000	-366.500000	790.000000	-197.699219	-249.500000	-133.500000	30.164427	2.553674	-14.713307	-1.374186	1.724662	-2.578962	0	0	0	0	0	0
99275852912	-274.800781	-688.900391	252.199219	-579.699219	-40.199219	-591.500000	13.408117	4.676956	-22.534122	-0.524703	0.011488	-6.074256	0	0	0	0	0	0
99650102620	-434.900391	-995.699219	399.500000	-851.599609	-24.500000	-837.599609	20.945484	7.728891	-24.938679	-0.852388	0.080275	-8.729094	0	0	0	0	0	0
100010079646	-279.699219	-599.599609	300.101562	-491.800781	-58.400391	-498.199219	14.553368	-0.465013	-15.660637	-0.862645	0.256481	-4.968134	0	0	0	0	0	0
100419740466	-64.599609	161.898438	125.199219	203.000000	-89.199219	195.199219	7.408480	-2.763907	-6.201683	0.115049	-0.063919	1.461296	0	0	0	0	0	0
100749868376	18.601562	602.199219	-216.800781	565.000000	65.601562	491.601562	-12.798883	-4.013206	-19.055420	-0.715407	0.709909	4.927473	0	0	0	0	0	0
101072916061	-18.800781	912.500000	-477.599609	801.199219	269.398438	692.000000	-28.266237	-1.661994	-29.284191	-1.347200	1.311889	7.173154	0	0	0	0	0	0
101423950399	-33.300781	755.898438	-349.099609	680.300781	254.699219	584.000000	-20.644819	0.016067	-14.863618	-1.156371	0.932418	5.498159	0	0	0	0	0	0
101808417044	1.500000	54.300781	32.398438	83.398438	-19.400391	35.601562	2.080749	-1.992630	1.958750	-0.081281	0.059874	0.172182	0	0	0	0	0	0
102109584801	-592.699219	-100.699219	1149.101562	120.000000	-516.599609	263.101562	48.841446	-1.613577	5.320883	-0.468780	1.227458	0.457431	0	0	0	0	0	0
102390668202	-1625.199219	-290.400391	2621.398438	137.800781	-971.699219	555.199219	116.212517	10.067853	7.304844	-1.226238	2.752161	0.760489	0	0	0	0	0	0
102639607879	-2015.099609	-315.599609	3160.898438	184.398438	-1155.099609	712.601562	142.264374	14.218236	3.121549	-1.370093	2.781529	1.286737	0	0	0	0	0	0
102981740047	-1990.500000	-183.699219	3210.199219	313.398438	-1202.599609	837.300781	140.728790	10.341957	10.236375	-1.662320	3.419370	2.445258	0	0	0	0	0	0
103314631758	-2163.099609	-290.400391	3393.398438	220.699219	-1221.099609	783.199219	148.679260	13.430300	8.705335	-1.825829	3.377235	1.692694	0	0	0	0	0	0
103700443959	-2246.599609	-351.199219	3528.898438	200.000000	-1277.900391	777.300781	154.563782	13.888125	11.172629	-1.817353	3.739419	1.359726	0	0	0	0	0	0
104059068125	-2203.599609	-375.500000	3479.699219	157.699219	-1252.199219	725.500000	151.447571	13.498021	10.979936	-1.813062	3.769808	1.066593	0	0	0	0	0	0
104450069606	-1214.300781	-314.699219	1903.199219	-23.099609	-712.000000	267.199219	83.333588	7.872665	1.304528	-0.660440	1.511743	-0.496721	0	0	0	0	0	0
104824544444	231.601562	176.699219	-673.800781	55.398438	427.699219	-107.300781	-30.789965	1.237449	-0.842351	-0.447482	-0.661373	0.208506	0	0	0	0	0	0
105216444303	774.000000	335.101562	-2004.099609	-10.199219	1211.800781	-368.599609	-89.322380	5.975512	-1.082168	-0.973336	-1.739956	-0.361265	0	0	0	0	0	0
105591562252	980.699219	413.101562	-2287.500000	27.199219	1334.500000	-400.400391	-105.385216	3.734878	9.089337	-0.967452	-1.405904	-0.091493	0	0	0	0	0	0
105951366913	1089.398438	470.500000	-2526.599609	42.000000	1479.898438	-412.099609	-116.376183	4.280123	10.272518	-1.085512	-1.560732	0.025261	0	0	0	0	0	0
106352203748	1117.500000	468.000000	-2565.599609	33.699219	1489.300781	-417.900391	-118.102570	3.479429	9.470925	-1.212327	-1.687653	-0.043992	0	0	0	0	0	0
106746434785	1194.601562	543.398438	-2841.000000	65.101562	1654.601562	-417.099609	-128.447632	5.008901	8.327758	-1.376760	-2.005549	0.220380	0	0	0	0	0	0
107068308115	1272.101562	598.699219	-2911.199219	133.500000	1640.000000	-386.400391	-130.443985	1.693712	3.704843	-1.475545	-2.414306	0.739138	0	0	0	0	0	0
107444782941	1820.898438	1050.500000	-3047.099609	626.300781	1154.000000	61.800781	-129.753708	-26.971336	-5.865583	-1.113852	-3.201571	5.245435	0	0	0	0	0	0
107833014394	1380.898438	930.199219	-1540.300781	833.300781	-71.800781	468.199219	-50.254593	-46.914566	-34.840992	-0.780065	-3.527664	6.585235	0	0	0	0	0	0
108200649466	70.398438	15.300781	701.398438	77.898438	-1168.900391	138.500000	3.848341	-3.263791	-73.231171	6.100984	6.966663	0.596562	0	0	0	0	0	0
108544676092	514.699219	153.601562	79.898438	166.898438	-1354.500000	135.199219	-11.312265	-15.127180	-136.610046	6.507824	4.554058	1.420758	0	0	0	0	0	0
108889008670	-74.199219	349.800781	-2398.000000	229.199219	1613.300781	31.300781	-2.138042	9.932642	-151.627991	-9.460645	-16.987856	1.235003	0	0	0	0	0	0
109267862888	-835.699219	-21.900391	1335.800781	104.000000	-1217.000000	280.300781	20.198950	9.545550	-125.822380	3.882371	10.646925	0.745193	0	0	0	0	0	0
109683359208	-1511.800781	-74.800781	1508.101562	68.000000	-892.300781	232.398438	15.435910	6.518637	-158.332672	-2.044464	12.897456	0.418130	0	0	0	0	0	0
110067895028	-1598.000000	-91.599609	831.500000	38.199219	123.300781	28.000000	-1.249108	-6.925808	-107.028702	-9.324190	8.788709	-0.614108	0	0	0	0	0	0
110408306797	812.601562	89.101562	-845.400391	81.101562	-673.400391	118.601562	23.568436	1.534457	-128.775208	9.240644	-8.549132	0.790148	0	0	0	0	0	0
110747210467	669.500000	-106.300781	-587.099609	-70.400391	-426.699219	-131.800781	15.787804	-16.709822	-61.396667	3.110617	-5.999097	-1.115111	0	0	0	0	0	0
111060625268	512.199219	83.500000	428.500000	347.699219	-1193.300781	304.300781	45.412865	-62.549255	-46.471603	-2.433779	-3.317712	2.242212	0	0	0	0	0	0
111386043749	-634.500000	-260.500000	0.300781	-317.300781	635.000000	-297.099609	2.574976	33.614799	-2.848923	-0.466599	-0.366674	-3.324143	0	0	0	0	0	0
111720455819	-281.400391	-86.300781	62.000000	-91.099609	225.101562	-123.000000	3.015426	8.762337	-1.963391	-0.416701	0.062163	-1.232240	0	0	0	0	0	0
112052655421	-1169.400391	-1163.500000	2167.101562	-729.000000	-1008.800781	-443.800781	94.212852	-5.297280	-12.039330	-1.276493	2.697059	-7.498841	0	0	0	0	0	0
112452395698	-1899.400391	520.199219	2377.699219	804.199219	-702.500000	1279.000000	100.453079	34.020756	-24.371683	0.628100	3.595188	7.454916	0	0	0	0	0	0
112818078802	445.300781	373.398438	385.199219	516.199219	-925.199219	485.699219	18.289303	-40.034477	-13.573478	0.353847	0.021846	4.165070	0	0	0	0	0	0
113193684245	1384.398438	209.000000	-235.500000	311.300781	-1179.699219	90.199219	-8.533557	-69.180336	1.227431	1.136963	-0.160834	1.602035	0	0	0	0	0	0
113585891901	2252.898438	-9.500000	-523.400391	114.300781	-1649.500000	-231.400391	-22.885750	-99.316910	9.937768	2.260512	-0.565155	-0.284864	0	0	0	0	0	0
113978640096	-727.300781	447.699219	1850.199219	767.000000	-1328.800781	1113.800781	99.865654	-10.664758	-28.587236	1.484626	-0.601517	6.858523	0	0	0	0	0	0
114322947253	-1911.400391	418.699219	427.800781	201.601562	1318.800781	431.500000	16.752968	84.011749	-18.399628	-1.289163	1.080067	2.584809	0	0	0	0	0	0
114647637958	-1935.599609	-87.900391	1442.398438	12.898438	331.101562	329.000000	68.262863	53.404610	-25.646357	-1.311069	1.033753	0.023151	0	0	0	0	0	0
114974567078	-1531.199219	-381.099609	1955.898438	-54.500000	-570.699219	289.000000	95.262215	20.712578	-24.132717	-0.600734	0.705275	-0.701942	0	0	0	0	0	0
115316347945	-992.400391	287.300781	2206.300781	590.000000	-1545.099609	951.699219	79.724724	1.310552	-51.989853	3.632420	6.066092	5.313651	0	0	0	0	0	0
115655407810	-102.000000	7.199219	825.699219	123.898438	-1010.300781	209.300781	20.736448	-9.609593	-49.248123	3.349946	4.163590	0.876800	0	0	0	0	0	0
115980291509	-572.800781	87.500000	-172.400391	71.500000	366.898438	-31.800781	-17.346519	-3.452444	-65.516396	-4.980759	2.522441	0.050656	0	0	0	0	0	0
116306503999	-281.500000	18.300781	15.898438	40.500000	17.398438	-42.699219	-8.908794	-7.791197	-40.114159	-2.456500	1.987926	-0.198535	0	0	0	0	0	0
116635448761	199.300781	-37.199219	607.199219	-16.500000	-1286.599609	35.000000	-2.329246	-4.008003	-81.895477	7.156080	6.902576	-0.040045	0	0	0	0	0	0
116989288399	2189.800781	496.699219	-981.500000	532.500000	-1460.300781	243.000000	-14.779199	-73.075089	-42.307014	6.881135	-5.080876	4.196815	0	0	0	0	0	0
117346007251	3957.101562	614.800781	-1378.800781	676.800781	-2810.699219	148.500000	-30.809464	-140.055511	-38.340672	10.336084	-5.719085	4.464353	0	0	0	0	0	0
117708535556	2148.300781	-808.500000	-182.099609	-630.800781	-1905.699219	-916.199219	-9.359004	-93.934807	-1.983316	4.361548	0.101555	-7.142859	0	0	0	0	0	0
118055645137	637.101562	-480.800781	-10.000000	-387.000000	-697.599609	-507.300781	3.384013	-29.121265	-19.192072	1.500026	0.037776	-4.365137	0	0	0	0	0	0
118375483723	-1375.099609	-407.099609	-202.500000	-570.800781	1446.500000	-499.599609	4.695296	59.319206	-22.974567	-3.583653	-2.192278	-5.118874	0	0	0	0	0	0
118794099943	-2978.000000	669.199219	845.398438	355.500000	2035.300781	731.898438	26.347612	97.902771	4.626743	-7.810707	2.125116	4.646278	0	0	0	0	0	0
119177965515	-1299.000000	-933.099609	2596.300781	-514.599609	-1232.099609	-201.400391	82.341064	-3.383918	5.553847	0.707119	7.362010	-5.321273	0	0	0	0	0	0
119564596592	1030.601562	-21.400391	80.898438	82.898438	-1257.099609	-30.599609	-0.676383	-47.285217	-25.532324	3.294117	1.664221	-0.247335	0	0	0	0	0	0
119923688241	646.500000	-188.800781	136.898438	-124.199219	-1155.800781	-214.699219	-9.417330	-30.951977	-65.801277	4.018407	4.141921	-1.638071	0	0	0	0	0	0
120296095388	198.699219	231.101562	-860.900391	213.398438	80.000000	136.699219	8.810352	-8.775072	-99.948685	-0.134684	-6.807597	1.666154	0	0	0	0	0	0
120689052417	-900.300781	263.199219	410.000000	248.500000	-190.400391	290.601562	-1.441980	15.643863	-112.853554	-0.019835	6.357961	2.037511	0	0	0	0	0	0
121075963830	-515.800781	9.000000	435.101562	57.898438	-612.400391	86.199219	-1.332630	0.636258	-117.755569	1.086808	5.917432	0.317769	0	0	0	0	0	0
121429631413	89.601562	401.500000	-1902.099609	334.000000	1051.898438	132.800781	-2.893977	-6.661400	-131.178314	-7.444691	-12.686474	2.271007	0	0	0	0	0	0
121799551011	389.500000	-106.300781	391.601562	-104.400391	-1372.099609	-99.500000	-13.201956	-2.237187	-106.876923	8.830348	7.350659	-0.939981	0	0	0	0	0	0
122190401506	2073.800781	132.000000	-2026.599609	31.300781	-702.300781	-246.199219	-20.907152	-32.865494	-121.125809	10.050786	-11.790556	-0.217802	0	0	0	0	0	0
122550179954	2380.000000	120.800781	-2651.900391	-29.000000	-441.599609	-372.699219	-29.619028	-31.850039	-133.025940	10.435870	-14.042373	-1.050347	0	0	0	0	0	0
122921175564	125.199219	2.699219	-260.900391	-21.300781	-357.599609	-114.099609	-17.910030	-7.107232	-88.307877	1.629780	2.348339	-0.669365	0	0	0	0	0	0
123296374904	-737.500000	-306.800781	-772.900391	-359.699219	970.199219	-339.900391	24.847620	30.589840	-99.828506	-3.162338	-8.386228	-3.750962	0	0	0	0	0	0
123668960818	-2057.699219	48.601562	140.800781	-169.800781	1574.800781	118.500000	25.762777	89.746086	-50.979290	-2.307962	-2.418896	-0.633668	0	0	0	0	0	0
124035144393	-2670.300781	-15.500000	2055.000000	116.000000	433.800781	597.601562	92.872147	73.601524	-20.773077	-1.455057	2.298844	1.351234	0	0	0	0	0	0
124419101567	-930.000000	-65.300781	2075.898438	354.898438	-1368.300781	698.398438	111.622635	-15.131723	-39.961803	-0.092453	-0.200244	3.107998	0	0	0	0	0	0
124801453964	-2016.699219	477.398438	1942.500000	630.199219	-194.099609	1042.699219	80.977409	51.893871	-34.337074	0.575751	3.631274	6.097646	0	0	0	0	0	0
125187179695	-1707.800781	-595.000000	1987.699219	-304.300781	-383.199219	38.398438	88.284622	27.831987	-16.872131	-0.821608	1.911691	-3.438234	0	0	0	0	0	0
125571036078	-1411.900391	-252.199219	1774.500000	8.000000	-450.900391	313.199219	82.340469	19.657064	-11.530005	-0.767897	1.167857	0.543056	0	0	0	0	0	0
125932412809	-1332.699219	699.398438	1846.601562	895.699219	-669.300781	1215.699219	76.635361	20.195793	-12.699648	0.746995	2.880222	8.391014	0	0	0	0	0	0
126341659004	1392.699219	1003.699219	-2336.400391	709.101562	670.898438	260.398438	-91.418877	-30.523855	-38.150841	-1.486675	-3.658490	5.931937	0	0	0	0	0	0
126688345343	1351.101562	730.500000	-2574.000000	431.300781	997.898438	-34.000000	-92.350311	-16.275698	-32.279972	-0.626314	-5.146762	2.471694	0	0	0	0	0	0
127051594472	1519.500000	-449.500000	-2707.000000	-740.500000	1145.699219	-1169.800781	-80.058128	-9.158338	-15.971828	1.027789	-7.912678	-7.598756	0	0	0	0	0	0
127417470537	2702.398438	2076.199219	-4857.400391	1639.398438	1658.500000	947.500000	-110.411690	-26.099171	-72.736740	-1.419854	-19.198902	13.523725	0	0	0	0	0	0
127786752481	2452.300781	57.699219	-2556.800781	-85.099609	-209.400391	-504.199219	-53.805870	-41.261490	-65.997345	7.684378	-11.210633	-2.073443	0	0	0	0	0	0
128127769808	3503.101562	330.101562	-3342.800781	241.101562	-549.099609	-416.599609	-73.843002	-77.533134	-83.024429	8.301225	-14.332301	-0.044916	0	0	0	0	0	0
128500153507	1537.101562	726.300781	-2590.400391	573.601562	537.500000	143.398438	-60.757996	-36.283440	-93.060539	-1.269069	-9.374251	3.645704	0	0	0	0	0	0
128877057548	-1608.800781	126.898438	-89.000000	-129.599609	1569.398438	49.300781	-4.242740	82.801483	-20.951248	-1.340140	0.054214	-0.739932	0	0	0	0	0	0
129298148292	-2411.599609	116.699219	516.300781	-167.699219	1760.000000	210.898438	19.901871	104.078133	-21.018656	-1.838276	0.650468	-0.542076	0	0	0	0	0	0
129726624873	342.601562	-33.500000	926.300781	42.398438	-738.300781	64.898438	-5.333807	-7.038527	92.552307	4.764145	7.482120	-0.061634	0	0	0	0	0	0
130116186526	105.199219	217.000000	516.199219	234.300781	541.898438	171.601562	-15.363300	5.979729	206.718124	-0.240485	3.608173	1.275347	0	0	0	0	0	0
130501623519	-3.000000	67.000000	349.699219	189.199219	-498.000000	212.199219	7.342709	-3.817938	-30.445410	2.460947	2.450362	1.077656	0	0	0	0	0	0
130868541674	5.601562	130.398438	-443.000000	239.699219	-118.199219	214.500000	8.883661	-7.169629	-100.616623	-0.599303	-3.934594	1.309922	0	0	0	0	0	0
131236367216	235.000000	303.601562	-1111.099609	279.101562	542.398438	151.300781	-13.107576	-4.915025	-59.780785	-2.067863	-5.499842	1.685849	0	0	0	0	0	0
131631620009	-132.199219	-93.300781	301.601562	-1.199219	-835.599609	12.300781	-7.890387	-3.689968	-121.136078	3.468847	5.913754	-0.573415	0	0	0	0	0	0
132016551590	1961.898438	5.300781	-2230.500000	-32.099609	-486.300781	-261.000000	-22.174864	-23.956585	-145.158340	9.990107	-12.717046	-1.234948	0	0	0	0	0	0
132380802031	-509.900391	60.800781	225.000000	115.500000	-472.800781	142.898438	-7.580714	12.747148	-135.634552	1.771237	6.267408	0.551454	0	0	0	0	0	0
132759360371	-1393.900391	-56.300781	590.800781	69.300781	-218.599609	248.000000	31.783239	30.572832	-178.945374	-1.299647	2.551367	0.076571	0	0	0	0	0	0
133141036845	-550.500000	91.398438	-1239.500000	42.199219	1117.398438	42.601562	8.889002	26.762119	-123.875420	-4.681882	-9.253970	-0.054327	0	0	0	0	0	0
133544192436	-1910.000000	-75.500000	992.898438	89.601562	287.000000	123.800781	0.123255	0.928685	-104.888008	-9.778790	9.711236	-0.297144	0	0	0	0	0	0
133903125172	982.000000	-9.699219	-1030.699219	11.300781	-345.500000	-73.099609	0.360751	-11.734838	-76.753601	5.478125	-7.481679	-0.407781	0	0	0	0	0	0
134298485446	1722.101562	-20.500000	-1064.900391	-7.599609	-1453.900391	-129.099609	-6.647449	-24.434587	-152.039856	13.459892	-4.351533	-0.229934	0	0	0	0	0	0
134669296005	276.500000	6.398438	-215.699219	48.398438	-201.599609	-3.800781	-2.283853	-5.839235	-21.801851	1.645438	-0.723339	-0.196873	0	0	0	0	0	0
135042133310	3.601562	21.800781	-21.500000	79.601562	19.601562	42.000000	1.034785	-2.888756	0.618353	-0.112559	-0.046260	-0.010718	0	0	0	0	0	0
135412462055	-3.699219	17.800781	-20.300781	79.699219	23.800781	39.898438	1.090883	-2.665777	0.865587	-0.124119	-0.042313	-0.011048	0	0	0	0	0	0
135800212995	-1.500000	21.398438	-16.099609	75.398438	30.101562	42.601562	0.984841	-2.617612	0.665555	-0.123729	-0.045138	-0.014099	0	0	0	0	0	0
136199852308	1.898438	15.000000	-14.900391	80.699219	25.199219	47.199219	0.979143	-2.789647	0.933850	-0.127507	-0.039957	-0.015081	0	0	0	0	0	0
136591429668	-8.699219	17.500000	-14.199219	77.101562	24.300781	42.601562	0.936310	-2.624479	0.706818	-0.130905	-0.040725	-0.014743	0	0	0	0	0	0
136975354156	-2.699219	17.699219	-10.300781	77.500000	22.800781	43.101562	1.214112	-2.599113	0.091251	-0.128254	-0.036815	-0.006946	0	0	0	0	0	0
137354059687	-6.699219	17.300781	-15.000000	75.800781	20.500000	39.398438	0.997929	-2.625421	0.447171	-0.129698	-0.048437	-0.008927	0	0	0	0	0	0
137777929800	-2.099609	23.199219	-18.099609	78.500000	22.699219	45.898438	0.958591	-2.675959	0.280538	-0.130655	-0.045493	-0.012440	0	0	0	0	0	0
138118994980	0.101562	20.398438	-13.400391	78.101562	20.101562	46.500000	1.053852	-2.763513	0.709176	-0.132014	-0.045842	-0.012948	0	0	0	0	0	0
138482719122	-1.699219	22.601562	-20.199219	78.500000	28.199219	47.800781	1.017524	-2.627121	0.823376	-0.130310	-0.038062	-0.014256	0	0	0	0	0	0
138786322178	-4.800781	15.800781	-17.500000	74.800781	18.500000	48.800781	1.051293	-2.735567	1.868037	-0.131876	-0.046030	-0.021621	0	0	0	0	0	0
139097381304	-3.599609	16.199219	-12.500000	76.800781	28.398438	41.699219	1.179712	-2.515673	0.171524	-0.126407	-0.043901	-0.008099	0	0	0	0	0	0
139388171845	-3.099609	17.601562	-11.800781	77.000000	22.300781	42.800781	1.025097	-2.723511	0.749443	-0.132348	-0.043856	-0.012807	0	0	0	0	0	0
139693525067	-7.900391	22.199219	-12.000000	74.699219	18.000000	41.699219	1.164731	-2.788340	-0.175148	-0.130935	-0.047945	-0.004110	0	0	0	0	0	0
