1449909	1.800781	7.101562	-6.300781	-3.000000	1.898438	4.601562	0.019376	0.086003	0.467752	-0.002060	-0.000229	-0.003170	0	0	0	0	0	0
116223779	8.800781	6.800781	-0.599609	7.101562	2.601562	5.398438	0.076305	0.070589	-0.119747	0.002401	0.000548	-0.000611	0	0	0	0	0	0
246292347	1.601562	6.199219	-2.900391	-4.500000	1.898438	-0.099609	0.328806	0.141618	0.045992	0.001380	-0.000576	0.002687	0	0	0	0	0	0
421344786	7.898438	1.500000	-2.099609	-3.699219	3.398438	1.000000	0.172691	0.225698	0.845340	0.005309	-0.000726	-0.008728	0	0	0	0	0	0
594032764	2.000000	5.398438	-2.599609	-0.500000	4.199219	6.500000	0.020444	0.039106	-0.276427	0.002829	-0.005177	-0.001247	0	0	0	0	0	0
738237524	0.101562	4.101562	-0.099609	1.500000	7.398438	11.500000	0.021226	0.074874	0.532215	0.001120	0.000146	-0.008161	0	0	0	0	0	0
898796037	8.300781	8.601562	-4.199219	-2.099609	5.199219	3.300781	0.060683	0.169544	0.550385	-0.003564	-0.008883	-0.004415	0	0	0	0	0	0
1054782946	2.898438	5.398438	2.101562	0.898438	1.101562	3.300781	-0.027806	0.092275	-0.075660	-0.000011	-0.002362	-0.000435	0	0	0	0	0	0
1204961779	4.398438	3.300781	-3.199219	-4.300781	1.398438	-1.199219	0.101996	0.023757	-0.001176	0.007276	-0.001910	0.001510	0	0	0	0	0	0
1361892527	3.601562	3.500000	-1.400391	-4.599609	4.300781	3.000000	-0.078647	0.052869	0.546600	-0.004236	-0.005684	-0.004716	0	0	0	0	0	0
1512196162	4.898438	8.199219	1.000000	-0.199219	5.101562	6.500000	-0.164135	0.066245	-0.428729	0.003226	-0.000287	0.000978	0	0	0	0	0	0
1677900477	4.699219	3.398438	2.000000	-0.099609	-0.500000	4.699219	0.119214	0.143362	-0.039252	0.004819	-0.001652	-0.000130	0	0	0	0	0	0
1854521372	2.300781	7.199219	3.000000	-2.800781	2.500000	4.898438	0.080718	0.087314	-0.231886	0.001770	-0.009254	-0.000433	0	0	0	0	0	0
2060007442	3.101562	9.601562	-4.000000	2.800781	6.898438	10.898438	0.148443	-0.005664	0.768357	-0.000910	-0.005090	-0.008149	0	0	0	0	0	0
2274348024	5.000000	17.199219	5.601562	1.800781	8.101562	2.000000	0.136813	0.067218	0.080624	0.001608	-0.006091	-0.000103	0	0	0	0	0	0
2467226039	-1.099609	2.000000	2.699219	-3.300781	3.500000	-2.599609	0.101992	0.148768	-0.155132	0.002277	0.000699	0.000219	0	0	0	0	0	0
2655499870	6.500000	6.398438	1.500000	0.898438	8.101562	6.000000	0.175804	0.126643	-0.155256	0.000058	-0.003024	-0.000764	0	0	0	0	0	0
2836740507	6.500000	4.898438	3.101562	4.898438	7.101562	5.199219	-0.001615	0.123570	0.242142	-0.001093	0.000972	0.001247	0	0	0	0	0	0
3024291838	0.699219	4.898438	3.500000	-1.000000	3.101562	-0.699219	0.313288	0.055259	0.078383	-0.000455	0.006858	0.001517	0	0	0	0	0	0
3228955906	-1.900391	5.699219	0.000000	-3.000000	1.398438	1.800781	-0.017380	0.093421	-0.304447	0.002538	-0.011144	0.001680	0	0	0	0	0	0
3433927325	5.199219	6.898438	3.000000	-4.699219	2.398438	6.800781	0.099911	0.007349	-0.356782	0.003880	-0.002805	-0.000602	0	0	0	0	0	0
3628794876	6.199219	2.500000	-0.400391	0.500000	-1.599609	-3.900391	0.090235	0.201255	-0.259508	0.001341	-0.001449	0.004752	0	0	0	0	0	0
3805331041	7.101562	5.199219	-1.199219	-0.099609	2.898438	4.699219	0.040903	0.097740	-0.032173	0.001313	-0.000006	0.002501	0	0	0	0	0	0
3962515003	-4.699219	1.898438	-2.300781	-4.099609	0.601562	1.601562	0.119789	0.073208	0.811486	0.002342	0.000061	-0.005433	0	0	0	0	0	0
4148517042	1.000000	1.898438	5.398438	-6.099609	-5.199219	1.000000	0.197555	-0.021976	-0.037057	0.016846	0.015989	-0.006929	0	0	0	0	0	0
4332222407	7.699219	4.699219	8.000000	-0.900391	-8.199219	-3.400391	-0.112276	-0.206859	-0.082446	0.036363	0.032471	0.018574	0	0	0	0	0	0
4516799137	4.699219	6.699219	19.800781	-1.599609	-16.300781	8.000000	0.570735	-0.447312	0.330138	0.042801	0.055129	0.004408	0	0	0	0	0	0
4695888208	-21.599609	-34.699219	-62.400391	-67.599609	103.000000	-62.900391	-3.044322	4.168055	1.637738	0.009993	-0.037883	-0.611202	0	0	0	0	0	0
4873597797	-440.300781	-331.099609	327.101562	-370.599609	313.800781	-298.500000	1.329420	26.124504	30.540129	0.981286	1.898808	-3.358106	0	0	0	0	0	0
5055157189	-361.000000	-200.000000	396.800781	-260.400391	358.601562	-182.000000	1.256988	25.229807	67.689972	1.115654	1.778995	-2.152149	0	0	0	0	0	0
5252541500	493.199219	86.398438	101.101562	37.800781	-209.800781	6.398438	-15.718398	-6.784579	67.022293	2.627709	2.294504	0.572160	0	0	0	0	0	0
5458881892	1174.601562	624.699219	-995.099609	541.898438	-266.000000	339.800781	-35.419823	-37.245102	-11.157458	0.666298	-2.096577	4.987259	0	0	0	0	0	0
5653427122	1065.898438	369.898438	-1546.199219	220.699219	59.699219	-20.699219	-47.664360	-23.929707	-75.113297	0.614460	-3.421799	1.832252	0	0	0	0	0	0
5804333329	-2.000000	-321.400391	-979.000000	-485.800781	758.800781	-570.699219	-31.357470	25.044271	-43.537430	0.563590	-2.158398	-4.702735	0	0	0	0	0	0
5974928975	-796.500000	-728.900391	-271.099609	-913.199219	1165.898438	-837.599609	-12.935695	59.314262	7.919103	0.617042	-0.424652	-8.038250	0	0	0	0	0	0
6170090768	-1205.000000	-717.699219	817.398438	-803.400391	698.500000	-580.000000	14.540014	62.260201	47.364994	1.988605	3.290941	-6.601293	0	0	0	0	0	0
6347049365	56.601562	-284.800781	910.500000	-230.300781	-915.199219	-91.099609	11.647913	1.543009	5.566726	5.695507	5.390715	-1.596113	0	0	0	0	0	0
6525632626	1558.800781	217.101562	-581.800781	225.601562	-1460.199219	44.500000	-29.221088	-56.206345	-83.809914	5.392597	1.384015	2.158449	0	0	0	0	0	0
6692593010	1836.800781	381.199219	-1322.300781	326.398438	-1079.300781	16.300781	-46.739475	-61.008854	-101.263092	3.670977	-1.120386	2.545819	0	0	0	0	0	0
6858703497	591.500000	-138.300781	778.699219	-49.699219	-1407.199219	34.699219	9.507275	-25.322546	-6.606969	5.674213	5.705962	-0.277662	0	0	0	0	0	0
7056274580	-559.199219	-147.400391	2211.898438	33.800781	-1348.000000	400.000000	54.285248	5.476300	52.662628	4.728294	9.039553	0.815768	0	0	0	0	0	0
7251067395	-1351.599609	-185.900391	1583.898438	-166.000000	108.199219	155.398438	38.183353	52.221832	61.525051	1.917621	5.267246	-0.964150	0	0	0	0	0	0
7434316242	-1247.000000	-341.099609	327.898438	-543.500000	1233.699219	-343.500000	-0.532778	71.961342	52.217407	0.324474	1.094313	-4.104626	0	0	0	0	0	0
7606338358	-297.199219	113.000000	-1298.800781	-236.300781	1738.800781	-321.300781	-48.947407	47.266655	30.352880	-1.829308	-3.347509	-1.522360	0	0	0	0	0	0
7791224996	-503.000000	106.699219	-209.900391	-113.099609	1258.000000	-108.199219	-23.255117	42.047291	99.736717	-1.144850	0.474582	-0.738393	0	0	0	0	0	0
7968479751	-18.500000	56.199219	-166.400391	-22.000000	450.699219	-45.400391	-11.346430	11.742075	44.283154	0.065072	-0.412615	-0.066436	0	0	0	0	0	0
8155817617	195.000000	27.898438	-93.800781	21.800781	-62.500000	0.000000	-3.417284	-4.027109	3.551067	0.352288	-0.321482	0.044983	0	0	0	0	0	0
8361383651	-259.599609	-743.300781	241.699219	-720.400391	129.199219	-702.300781	-0.916365	15.254179	12.092999	0.668250	1.837410	-6.935595	0	0	0	0	0	0
8527442476	-935.900391	-734.300781	923.101562	-683.699219	289.500000	-559.599609	16.681940	29.687416	43.788040	-0.845733	3.730330	-6.293870	0	0	0	0	0	0
8703542939	-210.900391	215.000000	-332.599609	182.898438	488.800781	168.300781	2.605122	1.809689	-6.408478	-3.164530	-3.455072	1.853126	0	0	0	0	0	0
8893554444	696.300781	1024.699219	-1447.699219	937.500000	349.500000	784.898438	-10.638993	-25.561382	-64.612671	-3.391360	-8.809443	8.575283	0	0	0	0	0	0
9071289012	112.199219	594.699219	-1030.500000	516.199219	670.199219	413.601562	-2.000076	-2.811928	-39.366627	-4.161245	-7.039462	4.030765	0	0	0	0	0	0
9257032705	-391.300781	-64.599609	179.101562	-117.900391	556.601562	-81.099609	2.057521	16.682905	62.499977	-1.876448	-0.012450	-0.979856	0	0	0	0	0	0
9430622167	-379.000000	-95.199219	598.800781	-117.900391	387.898438	-47.900391	7.960710	16.438284	107.546555	-1.025802	1.864252	-1.017969	0	0	0	0	0	0
9603226445	-361.699219	-118.800781	707.500000	-126.900391	286.601562	-49.800781	6.761223	15.368376	112.953758	-0.261475	2.720837	-1.120561	0	0	0	0	0	0
9791851506	460.898438	63.898438	-384.000000	18.398438	102.800781	-55.000000	-7.770765	-6.972409	24.681431	0.200944	-2.464650	0.003347	0	0	0	0	0	0
9964265362	85.398438	-458.699219	-1357.800781	-541.199219	1047.300781	-665.500000	-10.587956	7.581443	-46.864223	-3.965621	-8.536259	-5.562335	0	0	0	0	0	0
10150658144	-643.400391	-814.900391	184.601562	-816.599609	568.500000	-775.199219	8.081935	22.849413	9.726110	-1.766126	0.144166	-7.566988	0	0	0	0	0	0
10326188107	1174.199219	-400.800781	-100.300781	-323.900391	-1226.800781	-393.199219	-0.523617	-44.304977	-32.634007	4.872873	-0.263506	-2.607395	0	0	0	0	0	0
10488160126	2420.398438	22.898438	-952.900391	96.199219	-1870.500000	-180.500000	-17.218348	-88.773781	-77.221527	6.346165	-3.913641	0.629335	0	0	0	0	0	0
10679018888	2244.000000	126.000000	-1921.199219	97.000000	-1074.300781	-266.900391	-40.191921	-70.782593	-139.419052	4.296508	-7.044413	0.298333	0	0	0	0	0	0
10885320913	53.398438	-511.400391	-1342.699219	-664.099609	839.800781	-780.099609	-30.525244	23.581507	-84.979599	-0.872916	-4.178385	-6.602720	0	0	0	0	0	0
11074226767	-921.300781	-861.300781	-628.000000	-1044.099609	1450.000000	-1031.000000	-18.721130	55.709743	-29.668692	-2.181280	-1.700495	-9.545856	0	0	0	0	0	0
11277285891	-1366.599609	-996.699219	228.898438	-1119.599609	1218.601562	-973.199219	1.668986	65.129631	2.210546	-1.444666	1.163499	-9.749389	0	0	0	0	0	0
11467139283	-532.300781	-570.400391	786.300781	-472.099609	-211.000000	-344.900391	25.966835	12.249218	1.649874	0.828932	1.798144	-4.218887	0	0	0	0	0	0
11655906987	-272.400391	-468.199219	1183.601562	-265.300781	-863.699219	-81.000000	50.267414	-9.607672	0.945759	1.179952	1.465233	-2.440568	0	0	0	0	0	0
11819702246	-654.199219	10.601562	1403.699219	199.800781	-750.599609	438.199219	56.536278	3.840316	-0.145170	0.834975	2.437619	2.082665	0	0	0	0	0	0
11989570153	-828.500000	362.500000	1440.101562	522.601562	-719.599609	795.000000	55.922592	9.140753	-13.722382	1.091006	2.785327	5.027676	0	0	0	0	0	0
12167988025	-531.099609	219.601562	1131.300781	337.699219	-725.400391	563.101562	40.596363	3.946792	-19.918983	1.612257	2.781201	3.362503	0	0	0	0	0	0
12346366525	-7.800781	151.800781	-37.000000	139.898438	-102.400391	103.699219	-15.285126	-9.897121	-23.622856	-1.138481	2.175544	1.335292	0	0	0	0	0	0
12540923241	547.199219	535.000000	-1083.199219	376.898438	344.800781	150.101562	-61.428600	-18.716263	-29.494404	-2.123136	1.526079	3.342793	0	0	0	0	0	0
12746198683	652.000000	503.898438	-1390.900391	298.601562	519.898438	37.699219	-67.885010	-11.039597	-36.640472	-1.305310	0.224581	2.467845	0	0	0	0	0	0
12919969063	628.898438	-84.400391	-1395.099609	-279.400391	609.601562	-457.400391	-49.945610	6.168335	-33.178684	1.290327	-2.765098	-2.744291	0	0	0	0	0	0
13097598690	958.398438	-270.599609	-1520.199219	-444.800781	421.898438	-669.699219	-51.523216	-1.938482	-33.919907	2.581412	-3.493849	-4.237899	0	0	0	0	0	0
13288712494	677.000000	-267.699219	-1336.300781	-454.599609	545.898438	-635.199219	-46.606979	5.186021	-27.016245	1.870221	-2.956741	-4.244618	0	0	0	0	0	0
13483893385	40.398438	-668.699219	-343.699219	-726.000000	311.898438	-751.699219	-10.860559	19.553280	-6.069760	1.930372	-0.762570	-7.013751	0	0	0	0	0	0
13676058172	-579.000000	-933.599609	326.398438	-962.300781	374.500000	-861.599609	6.655655	38.053295	13.563511	2.062597	1.420647	-8.591846	0	0	0	0	0	0
13830565612	-319.500000	-475.500000	852.101562	-413.800781	-349.599609	-270.099609	21.054052	13.328125	26.888729	3.164426	2.979440	-3.243647	0	0	0	0	0	0
14025387585	751.101562	149.800781	-127.000000	148.500000	-749.400391	150.199219	0.033939	-17.759455	-24.548313	4.461513	-0.850473	1.717447	0	0	0	0	0	0
14224951313	631.699219	48.300781	-806.099609	-36.900391	-111.599609	-112.800781	-17.182337	-5.567205	-52.994610	2.865026	-3.001612	-0.139382	0	0	0	0	0	0
14412053734	794.300781	-29.099609	-926.599609	-113.900391	-131.500000	-228.500000	-22.562691	-10.731298	-50.716862	2.841631	-2.738356	-0.886118	0	0	0	0	0	0
14582749393	36.898438	149.398438	-1120.699219	80.800781	672.000000	-15.000000	-8.921932	-2.438250	-72.034927	-3.641609	-6.414290	0.454092	0	0	0	0	0	0
14757023122	-79.500000	287.199219	-1479.199219	217.300781	999.199219	112.199219	-2.550542	-1.636311	-99.759491	-6.174227	-10.209626	1.615347	0	0	0	0	0	0
14951428600	-254.900391	106.000000	-63.099609	114.398438	-22.400391	132.101562	6.647873	2.373390	-60.996376	-0.521843	-0.403814	0.932139	0	0	0	0	0	0
15135811422	-225.000000	18.300781	488.601562	51.398438	-665.300781	141.398438	5.106638	1.398044	-71.429863	2.476630	4.154349	0.611386	0	0	0	0	0	0
15293413344	138.601562	-82.599609	220.601562	-49.599609	-711.599609	-25.500000	-3.189800	-9.326746	-64.410858	2.637727	3.274499	-0.314618	0	0	0	0	0	0
15478548608	907.300781	-115.599609	-1404.000000	-237.599609	21.398438	-292.300781	-12.304255	3.997251	-91.208038	5.556374	-8.274673	-1.859796	0	0	0	0	0	0
15649961335	833.101562	-180.400391	-1614.400391	-329.599609	288.101562	-365.500000	-7.804443	14.047494	-97.172379	5.903463	-10.525086	-2.645531	0	0	0	0	0	0
15847182616	-260.900391	-123.800781	-207.400391	-161.599609	151.800781	-35.000000	24.608484	28.497446	-56.773426	3.004951	-4.439595	-0.869612	0	0	0	0	0	0
16046140451	-1242.900391	500.898438	1546.601562	607.101562	-444.800781	950.699219	58.328228	29.048800	-16.034256	1.058078	3.417726	6.178140	0	0	0	0	0	0
16235044897	-1310.000000	545.199219	1584.699219	646.898438	-432.699219	1007.000000	58.671070	31.120974	-18.523531	1.184629	3.595405	6.518736	0	0	0	0	0	0
16405506197	-1335.699219	195.500000	1243.398438	264.398438	-61.900391	553.398438	44.079723	32.700508	-20.847446	-0.621982	2.794010	2.635670	0	0	0	0	0	0
16610508648	-1528.699219	-463.500000	733.199219	-456.199219	666.398438	-240.800781	30.886681	45.125904	-24.077900	-3.105892	0.934398	-3.897329	0	0	0	0	0	0
16819805845	-1030.800781	398.300781	492.800781	325.898438	325.000000	516.300781	16.077274	40.171871	-34.499138	0.131215	1.865579	3.630558	0	0	0	0	0	0
17007268256	-1085.500000	370.300781	501.500000	280.800781	367.699219	469.699219	12.048821	43.796711	-30.915813	0.421416	2.534335	3.227134	0	0	0	0	0	0
17193643152	-968.300781	88.898438	588.398438	54.398438	231.101562	232.101562	19.797920	33.221653	-23.940128	0.081375	1.962435	0.802573	0	0	0	0	0	0
17388997027	288.500000	123.300781	-60.800781	170.300781	-398.599609	146.500000	8.596766	-23.340555	-32.245647	-0.559383	-1.455660	1.742340	0	0	0	0	0	0
17564949461	1044.699219	297.300781	-350.000000	385.800781	-1017.900391	243.800781	-3.040847	-57.486843	-56.327927	-0.000990	-1.145427	2.950169	0	0	0	0	0	0
17777316796	738.800781	-7.599609	-612.500000	-29.800781	-372.900391	-186.300781	-27.387911	-29.539732	-46.277306	0.345681	0.540714	-0.519696	0	0	0	0	0	0
17955180032	266.601562	-0.900391	-596.500000	-101.000000	142.000000	-193.800781	-20.649931	-5.966021	-36.728096	0.015221	0.111947	-0.852284	0	0	0	0	0	0
18163621433	-542.699219	-342.800781	972.000000	-234.199219	-313.000000	-78.000000	34.520435	10.793621	16.586308	0.739188	2.197063	-2.231060	0	0	0	0	0	0
18351756425	-732.000000	-428.500000	1526.199219	-220.599609	-695.800781	39.699219	59.727337	5.384969	13.944227	0.868985	2.545073	-1.887277	0	0	0	0	0	0
18501885839	-785.500000	-447.300781	1501.699219	-263.800781	-581.300781	-12.599609	54.868317	11.972171	20.017635	0.993789	2.910501	-2.400677	0	0	0	0	0	0
18695143607	-959.000000	-497.699219	1280.898438	-374.000000	-193.099609	-129.300781	43.632275	26.913052	18.249119	0.921457	2.808558	-3.347182	0	0	0	0	0	0
18851060408	-943.199219	-482.800781	850.601562	-469.900391	198.898438	-275.400391	24.133337	36.326599	14.174143	0.649211	2.468988	-3.767705	0	0	0	0	0	0
19044924679	-939.500000	-470.599609	318.000000	-556.500000	758.699219	-434.500000	6.028133	46.168243	20.701328	-0.377331	0.788910	-4.642239	0	0	0	0	0	0
19239942130	-895.500000	221.898438	185.199219	94.500000	874.199219	226.000000	8.299109	41.031063	34.665546	-1.573137	-0.587839	1.514066	0	0	0	0	0	0
19420982892	-763.699219	299.898438	563.800781	265.300781	363.500000	424.300781	20.457380	29.941801	32.999794	-0.319137	0.716301	2.712439	0	0	0	0	0	0
19598277804	-140.400391	-87.500000	865.699219	-26.900391	-623.599609	118.101562	18.470070	2.496585	18.055569	3.277548	3.627729	0.095733	0	0	0	0	0	0
19767546637	1123.699219	194.300781	-434.400391	196.500000	-927.599609	70.500000	-22.086775	-40.373425	-45.855820	3.207440	0.583488	1.852685	0	0	0	0	0	0
19957208903	382.300781	-302.699219	-711.800781	-413.500000	122.398438	-499.099609	-29.184687	7.127676	-41.288551	2.272052	-0.366188	-4.017561	0	0	0	0	0	0
20135715089	-518.500000	-825.500000	3.398438	-927.500000	601.800781	-854.000000	-8.259619	46.679150	3.738451	2.684520	1.149953	-8.308984	0	0	0	0	0	0
20328162551	-657.300781	-411.099609	502.199219	-454.599609	411.300781	-325.800781	8.679869	36.828960	44.186348	1.432229	1.792349	-3.834675	0	0	0	0	0	0
20510565515	-126.599609	-317.500000	578.800781	-320.099609	75.398438	-245.800781	7.276510	13.812644	90.427902	1.599634	1.957533	-2.858278	0	0	0	0	0	0
20666068095	448.398438	-83.699219	154.000000	-106.000000	-64.000000	-121.599609	-8.582566	-4.729126	93.635880	2.042283	1.085892	-0.762735	0	0	0	0	0	0
20858486349	1487.000000	465.199219	-831.300781	416.800781	-573.699219	206.601562	-36.685215	-48.172909	13.484133	2.261986	-0.990635	3.807478	0	0	0	0	0	0
21056133583	2182.300781	586.398438	-1642.400391	508.699219	-935.199219	127.398438	-60.307365	-73.298111	-71.120407	2.936214	-2.353074	4.279617	0	0	0	0	0	0
21220206169	1837.898438	415.000000	-1893.300781	302.699219	-510.500000	-71.699219	-63.003891	-54.532169	-101.504448	2.252798	-3.254568	2.158063	0	0	0	0	0	0
21407823146	707.601562	-221.800781	-1351.500000	-360.900391	220.500000	-542.900391	-43.563210	-3.547262	-79.596207	1.635076	-2.479522	-3.664370	0	0	0	0	0	0
21581062730	-20.599609	-720.599609	-678.199219	-845.099609	531.398438	-884.500000	-24.769226	27.152418	-40.520634	1.979766	-1.003678	-7.842028	0	0	0	0	0	0
21774997407	-452.300781	-864.599609	76.800781	-942.000000	432.398438	-860.000000	-4.307464	40.780800	-2.707541	2.909672	1.260525	-8.376085	0	0	0	0	0	0
21973015962	-145.000000	-486.199219	349.500000	-521.699219	85.000000	-462.699219	-3.515789	20.576141	47.141129	2.925457	2.545847	-4.433738	0	0	0	0	0	0
22158703386	230.398438	-258.500000	322.601562	-267.900391	-71.800781	-251.800781	-2.414654	1.598344	82.610626	2.055404	1.698985	-2.419265	0	0	0	0	0	0
22316849653	416.800781	-247.699219	331.000000	-230.800781	-229.699219	-225.000000	-0.953948	-8.008260	87.455200	2.049546	1.479380	-2.124322	0	0	0	0	0	0
22484061384	545.800781	-254.500000	108.000000	-215.300781	-268.400391	-254.400391	-2.775781	-17.951889	61.034306	1.158829	0.134964	-2.195353	0	0	0	0	0	0
22676622447	1218.601562	-52.599609	-533.500000	-3.500000	-525.500000	-176.300781	-13.185590	-50.833157	23.430725	-0.091163	-2.639178	-0.297584	0	0	0	0	0	0
22848603934	1620.300781	89.398438	-1083.699219	137.398438	-565.500000	-152.300781	-25.832775	-68.438110	-8.075910	-1.008111	-4.533572	0.731372	0	0	0	0	0	0
23043721180	1844.601562	315.601562	-1673.500000	314.300781	-414.599609	-53.699219	-38.939713	-76.624870	-42.997368	-2.163684	-6.466503	2.168053	0	0	0	0	0	0
23243880935	1636.898438	300.398438	-1839.199219	290.898438	-141.699219	-91.900391	-42.055889	-65.292183	-62.347534	-2.778821	-6.913141	1.644532	0	0	0	0	0	0
23440295065	849.398438	-232.199219	-1189.400391	-257.300781	98.000000	-471.800781	-25.509201	-31.902229	-48.260193	-2.001794	-4.671872	-3.165550	0	0	0	0	0	0
23641924241	214.101562	-723.099609	-596.699219	-708.500000	243.398438	-801.300781	-8.450208	-4.497522	-34.030041	-1.145867	-2.881435	-7.167288	0	0	0	0	0	0
23837696427	-39.900391	-965.400391	-194.599609	-934.500000	197.398438	-968.199219	-0.270956	6.478074	-20.529510	-0.149650	-1.313228	-9.069402	0	0	0	0	0	0
24005695830	-243.199219	-920.000000	268.699219	-861.599609	51.500000	-826.199219	10.361690	12.051237	2.663094	0.690413	0.484348	-7.992162	0	0	0	0	0	0
24193121294	-800.800781	-462.800781	1482.300781	-302.199219	-541.900391	-38.699219	49.357426	17.496275	18.827148	1.875273	3.897444	-2.484683	0	0	0	0	0	0
24377538474	-1248.300781	-396.000000	2217.699219	-173.099609	-784.300781	236.898438	75.591095	24.707123	31.447187	2.035436	5.503932	-1.150545	0	0	0	0	0	0
24543049629	-1438.400391	-362.800781	2057.300781	-183.699219	-425.500000	206.699219	66.781189	37.924004	35.792698	1.648816	5.252870	-1.366039	0	0	0	0	0	0
24700678439	-1338.900391	-245.800781	1074.101562	-268.900391	452.199219	11.699219	31.961855	54.171833	33.467075	0.584650	2.504784	-1.735152	0	0	0	0	0	0
24889779408	-748.300781	54.398438	-271.800781	-150.000000	1083.199219	-59.000000	-11.722320	47.954815	14.444798	-0.710836	-0.964498	-0.597594	0	0	0	0	0	0
25074698823	147.500000	505.199219	-1785.400391	177.601562	1494.000000	15.699219	-59.213558	21.677385	-22.341419	-3.024731	-4.857815	2.008438	0	0	0	0	0	0
25279947791	1124.699219	1039.101562	-3064.599609	647.898438	1586.601562	238.199219	-94.512718	-7.589770	-56.711143	-4.622813	-8.478073	5.859364	0	0	0	0	0	0
25468691972	1715.898438	1186.601562	-3350.000000	884.800781	1163.300781	348.101562	-99.309204	-36.553020	-74.637810	-4.611276	-9.533805	7.519390	0	0	0	0	0	0
25653388190	2287.898438	1212.398438	-3255.199219	1013.601562	424.601562	387.398438	-97.709373	-70.430603	-89.359039	-3.478006	-8.897465	8.120368	0	0	0	0	0	0
25858005051	2012.800781	471.300781	-1849.199219	445.601562	-543.599609	8.500000	-52.397976	-77.530853	-69.142937	-0.866028	-4.893683	2.931407	0	0	0	0	0	0
26055183969	912.398438	289.199219	634.398438	506.199219	-1620.500000	515.800781	31.483984	-62.568733	-11.162975	1.308065	0.916933	4.212236	0	0	0	0	0	0
26251356268	-153.300781	-11.000000	1822.398438	250.101562	-1475.400391	525.398438	61.718544	-22.312668	33.777031	2.322925	4.552260	2.276705	0	0	0	0	0	0
26437025208	231.101562	-226.699219	1477.500000	-4.300781	-1449.500000	189.800781	44.595398	-31.503904	44.118061	3.001878	3.963645	0.090825	0	0	0	0	0	0
26613355197	1758.398438	133.699219	196.101562	331.601562	-1937.300781	213.601562	11.931514	-93.395706	-1.613841	2.028079	-0.597113	2.880904	0	0	0	0	0	0
26811610443	2683.898438	523.300781	-926.599609	690.101562	-1997.199219	298.800781	-20.420099	-127.931755	-44.618916	0.926771	-3.809108	5.252214	0	0	0	0	0	0
26988835809	2481.300781	497.898438	-1855.199219	550.000000	-1069.400391	58.199219	-48.531830	-105.442841	-83.033073	-1.026211	-6.249358	3.653374	0	0	0	0	0	0
27187885604	825.601562	-341.000000	-1489.900391	-418.000000	352.300781	-666.800781	-38.481972	-20.663645	-62.907074	-1.767734	-4.666113	-4.842427	0	0	0	0	0	0
27365280823	-307.099609	-878.800781	-819.199219	-993.900391	1002.300781	-1058.300781	-21.962412	31.832180	-33.037048	-1.145776	-2.620500	-9.470142	0	0	0	0	0	0
27592618422	-915.699219	-793.900391	184.199219	-882.300781	876.101562	-774.800781	2.160110	52.601151	14.748162	0.453688	0.781807	-7.738649	0	0	0	0	0	0
27741683904	-1055.300781	-644.500000	1166.101562	-599.800781	137.398438	-357.699219	34.611755	44.770020	39.490734	2.102752	3.526578	-5.164168	0	0	0	0	0	0
27916930469	-286.800781	-354.400391	1063.500000	-271.300781	-312.800781	-109.900391	27.247396	10.008542	80.037140	2.168104	2.930254	-2.381408	0	0	0	0	0	0
28089489387	200.800781	-271.199219	860.000000	-205.400391	-440.400391	-119.199219	13.473526	-4.385838	108.162582	2.776759	2.987779	-1.719178	0	0	0	0	0	0
28252530442	1375.000000	156.398438	-214.699219	154.800781	-705.400391	11.800781	-24.650717	-47.201359	76.626343	2.676995	0.591202	1.483751	0	0	0	0	0	0
28443121055	2694.699219	577.199219	-1614.599609	536.800781	-984.800781	60.898438	-66.602280	-94.479752	19.413698	2.153110	-2.286118	4.041852	0	0	0	0	0	0
28600766003	2971.699219	643.898438	-2268.900391	537.398438	-783.099609	-44.199219	-87.007736	-99.753906	-14.512991	1.509599	-3.916207	3.870914	0	0	0	0	0	0
28789409871	2280.898438	574.500000	-2556.900391	388.199219	79.898438	-150.599609	-92.700905	-64.177635	-35.388809	-0.124362	-4.980372	2.625638	0	0	0	0	0	0
28971972096	1942.601562	658.300781	-2915.199219	415.800781	658.601562	-121.000000	-99.929237	-46.377846	-55.384193	-1.639929	-6.475011	2.950644	0	0	0	0	0	0
29141931873	1940.000000	736.699219	-3264.300781	446.000000	916.898438	-119.000000	-108.816872	-42.822865	-69.410637	-2.399019	-7.532457	3.167455	0	0	0	0	0	0
29350661844	1970.199219	702.500000	-2709.500000	501.199219	353.398438	-16.000000	-86.856094	-57.339622	-64.048790	-1.616274	-6.298332	3.734823	0	0	0	0	0	0
29544773332	1965.800781	712.000000	-838.000000	790.800781	-1333.800781	477.898438	-20.743046	-90.411156	-31.060787	0.857011	-2.438352	6.314253	0	0	0	0	0	0
29746161091	700.199219	399.398438	853.199219	586.398438	-1524.300781	659.199219	32.195503	-49.639946	8.820223	2.066942	2.045953	5.099161	0	0	0	0	0	0
29909598614	-323.500000	50.898438	1413.898438	226.000000	-924.500000	454.601562	46.758060	-6.047770	28.651192	1.756891	3.595816	2.045465	0	0	0	0	0	0
30102350438	-986.099609	-266.400391	1170.699219	-201.300781	19.699219	40.699219	35.696262	34.884956	34.456055	1.042883	2.973029	-1.746527	0	0	0	0	0	0
30304051828	-1129.699219	-460.300781	597.398438	-530.000000	716.101562	-325.500000	14.134539	55.830822	29.424919	0.674224	1.761447	-4.372953	0	0	0	0	0	0
30470991093	-327.099609	-97.099609	-800.199219	-286.199219	1082.601562	-327.500000	-29.017818	33.514790	-10.543575	-1.049402	-2.070300	-2.279083	0	0	0	0	0	0
30648735416	564.199219	310.898438	-1936.099609	61.398438	1124.601562	-200.500000	-64.287689	2.520098	-41.564526	-2.352363	-4.701734	0.423789	0	0	0	0	0	0
30848937973	1305.800781	558.000000	-2519.900391	300.398438	863.101562	-97.699219	-82.010368	-27.533636	-59.868290	-2.541124	-6.094818	2.400249	0	0	0	0	0	0
31036449923	2023.601562	633.699219	-2478.800781	502.199219	41.601562	3.398438	-77.686775	-68.726448	-74.665268	-1.774362	-6.152003	3.718816	0	0	0	0	0	0
31223422878	1733.898438	381.300781	-2139.500000	263.601562	23.898438	-162.000000	-69.187447	-53.761879	-66.975281	-1.095111	-4.866174	1.435706	0	0	0	0	0	0
31400987361	573.000000	-264.099609	-1502.699219	-434.599609	724.699219	-656.800781	-52.977085	2.374627	-44.552193	-0.537650	-2.887646	-4.644360	0	0	0	0	0	0
31567309629	-121.699219	-725.900391	-995.300781	-902.199219	997.500000	-994.500000	-36.992279	33.408401	-31.106604	0.096279	-1.609718	-8.552914	0	0	0	0	0	0
31727817868	-669.400391	-727.400391	-210.900391	-841.099609	876.699219	-791.599609	-9.875954	44.633781	-8.682631	0.437337	-0.071944	-7.259314	0	0	0	0	0	0
31891508558	349.398438	516.800781	-285.099609	512.101562	-200.199219	469.601562	-4.644841	-18.518633	-21.163877	-0.159639	-1.429353	4.933981	0	0	0	0	0	0
32079297627	1359.699219	1177.398438	-1332.699219	1141.300781	-445.099609	880.800781	-31.751255	-58.316391	-63.840530	-1.338579	-4.703164	10.233718	0	0	0	0	0	0
32279269797	1869.000000	1321.300781	-1859.300781	1261.699219	-535.599609	857.199219	-51.255337	-72.452461	-82.401299	-1.207963	-5.337399	10.315348	0	0	0	0	0	0
32437294901	906.101562	-179.699219	-667.000000	-166.699219	-456.099609	-325.199219	-23.371536	-27.511557	-46.793182	1.377882	-0.895900	-2.381649	0	0	0	0	0	0
32622887690	976.800781	-401.300781	25.898438	-293.199219	-1075.099609	-369.199219	-3.321613	-41.193630	-22.252813	2.834603	0.969545	-3.082746	0	0	0	0	0	0
32785923952	2230.699219	312.398438	-516.599609	467.898438	-1923.599609	174.300781	-15.205403	-104.349922	-39.735142	2.250134	-1.429960	3.771960	0	0	0	0	0	0
32954727466	2285.898438	542.500000	-148.599609	716.500000	-2322.400391	495.500000	3.364371	-110.897629	-30.188919	2.697808	-0.783560	5.811927	0	0	0	0	0	0
33121159394	295.300781	26.898438	2031.898438	313.398438	-2070.000000	601.300781	62.934036	-41.141106	46.459476	4.231982	6.143295	3.148792	0	0	0	0	0	0
33277858763	-651.500000	9.699219	2066.800781	222.300781	-1064.300781	569.300781	60.630466	6.739785	62.924377	2.993821	6.119453	2.169836	0	0	0	0	0	0
33466853530	-985.400391	-411.699219	1289.800781	-367.900391	93.500000	-106.900391	32.451168	41.042107	69.350639	1.938414	3.732188	-3.103879	0	0	0	0	0	0
33637058477	-497.500000	-318.699219	490.800781	-381.400391	462.101562	-264.599609	2.656807	34.896461	77.308609	1.410901	2.024925	-3.220539	0	0	0	0	0	0
33777752866	-229.599609	-613.000000	233.898438	-665.599609	401.101562	-625.000000	-6.830067	27.507036	62.254063	1.599800	1.864597	-6.121989	0	0	0	0	0	0
33968540066	-128.800781	-1141.300781	564.601562	-1078.400391	-155.099609	-1013.500000	7.579610	12.901782	34.502960	2.814411	2.768222	-10.046775	0	0	0	0	0	0
34116601262	-47.800781	-1267.800781	774.500000	-1169.000000	-469.699219	-1074.199219	14.166922	7.618149	27.740993	3.614886	3.387203	-10.925728	0	0	0	0	0	0
34288290444	-48.900391	-1407.599609	792.898438	-1296.500000	-512.099609	-1196.699219	15.726803	6.969391	25.151951	3.869532	3.484627	-12.013113	0	0	0	0	0	0
34472239945	22.101562	-1407.000000	732.300781	-1282.000000	-533.699219	-1206.500000	13.517002	5.115383	21.556557	3.764880	3.357341	-12.014604	0	0	0	0	0	0
34653165899	-39.500000	-1478.500000	764.500000	-1368.300781	-493.300781	-1277.300781	14.794302	7.467078	21.597553	3.784564	3.356843	-12.642479	0	0	0	0	0	0
34824535245	-47.199219	-1486.699219	808.300781	-1348.900391	-534.400391	-1257.500000	17.474953	7.481202	21.162745	3.772075	3.324806	-12.540686	0	0	0	0	0	0
34973494407	-114.199219	-1241.699219	904.101562	-1094.099609	-592.099609	-983.400391	24.158737	5.189768	18.296984	3.398814	3.103055	-9.969471	0	0	0	0	0	0
35157769878	225.898438	-437.699219	356.601562	-338.800781	-580.099609	-294.400391	14.104486	-14.019261	-6.654881	1.673687	0.462691	-2.956736	0	0	0	0	0	0
35340545001	1116.101562	487.199219	-1016.300781	467.601562	-428.500000	270.398438	-23.246328	-48.975895	-57.221401	-0.894327	-3.671906	4.262645	0	0	0	0	0	0
35536220911	1525.101562	600.199219	-1130.900391	595.898438	-694.500000	321.601562	-29.061693	-64.121750	-49.992229	-0.158340	-3.147201	4.878751	0	0	0	0	0	0
35708161094	786.699219	396.101562	-64.099609	434.000000	-730.800781	374.300781	-1.741818	-34.379227	0.274961	1.088712	0.016757	3.842791	0	0	0	0	0	0
35902956381	1128.898438	283.601562	-186.400391	351.199219	-1003.400391	242.800781	-4.819561	-56.776405	-8.826698	0.991913	-0.512140	3.017021	0	0	0	0	0	0
36081677523	2427.300781	466.398438	-778.099609	572.800781	-1782.900391	240.601562	-25.781889	-112.615822	-24.368877	1.359484	-1.590854	4.554947	0	0	0	0	0	0
36264683256	2979.300781	629.699219	-914.599609	744.300781	-2268.000000	316.800781	-29.688797	-139.835220	-31.760794	1.635975	-1.908027	5.963016	0	0	0	0	0	0
36431924569	3231.800781	692.898438	-969.500000	825.601562	-2485.599609	356.898438	-31.739534	-152.338593	-36.172523	1.785906	-2.003665	6.482057	0	0	0	0	0	0
36624070755	3381.300781	735.199219	-1003.900391	873.800781	-2576.300781	377.300781	-33.298103	-159.150772	-33.799267	1.795278	-2.092163	6.728882	0	0	0	0	0	0
36817425885	3316.601562	683.500000	-922.500000	823.800781	-2588.400391	349.601562	-30.242390	-156.577438	-33.007717	1.848319	-1.962160	6.264818	0	0	0	0	0	0
37008672857	3196.699219	637.300781	-830.000000	776.601562	-2541.699219	329.398438	-27.041851	-151.456772	-29.696243	1.839666	-1.739716	5.910868	0	0	0	0	0	0
37166485787	3172.101562	664.699219	-832.199219	810.699219	-2499.300781	364.601562	-27.551119	-151.019699	-26.877584	1.799656	-1.730271	6.203100	0	0	0	0	0	0
37358613427	3087.398438	637.898438	-761.400391	780.101562	-2434.199219	351.601562	-25.931673	-145.757950	-19.724703	1.822716	-1.487605	5.993374	0	0	0	0	0	0
37536525101	3146.398438	667.601562	-741.500000	801.500000	-2509.300781	368.500000	-25.341099	-149.498596	-15.608756	1.860572	-1.534954	6.216304	0	0	0	0	0	0
37716698481	3180.601562	672.601562	-801.000000	801.398438	-2478.000000	359.898438	-26.757685	-150.503784	-16.940825	1.643099	-1.810929	6.205087	0	0	0	0	0	0
37871211948	3237.300781	690.601562	-849.300781	831.699219	-2521.199219	372.398438	-28.222521	-154.088257	-20.493160	1.692154	-1.872588	6.396416	0	0	0	0	0	0
38044713072	3373.199219	725.898438	-890.699219	861.398438	-2613.699219	389.500000	-29.524624	-159.170853	-21.181768	1.735952	-1.973277	6.736097	0	0	0	0	0	0
38236358829	3501.601562	754.800781	-947.800781	901.699219	-2702.400391	400.800781	-31.612129	-165.875565	-24.221645	1.783293	-2.119386	6.947659	0	0	0	0	0	0
38430535110	3539.800781	790.199219	-984.000000	919.101562	-2708.800781	414.699219	-32.815071	-167.103683	-26.168699	1.739485	-2.163972	7.186847	0	0	0	0	0	0
38603833900	3034.500000	808.601562	-922.599609	919.300781	-2251.000000	487.300781	-30.714825	-138.027466	-21.525309	1.486892	-1.766927	7.097895	0	0	0	0	0	0
38756941516	621.500000	178.101562	-33.400391	205.199219	-601.699219	154.500000	-5.632292	-25.173935	-1.507725	1.297893	0.894762	1.386030	0	0	0	0	0	0
38943878836	-476.500000	55.000000	147.800781	-13.699219	376.500000	57.699219	-1.432774	27.978325	8.505952	0.397698	1.215810	-0.040310	0	0	0	0	0	0
39097803911	-1152.000000	-19.300781	332.500000	-187.300781	933.300781	-8.300781	1.090099	63.330765	21.353493	0.318054	2.011932	-1.204148	0	0	0	0	0	0
39258198151	-1717.900391	-92.199219	492.601562	-338.400391	1388.500000	-84.300781	2.529691	89.530159	33.666519	0.160452	2.592953	-2.127706	0	0	0	0	0	0
39431126581	-1786.000000	-98.099609	418.398438	-386.300781	1547.199219	-117.699219	-0.387945	95.772118	36.604889	0.123141	2.466513	-2.341127	0	0	0	0	0	0
39597527807	-1866.900391	-131.599609	474.398438	-446.900391	1602.300781	-156.400391	-0.068843	101.446548	39.486382	0.361276	2.819292	-2.814525	0	0	0	0	0	0
39748020155	-1975.599609	-109.300781	507.000000	-431.500000	1643.500000	-106.000000	2.102593	106.172974	37.993275	0.447656	2.841709	-2.485107	0	0	0	0	0	0
39941859291	-2088.699219	-101.599609	583.699219	-445.300781	1692.398438	-90.099609	4.494234	110.891769	38.853680	0.535473	2.968454	-2.500801	0	0	0	0	0	0
40125066854	-2073.599609	-107.699219	603.300781	-436.300781	1667.398438	-90.599609	4.731704	110.306915	39.487347	0.523446	3.042581	-2.479644	0	0	0	0	0	0
40312845721	-2124.000000	-131.800781	605.398438	-477.800781	1691.300781	-110.599609	5.640156	112.321480	37.094975	0.563695	2.978724	-2.674348	0	0	0	0	0	0
40458934360	-2148.300781	-137.000000	624.101562	-485.199219	1708.699219	-115.000000	6.168942	113.384331	37.682903	0.567060	2.985956	-2.788166	0	0	0	0	0	0
40645823392	-2152.599609	-135.800781	597.601562	-493.199219	1724.898438	-122.599609	5.778473	113.403915	37.040627	0.514067	2.891378	-2.831762	0	0	0	0	0	0
40829267117	-2104.500000	-144.400391	566.101562	-487.199219	1702.398438	-131.199219	5.252866	111.114830	35.110725	0.450134	2.678675	-2.800870	0	0	0	0	0	0
41021685275	-2050.699219	-178.599609	538.601562	-516.199219	1682.601562	-152.400391	4.639126	109.321472	34.756634	0.452097	2.622845	-3.140186	0	0	0	0	0	0
41219146007	-2014.199219	-201.400391	487.601562	-536.300781	1701.898438	-190.300781	3.252321	108.233330	32.465260	0.360848	2.398849	-3.368363	0	0	0	0	0	0
41428694918	-1904.099609	-203.199219	460.800781	-524.199219	1604.500000	-201.800781	1.667022	102.135246	30.585220	0.409024	2.303007	-3.387005	0	0	0	0	0	0
41602849181	-1094.800781	-151.500000	335.800781	-313.000000	869.699219	-130.500000	1.217031	56.932087	23.278368	0.561080	1.939202	-2.036037	0	0	0	0	0	0
41795016096	-58.199219	14.699219	18.101562	1.898438	44.500000	25.800781	-0.039689	2.987902	-0.671037	0.053361	0.115534	0.158214	0	0	0	0	0	0
41954846494	-35.099609	-19.900391	179.898438	10.898438	-122.900391	45.199219	7.552083	-2.037980	1.123002	0.130087	0.372435	0.054373	0	0	0	0	0	0
42143991453	-91.199219	-92.300781	792.500000	34.898438	-634.800781	156.398438	30.723667	-10.979220	12.361712	0.656690	1.851861	0.203407	0	0	0	0	0	0
42310542675	-545.599609	-329.199219	2186.000000	-40.199219	-1382.199219	311.300781	76.247795	-15.296860	45.824287	1.391963	5.107547	-0.204156	0	0	0	0	0	0
42477281806	-783.599609	-371.800781	2650.500000	-18.000000	-1560.199219	411.500000	91.806343	-11.956553	54.264912	1.728832	6.130172	0.047562	0	0	0	0	0	0
42655031061	-829.800781	-300.000000	2601.601562	31.101562	-1495.699219	462.500000	91.823647	-9.182640	48.510345	1.561011	5.803019	0.564348	0	0	0	0	0	0
42819304314	-850.199219	-298.599609	2555.000000	36.800781	-1438.599609	456.500000	91.379913	-8.584421	46.385872	1.402592	5.600373	0.584320	0	0	0	0	0	0
43009510577	-922.500000	-283.300781	2796.300781	115.300781	-1645.900391	564.500000	104.516884	-11.592679	41.846756	1.395029	5.620730	1.196634	0	0	0	0	0	0
43200194100	-968.900391	-302.000000	2997.898438	115.300781	-1802.699219	611.500000	112.797440	-14.308664	42.211090	1.456375	5.881557	1.211953	0	0	0	0	0	0
43370819757	-997.900391	-308.599609	2926.500000	86.699219	-1705.099609	585.898438	109.417549	-12.071177	42.400875	1.286341	5.666815	1.125177	0	0	0	0	0	0
43560594516	-1042.500000	-313.599609	2949.699219	98.898438	-1666.199219	582.300781	110.349586	-9.986885	43.285545	1.253749	5.713560	1.040847	0	0	0	0	0	0
43771345313	-1082.699219	-342.300781	3011.898438	67.398438	-1704.000000	579.699219	113.643791	-9.411237	40.888954	1.296734	5.729216	0.903981	0	0	0	0	0	0
43941357037	-1102.699219	-320.599609	3016.000000	79.101562	-1695.699219	599.898438	113.518997	-8.620767	42.011398	1.324231	5.851755	1.024303	0	0	0	0	0	0
44094447670	-1094.300781	-316.699219	3006.300781	97.800781	-1678.099609	596.199219	112.940849	-8.746953	41.111923	1.247598	5.728421	1.098423	0	0	0	0	0	0
44294799577	-1122.400391	-322.599609	2954.800781	70.199219	-1605.400391	587.500000	111.546120	-6.923680	41.327713	1.166157	5.634130	0.895544	0	0	0	0	0	0
44488112561	-1107.599609	-324.300781	2948.800781	71.500000	-1622.400391	580.601562	111.032150	-6.955560	41.183102	1.214802	5.694627	0.909905	0	0	0	0	0	0
44674693806	-1144.599609	-284.599609	2930.500000	96.800781	-1561.800781	607.601562	110.438942	-5.146208	40.053463	1.134906	5.605635	1.142506	0	0	0	0	0	0
44834230862	-1196.900391	-316.500000	2955.800781	82.000000	-1546.099609	586.500000	111.080956	-3.021004	39.291634	1.193251	5.630695	0.925935	0	0	0	0	0	0
45027397875	-699.500000	-235.099609	1722.898438	-6.400391	-888.599609	278.199219	59.140221	-1.070985	20.727983	0.762585	3.262118	0.036944	0	0	0	0	0	0
45205916116	222.300781	40.699219	-225.199219	12.500000	-2.099609	-37.400391	-13.885338	-4.597040	-0.206260	0.303034	-0.052091	0.023692	0	0	0	0	0	0
45385778595	1121.000000	278.500000	-1961.000000	31.101562	741.800781	-317.500000	-80.827362	-14.201923	-16.206774	-0.494628	-2.632552	-0.039372	0	0	0	0	0	0
45544250472	1501.300781	420.699219	-2713.800781	60.699219	1118.398438	-400.199219	-112.185570	-16.111326	-16.379559	-0.825961	-3.591356	0.256038	0	0	0	0	0	0
45704186855	1614.800781	518.101562	-3132.900391	96.300781	1406.300781	-416.699219	-128.129288	-13.212564	-18.291992	-1.182309	-4.210370	0.492473	0	0	0	0	0	0
45887113641	1571.601562	475.300781	-3235.900391	41.800781	1559.101562	-484.500000	-130.192810	-10.123005	-18.433428	-1.589511	-4.624684	-0.072691	0	0	0	0	0	0
46056168638	1619.699219	530.800781	-3372.099609	72.000000	1631.699219	-460.199219	-137.130981	-10.134508	-19.789520	-1.632643	-4.805772	0.158864	0	0	0	0	0	0
46228564692	1747.699219	533.199219	-3523.400391	59.300781	1651.500000	-513.699219	-141.997879	-12.444242	-21.058254	-1.672969	-5.048990	0.069706	0	0	0	0	0	0
46379537926	1731.699219	544.199219	-3590.599609	60.500000	1736.800781	-498.699219	-144.548172	-10.658631	-22.136324	-1.819819	-5.203244	0.040333	0	0	0	0	0	0
46554628875	1769.398438	560.101562	-3692.000000	60.898438	1779.101562	-525.400391	-148.102432	-11.160383	-24.162395	-1.852837	-5.392773	0.080555	0	0	0	0	0	0
46727683398	1809.000000	571.300781	-3740.300781	73.000000	1787.699219	-520.400391	-149.641113	-11.781331	-23.812059	-1.891212	-5.474315	0.140468	0	0	0	0	0	0
46901643003	1807.500000	589.101562	-3751.500000	74.601562	1794.699219	-486.400391	-149.097473	-12.455269	-24.739336	-1.995330	-5.600950	0.272967	0	0	0	0	0	0
47079680513	1830.398438	602.101562	-3740.800781	98.300781	1779.199219	-481.199219	-149.094574	-13.341881	-25.017242	-1.976905	-5.606529	0.392006	0	0	0	0	0	0
47259472278	1810.000000	596.199219	-3693.599609	115.101562	1735.398438	-470.800781	-146.735245	-13.944394	-26.024240	-1.975746	-5.569264	0.490854	0	0	0	0	0	0
47439073364	1874.000000	613.898438	-3786.300781	104.500000	1756.800781	-472.500000	-150.327408	-15.616175	-27.340494	-2.035377	-5.760383	0.503027	0	0	0	0	0	0
47635497579	1771.800781	560.898438	-3480.699219	128.500000	1568.699219	-447.099609	-136.214554	-16.943542	-25.294281	-1.696372	-5.191566	0.494203	0	0	0	0	0	0
47821033961	1849.000000	477.601562	-2382.599609	265.101562	456.898438	-228.500000	-94.236771	-44.146633	-15.922047	-0.303422	-3.373985	1.461063	0	0	0	0	0	0
47980069300	2260.699219	296.500000	-1302.599609	307.601562	-949.599609	-117.800781	-53.952450	-87.885956	-1.830883	1.597072	-1.119980	1.833953	0	0	0	0	0	0
48133701899	2526.601562	362.500000	-350.000000	506.898438	-2143.500000	211.601562	-16.525877	-118.607620	4.681033	2.488175	0.149450	3.833831	0	0	0	0	0	0
48323135596	1545.300781	479.300781	1147.800781	737.300781	-2598.800781	783.199219	39.983818	-101.378967	24.981920	2.224456	3.137513	6.616933	0	0	0	0	0	0
48491115545	330.601562	388.101562	2124.199219	696.699219	-2231.300781	994.898438	71.527069	-61.510857	46.002842	1.414107	5.533731	6.639811	0	0	0	0	0	0
48632132552	-503.000000	328.601562	2464.601562	643.898438	-1687.599609	1038.199219	84.012474	-25.580153	54.041019	1.067126	6.040331	6.047320	0	0	0	0	0	0
48803017903	-1194.300781	159.300781	2425.000000	421.601562	-953.400391	838.398438	82.522179	12.045597	57.576149	0.887470	5.728717	3.942941	0	0	0	0	0	0
48968992595	-1705.900391	-32.300781	2119.500000	112.300781	-149.800781	531.898438	72.229530	47.830730	51.753574	0.551879	4.578368	1.383075	0	0	0	0	0	0
49124346795	-1969.000000	-47.599609	1710.898438	-40.400391	482.500000	385.000000	60.259018	68.253792	45.211933	-0.188123	3.075906	0.544927	0	0	0	0	0	0
49315740492	-683.699219	1174.199219	384.300781	1108.800781	263.601562	1268.199219	18.080462	22.263649	9.721595	-1.013530	-0.248190	10.788183	0	0	0	0	0	0
49490175361	353.800781	1691.601562	-247.599609	1614.500000	-297.599609	1627.800781	-5.150774	-16.391613	-15.339101	-0.228246	-1.130168	15.166012	0	0	0	0	0	0
49676610399	289.500000	136.000000	64.800781	125.101562	-381.599609	139.398438	-5.678373	-3.009703	-7.098578	2.215190	1.382487	0.782923	0	0	0	0	0	0
49830775543	-25.599609	-619.699219	595.601562	-549.300781	-511.400391	-465.000000	9.893497	7.498091	0.093688	3.139053	2.889953	-5.268178	0	0	0	0	0	0
50006987415	-55.300781	-969.199219	773.300781	-858.400391	-636.300781	-748.599609	15.869919	6.120885	1.400067	3.635059	3.322688	-8.014235	0	0	0	0	0	0
50175818707	-37.900391	-1171.199219	908.800781	-1032.199219	-776.800781	-912.500000	19.235619	3.007523	1.189081	4.007799	3.818442	-9.635962	0	0	0	0	0	0
50357467336	15.800781	-1291.500000	960.601562	-1134.199219	-865.400391	-1008.500000	22.534279	-2.367010	1.600643	4.043277	3.974800	-10.501694	0	0	0	0	0	0
50555534674	253.398438	-895.400391	771.601562	-750.099609	-976.199219	-660.199219	20.136072	-17.202473	-3.763020	3.282394	2.827106	-6.817016	0	0	0	0	0	0
50701031634	1133.699219	-406.699219	161.800781	-263.000000	-1416.500000	-312.599609	6.457741	-57.098289	-28.592257	2.815052	0.766098	-2.437796	0	0	0	0	0	0
50881507854	2167.199219	17.101562	-495.599609	156.699219	-1957.500000	-104.300781	-13.795936	-102.044273	-54.991646	2.825438	-1.071291	0.959763	0	0	0	0	0	0
51032111619	2832.699219	300.101562	-1010.800781	431.898438	-2163.900391	1.898438	-34.177879	-128.187576	-66.092995	2.817116	-2.011775	2.964968	0	0	0	0	0	0
51184378468	3063.000000	458.699219	-1743.199219	490.101562	-1790.800781	-62.699219	-62.106770	-123.543259	-83.737099	2.727504	-2.944321	3.150946	0	0	0	0	0	0
51332416456	2561.898438	392.500000	-2233.300781	316.699219	-876.599609	-229.199219	-81.712563	-86.054604	-101.375870	2.045367	-3.548069	1.684036	0	0	0	0	0	0
51509004496	1941.199219	344.101562	-2832.099609	101.699219	318.800781	-404.900391	-100.030022	-43.502537	-99.926369	0.376714	-4.863670	0.157953	0	0	0	0	0	0
51666666916	1095.300781	11.101562	-1721.900391	-163.300781	553.699219	-484.199219	-66.076653	-17.362467	-14.530874	-0.270691	-2.917057	-2.240700	0	0	0	0	0	0
51820691974	873.000000	-70.199219	-1175.199219	-221.099609	585.398438	-463.699219	-52.043324	-12.265752	47.808212	-0.632835	-1.744627	-2.717013	0	0	0	0	0	0
52018894639	703.601562	-489.199219	-616.000000	-562.400391	297.300781	-731.699219	-37.865391	-9.596921	57.215332	0.658560	0.071956	-5.751758	0	0	0	0	0	0
52199628732	979.800781	-669.400391	-492.099609	-663.300781	-280.199219	-828.099609	-28.647808	-28.084452	23.667919	1.422652	0.224271	-6.760488	0	0	0	0	0	0
52392609355	892.398438	-893.000000	-188.599609	-841.699219	-568.000000	-965.300781	-20.087076	-25.996668	9.547766	2.842075	1.467444	-8.297838	0	0	0	0	0	0
52566505616	771.800781	-1138.400391	159.898438	-1027.500000	-818.000000	-1095.300781	-4.940172	-26.048717	4.192700	3.389286	1.993704	-9.978014	0	0	0	0	0	0
52762215310	627.101562	-1406.300781	554.800781	-1244.199219	-1040.599609	-1228.300781	10.305352	-25.052946	4.150457	3.934778	2.775489	-11.876693	0	0	0	0	0	0
52942479988	467.101562	-1514.800781	686.101562	-1343.699219	-1009.300781	-1301.099609	14.268671	-19.652496	6.337946	3.952382	3.035964	-12.697347	0	0	0	0	0	0
53117105528	457.199219	-1589.500000	656.000000	-1421.300781	-963.500000	-1388.300781	13.316714	-18.222982	3.959639	3.922040	2.967157	-13.396857	0	0	0	0	0	0
53300849562	430.500000	-1499.800781	640.898438	-1340.400391	-932.599609	-1299.300781	13.700033	-17.990269	4.109131	3.680599	2.828944	-12.583059	0	0	0	0	0	0
53489739611	388.898438	-1454.800781	656.300781	-1295.900391	-929.300781	-1249.800781	15.179388	-17.658680	2.874787	3.565103	2.786352	-12.112657	0	0	0	0	0	0
53673350356	384.000000	-1469.099609	661.800781	-1307.500000	-918.300781	-1263.500000	14.950027	-17.038639	2.554531	3.601535	2.834719	-12.294334	0	0	0	0	0	0
53856052810	356.898438	-1494.900391	675.898438	-1334.099609	-901.900391	-1287.400391	15.738293	-16.006603	3.331256	3.589636	2.851945	-12.552680	0	0	0	0	0	0
54008081140	390.800781	-1488.900391	649.199219	-1314.599609	-912.500000	-1282.099609	15.088529	-17.280636	3.312585	3.490045	2.725891	-12.447522	0	0	0	0	0	0
54187798828	386.199219	-1516.699219	654.699219	-1349.000000	-900.900391	-1308.000000	14.534843	-16.837839	2.999365	3.550004	2.756162	-12.690651	0	0	0	0	0	0
54379324987	395.398438	-1525.599609	631.800781	-1360.400391	-884.400391	-1320.699219	13.789025	-16.593952	2.409350	3.484365	2.672122	-12.786765	0	0	0	0	0	0
54526593661	385.101562	-1517.099609	609.300781	-1355.500000	-860.500000	-1319.900391	13.619162	-15.925529	3.108177	3.404311	2.628040	-12.763862	0	0	0	0	0	0
54710022531	379.601562	-1502.199219	597.101562	-1337.900391	-847.900391	-1309.199219	13.329612	-16.060368	2.852433	3.355226	2.566148	-12.573546	0	0	0	0	0	0
54866302049	395.800781	-1513.199219	570.898438	-1355.599609	-841.800781	-1330.699219	11.544472	-15.851405	2.779125	3.365121	2.594460	-12.710546	0	0	0	0	0	0
55047331399	386.300781	-1523.699219	565.898438	-1362.000000	-823.800781	-1338.400391	11.661056	-15.266693	2.949898	3.348607	2.550361	-12.829867	0	0	0	0	0	0
55228862390	350.800781	-1485.800781	541.601562	-1336.400391	-751.000000	-1308.199219	11.151278	-13.744075	3.422530	3.116716	2.383727	-12.539038	0	0	0	0	0	0
55405027925	351.601562	-1441.300781	521.601562	-1305.400391	-748.199219	-1277.699219	10.345044	-13.898561	3.071677	3.119552	2.393388	-12.204696	0	0	0	0	0	0
55569759342	355.601562	-1467.800781	525.699219	-1324.300781	-740.599609	-1304.500000	10.438915	-13.756378	4.301220	3.056201	2.346114	-12.456947	0	0	0	0	0	0
55733550382	369.101562	-1472.500000	492.500000	-1332.800781	-708.599609	-1320.500000	9.176773	-13.385252	3.841551	3.041219	2.289407	-12.563879	0	0	0	0	0	0
55927468908	333.601562	-1353.000000	471.800781	-1209.099609	-682.400391	-1196.400391	9.615629	-13.211887	3.688019	2.798427	2.107243	-11.334906	0	0	0	0	0	0
56109338391	563.300781	-289.800781	273.000000	-184.599609	-849.800781	-186.900391	8.395924	-29.538160	-7.980242	1.879012	1.029883	-1.399583	0	0	0	0	0	0
56304092250	1021.199219	500.199219	-232.000000	562.398438	-986.699219	467.898438	-3.975021	-52.035767	-29.671227	0.834223	-0.569431	5.200080	0	0	0	0	0	0
56465733434	1240.000000	833.601562	-553.300781	887.199219	-974.800781	728.500000	-10.025534	-63.090546	-43.773781	-0.094521	-2.042895	8.034083	0	0	0	0	0	0
56635671498	1342.800781	1118.898438	-835.800781	1138.500000	-852.500000	938.398438	-16.890518	-65.259392	-51.481136	-0.835851	-3.154083	10.380492	0	0	0	0	0	0
56827393566	1324.898438	1273.398438	-845.199219	1288.300781	-828.699219	1094.500000	-18.359936	-63.414120	-50.191357	-0.771016	-3.018663	11.583422	0	0	0	0	0	0
57019310720	1034.800781	1137.300781	-562.000000	1140.398438	-759.400391	1009.500000	-10.378675	-50.085281	-39.709034	-0.484894	-2.131766	10.318494	0	0	0	0	0	0
57182520659	882.000000	1020.300781	-513.000000	1003.601562	-613.300781	891.898438	-14.253821	-40.039104	-30.920109	-0.008880	-1.359408	9.195325	0	0	0	0	0	0
57344398735	1040.601562	1114.000000	-695.099609	1097.699219	-601.099609	932.300781	-21.904284	-43.659328	-34.586281	0.044042	-1.552568	9.849054	0	0	0	0	0	0
57530775201	1094.300781	1244.398438	-848.099609	1188.300781	-532.300781	1017.898438	-27.035461	-45.044548	-39.796856	-0.250736	-1.944951	10.936202	0	0	0	0	0	0
57697582288	1145.101562	1272.398438	-931.500000	1215.601562	-494.400391	1022.699219	-29.386736	-46.134754	-39.595936	-0.377117	-2.123954	11.007216	0	0	0	0	0	0
57884374601	1090.398438	1298.699219	-979.500000	1228.000000	-419.199219	1037.300781	-30.352348	-44.010193	-40.147881	-0.641474	-2.307917	11.238533	0	0	0	0	0	0
58045376479	1098.398438	1334.101562	-1003.800781	1253.101562	-409.199219	1063.601562	-30.858448	-43.770489	-41.108109	-0.736048	-2.382073	11.511889	0	0	0	0	0	0
58225347233	1072.300781	1323.699219	-993.000000	1243.000000	-382.199219	1054.101562	-30.285332	-43.127560	-40.149048	-0.827859	-2.404261	11.339859	0	0	0	0	0	0
58420430523	1049.601562	1305.800781	-983.000000	1229.601562	-356.800781	1041.800781	-30.589960	-41.902485	-39.123886	-0.829228	-2.363298	11.141557	0	0	0	0	0	0
58603543473	1067.300781	1291.300781	-1017.500000	1210.601562	-345.099609	1018.398438	-32.100967	-42.145462	-38.540314	-0.826364	-2.376470	11.013442	0	0	0	0	0	0
58769311255	1073.398438	1269.601562	-1024.599609	1185.699219	-330.500000	983.601562	-32.980145	-41.646385	-38.909649	-0.777950	-2.330059	10.795331	0	0	0	0	0	0
58941375253	1110.601562	1288.300781	-1036.699219	1196.699219	-357.699219	1000.601562	-33.920273	-43.096722	-38.516636	-0.726955	-2.291587	10.904074	0	0	0	0	0	0
59138356269	1127.601562	1210.199219	-984.699219	1125.500000	-397.699219	932.601562	-32.581127	-44.076778	-36.968288	-0.617157	-2.193185	10.233608	0	0	0	0	0	0
59329557941	1264.800781	1228.699219	-1026.800781	1151.500000	-512.599609	929.300781	-34.630245	-50.319885	-37.525658	-0.450460	-2.185211	10.477859	0	0	0	0	0	0
59511433204	699.699219	560.898438	-549.000000	515.000000	-276.699219	399.699219	-18.569244	-22.280056	-18.543356	0.126207	-0.977693	4.151577	0	0	0	0	0	0
59666242615	18.699219	37.601562	-19.699219	32.699219	15.800781	37.601562	-2.839039	1.427940	1.584664	0.174675	-0.057742	0.146552	0	0	0	0	0	0
59872055174	-15.000000	48.500000	-39.800781	32.199219	67.101562	32.601562	-1.904359	3.650914	-1.167626	-0.085676	-0.123755	0.127592	0	0	0	0	0	0
60050083927	193.000000	178.398438	-1055.599609	128.800781	298.500000	42.699219	-11.555593	-6.143645	-104.059258	-2.253630	-5.519130	1.171422	0	0	0	0	0	0
60224484211	855.500000	390.300781	-1786.699219	335.800781	-199.500000	149.199219	-23.275776	-30.703440	-201.800644	-0.436670	-7.704015	2.850143	0	0	0	0	0	0
60374831638	1168.300781	309.800781	-1784.500000	296.300781	-631.000000	72.300781	-27.402184	-41.618458	-226.293701	1.502281	-6.937999	2.320135	0	0	0	0	0	0
60570719965	1303.500000	393.199219	-1968.900391	342.601562	-640.400391	94.199219	-31.928776	-43.617786	-232.747833	1.729038	-7.358423	2.818767	0	0	0	0	0	0
60737193349	1168.398438	328.000000	-1766.000000	281.500000	-646.500000	46.699219	-32.714493	-37.399406	-220.169846	2.160263	-5.554895	2.142053	0	0	0	0	0	0
60884507897	997.000000	237.398438	-1607.599609	214.898438	-622.800781	18.699219	-27.092327	-33.393665	-222.273621	1.796532	-5.389078	1.510327	0	0	0	0	0	0
61073229563	1021.800781	209.199219	-1513.400391	206.199219	-703.099609	-4.699219	-25.176216	-36.401817	-217.913879	1.934147	-5.157954	1.383456	0	0	0	0	0	0
61232566850	1060.199219	316.500000	-1457.900391	297.898438	-797.199219	103.800781	-26.495144	-35.720974	-216.385498	2.550808	-4.401460	2.397613	0	0	0	0	0	0
61416153173	1336.199219	369.398438	-1528.400391	341.800781	-1029.099609	113.699219	-33.499474	-44.978313	-221.896957	3.915117	-3.689022	2.783888	0	0	0	0	0	0
61606031013	1509.398438	412.800781	-1545.099609	376.300781	-1246.000000	127.101562	-37.650734	-48.546555	-230.070007	5.214937	-3.020739	3.170600	0	0	0	0	0	0
61786403507	1654.500000	411.101562	-1699.500000	373.101562	-1264.599609	93.199219	-42.598156	-52.058296	-233.642883	5.322741	-3.465644	3.022470	0	0	0	0	0	0
61954712158	1562.101562	428.199219	-1643.800781	391.101562	-1184.699219	124.800781	-39.788506	-49.776165	-228.770157	4.752299	-3.583784	3.251486	0	0	0	0	0	0
62132259135	1564.101562	413.101562	-1710.699219	379.101562	-1156.900391	105.500000	-40.935608	-50.074696	-234.322311	4.630529	-3.838167	3.136786	0	0	0	0	0	0
62309636462	1426.000000	407.199219	-1651.300781	375.300781	-1063.000000	117.800781	-36.538109	-48.130856	-230.461182	3.972584	-4.106472	3.025122	0	0	0	0	0	0
62485464347	1390.601562	374.898438	-1583.300781	358.699219	-1090.500000	114.500000	-33.855183	-47.038223	-226.586823	3.787133	-3.959398	2.949380	0	0	0	0	0	0
62666718483	1251.000000	369.601562	-1572.800781	342.398438	-937.599609	108.800781	-31.961357	-43.675976	-225.075485	3.149247	-4.234869	2.732110	0	0	0	0	0	0
62816899731	1124.398438	341.101562	-1426.500000	330.101562	-895.699219	125.500000	-27.181086	-40.218945	-214.586731	2.832271	-3.854488	2.559060	0	0	0	0	0	0
63000210989	379.601562	115.101562	-361.300781	83.398438	-461.900391	47.898438	-12.737480	-6.901662	-76.161652	2.435983	0.700741	0.650703	0	0	0	0	0	0
63184227133	68.898438	-2.900391	328.101562	-25.900391	-108.199219	13.398438	-3.087955	8.197716	55.081509	1.558336	1.876209	-0.124022	0	0	0	0	0	0
63367556780	416.000000	-65.500000	179.000000	-90.599609	72.601562	-118.199219	-8.039637	-1.595823	117.855392	1.460025	0.593168	-1.049980	0	0	0	0	0	0
63530757411	263.800781	-115.800781	220.699219	-146.199219	277.000000	-162.199219	-5.720876	4.205215	133.750778	0.307689	0.472167	-1.546627	0	0	0	0	0	0
63728374154	-58.300781	-256.900391	586.699219	-253.199219	324.699219	-213.699219	4.675058	8.230607	148.181473	-0.319142	1.522237	-2.575964	0	0	0	0	0	0
63895728784	181.300781	-247.400391	360.601562	-258.900391	323.500000	-260.800781	-1.990148	3.362638	149.225220	-0.277663	0.627967	-2.585515	0	0	0	0	0	0
64064890083	109.101562	-223.000000	433.000000	-229.800781	352.601562	-222.000000	0.741815	5.451330	156.990082	-0.408328	0.798163	-2.317890	0	0	0	0	0	0
64245668416	36.300781	-170.300781	392.898438	-185.099609	452.101562	-178.900391	0.897461	8.774881	155.343811	-0.721509	0.481872	-1.910602	0	0	0	0	0	0
64408628516	-221.300781	-161.800781	539.000000	-167.800781	542.800781	-132.699219	6.667518	14.812426	148.646378	-1.332857	0.853004	-1.735500	0	0	0	0	0	0
64621243942	-1.599609	-103.400391	246.300781	-141.300781	579.601562	-138.699219	-2.740923	10.186295	143.680313	-1.221946	-0.237138	-1.443728	0	0	0	0	0	0
64785606084	59.398438	-86.900391	184.500000	-131.000000	568.898438	-154.900391	-3.539454	9.281027	143.415894	-1.078678	-0.299673	-1.396524	0	0	0	0	0	0
64963354609	-109.300781	-62.300781	262.601562	-97.900391	626.101562	-95.800781	-0.662720	13.318101	139.884354	-1.510555	-0.059053	-1.092862	0	0	0	0	0	0
65127038473	-27.900391	-100.000000	248.000000	-143.800781	587.601562	-143.099609	-2.305430	10.898443	143.356827	-1.281252	-0.084086	-1.409560	0	0	0	0	0	0
65312287407	-33.300781	-73.800781	216.300781	-119.800781	644.199219	-126.900391	-3.042152	11.703661	143.320175	-1.486023	-0.300548	-1.215796	0	0	0	0	0	0
65492690871	36.601562	-47.500000	186.101562	-105.400391	615.601562	-120.099609	-4.755952	10.301640	145.062622	-1.377557	-0.461277	-1.071849	0	0	0	0	0	0
65682388792	101.398438	-41.400391	113.601562	-95.400391	618.101562	-114.699219	-5.971125	8.784494	147.505707	-1.165304	-0.623855	-1.051097	0	0	0	0	0	0
65839179834	49.500000	-26.500000	126.300781	-85.599609	648.601562	-105.300781	-4.956869	9.930223	144.194733	-1.300626	-0.634566	-0.956897	0	0	0	0	0	0
66015086194	-5.500000	-26.699219	181.898438	-82.699219	647.398438	-83.699219	-4.381015	10.897824	145.035751	-1.424576	-0.513776	-0.871321	0	0	0	0	0	0
66194825169	41.000000	-3.900391	157.199219	-56.400391	632.500000	-76.099609	-4.430951	9.612634	144.613235	-1.340520	-0.513066	-0.702109	0	0	0	0	0	0
66369978691	-19.199219	26.898438	125.601562	3.699219	372.199219	4.500000	-0.368918	7.796560	80.314644	-0.796337	-0.356902	-0.041139	0	0	0	0	0	0
66548136888	54.800781	-2.500000	-6.599609	-0.699219	-25.099609	-7.300781	-1.076375	0.963433	0.917188	0.207151	-0.018387	-0.015392	0	0	0	0	0	0
66697244981	0.199219	4.300781	12.601562	8.000000	8.101562	14.500000	-0.501564	1.955758	0.174786	0.056738	-0.002653	0.034799	0	0	0	0	0	0
66904548725	6.199219	9.800781	5.699219	10.101562	0.300781	18.199219	-0.603181	1.831147	-0.135462	0.063740	-0.012110	0.038086	0	0	0	0	0	0
67063117966	-0.400391	4.500000	6.898438	8.601562	10.898438	22.898438	-0.260604	1.850192	0.902866	0.059003	-0.006944	0.028925	0	0	0	0	0	0
67250996515	4.601562	7.500000	8.398438	12.601562	-0.699219	14.300781	-0.428305	1.957131	-1.214475	0.063268	-0.007384	0.046818	0	0	0	0	0	0
67409426665	3.398438	4.800781	10.101562	4.898438	0.300781	18.800781	-0.547767	1.786751	-0.094889	0.062169	-0.003067	0.040672	0	0	0	0	0	0
67550905691	8.101562	10.898438	10.101562	11.300781	-5.900391	10.800781	-0.560080	1.758839	-1.094713	0.064607	-0.008667	0.049892	0	0	0	0	0	0
67745303379	12.199219	8.300781	-0.500000	8.398438	-1.900391	14.101562	-0.514684	1.836402	-0.294009	0.067695	-0.006944	0.039933	0	0	0	0	0	0
67916334641	11.300781	9.101562	6.800781	5.300781	-4.400391	19.898438	-0.523744	1.683830	-0.064420	0.069896	-0.007991	0.039657	0	0	0	0	0	0
68069080119	15.000000	5.199219	6.398438	5.800781	-0.500000	10.699219	-0.524094	1.695340	-0.371775	0.068668	-0.009377	0.041809	0	0	0	0	0	0
68263781293	6.398438	7.398438	1.000000	8.000000	0.000000	10.800781	-0.616560	1.775978	0.362346	0.067968	-0.008150	0.035320	0	0	0	0	0	0
68431070832	2.898438	11.699219	10.398438	9.601562	2.199219	14.300781	-0.553160	1.705456	-1.328589	0.064150	-0.017325	0.049458	0	0	0	0	0	0
68614633712	12.101562	7.601562	8.601562	12.199219	3.699219	20.300781	-0.609910	1.751985	-0.914647	0.072413	-0.011289	0.044626	0	0	0	0	0	0
68801297110	8.601562	10.800781	-0.400391	12.300781	5.300781	20.398438	-0.413649	1.718460	0.704354	0.065410	-0.008426	0.030823	0	0	0	0	0	0
68969859810	3.601562	7.101562	5.699219	14.500000	3.300781	12.500000	-0.701811	1.707792	-0.173107	0.068901	-0.008953	0.042281	0	0	0	0	0	0
69172109916	4.300781	7.000000	6.199219	15.101562	0.398438	16.898438	-0.609363	1.811753	-1.446552	0.068897	-0.014838	0.049893	0	0	0	0	0	0
69373359221	4.601562	8.199219	2.101562	10.398438	0.300781	17.601562	-0.537113	1.859672	-1.490575	0.071842	-0.009563	0.049415	0	0	0	0	0	0
69522787535	3.898438	12.800781	1.000000	11.101562	1.300781	18.300781	-0.584850	1.729236	0.902856	0.069537	-0.010282	0.032077	0	0	0	0	0	0
69703443181	4.199219	5.699219	3.300781	12.601562	4.398438	17.101562	-0.484743	1.671421	0.740756	0.068393	-0.010498	0.030456	0	0	0	0	0	0
69896333939	2.800781	11.199219	7.000000	15.199219	-0.599609	21.699219	-0.665032	1.861051	-0.327597	0.067355	-0.005574	0.041797	0	0	0	0	0	0
70039606621	6.699219	15.398438	7.300781	11.699219	1.601562	21.199219	-0.557325	1.829111	-0.413854	0.065725	-0.005482	0.038603	0	0	0	0	0	0
70225171435	5.699219	-1.300781	2.300781	13.398438	0.199219	16.601562	-0.466081	1.744983	-0.534750	0.070284	-0.008284	0.039482	0	0	0	0	0	0
70418991611	10.300781	10.601562	4.398438	10.000000	2.898438	21.300781	-0.566218	1.823017	-0.374023	0.071589	-0.005895	0.040723	0	0	0	0	0	0
70571471635	6.898438	4.699219	6.199219	8.101562	3.800781	15.898438	-0.526417	1.736377	-1.419426	0.071601	-0.011382	0.047270	0	0	0	0	0	0
70747303287	2.300781	2.199219	2.500000	8.500000	1.101562	17.000000	-0.457206	1.765850	-0.377101	0.068469	-0.006559	0.039287	0	0	0	0	0	0
70925976719	6.500000	9.199219	6.000000	13.898438	1.300781	16.101562	-0.415014	1.736514	-0.612441	0.070858	-0.006818	0.040595	0	0	0	0	0	0
71072520625	0.101562	6.699219	10.898438	7.199219	2.601562	10.800781	-0.543884	1.936967	-1.403791	0.066497	-0.009164	0.050462	0	0	0	0	0	0
71267238789	2.699219	0.800781	10.500000	11.800781	1.300781	17.101562	-0.577765	1.699040	-0.567505	0.068087	-0.009309	0.041647	0	0	0	0	0	0
71432352043	2.699219	6.300781	8.000000	12.601562	3.500000	16.601562	-0.543769	1.873803	-1.639749	0.067309	-0.015608	0.050047	0	0	0	0	0	0
71633467376	5.601562	12.101562	10.398438	9.800781	0.500000	17.699219	-0.496748	1.859833	-1.146913	0.067228	-0.006538	0.044376	0	0	0	0	0	0
71838837048	10.500000	8.699219	5.699219	13.398438	3.699219	24.101562	-0.466434	1.783233	-0.494776	0.070535	-0.009759	0.039121	0	0	0	0	0	0
72034392392	3.500000	5.300781	13.199219	12.500000	7.000000	23.300781	-0.646499	1.828459	-1.104869	0.072353	-0.009233	0.046628	0	0	0	0	0	0
72227289397	7.500000	9.800781	7.300781	7.398438	-3.699219	18.699219	-0.483020	1.821192	-0.489940	0.072132	-0.009714	0.041271	0	0	0	0	0	0
72409996203	7.000000	4.000000	5.199219	9.601562	-0.099609	12.898438	-0.533059	1.745900	-0.532357	0.071019	-0.006766	0.040844	0	0	0	0	0	0
72586066388	6.300781	2.500000	6.898438	9.898438	2.800781	16.601562	-0.424954	1.746572	-0.372053	0.066359	-0.005691	0.041363	0	0	0	0	0	0
72763620244	9.601562	9.898438	0.898438	12.800781	-6.400391	18.601562	-0.477769	1.800941	0.205752	0.069307	-0.011990	0.035347	0	0	0	0	0	0
72955657227	9.398438	11.601562	8.800781	11.000000	2.300781	18.398438	-0.576580	1.802968	-0.140119	0.068827	-0.005826	0.039335	0	0	0	0	0	0
73076851744	6.398438	9.300781	10.101562	13.500000	8.300781	26.500000	-0.507873	1.858452	-0.334523	0.071768	-0.007769	0.040281	0	0	0	0	0	0
73194282052	8.601562	8.800781	11.398438	13.601562	6.398438	21.000000	-0.589180	1.757733	-0.605977	0.069833	-0.007821	0.042089	0	0	0	0	0	0
73337880358	4.398438	11.101562	3.800781	12.601562	5.601562	26.699219	-0.526931	1.790425	-0.451327	0.069983	-0.009736	0.040518	0	0	0	0	0	0
