862930	-0.400391	3.898438	4.000000	2.601562	1.300781	-1.800781	0.103928	0.106318	-0.257155	-0.001950	-0.001482	0.005943	0	0	0	0	0	0
280300974	0.300781	0.000000	4.199219	0.000000	1.699219	0.500000	0.147144	0.029227	-0.220307	-0.003854	-0.003170	0.005023	0	0	0	0	0	0
589298657	6.699219	2.398438	1.199219	6.800781	8.601562	3.601562	0.111824	0.063452	-0.607955	-0.002352	-0.012294	0.005349	0	0	0	0	0	0
887655503	1.101562	-1.000000	7.101562	3.101562	3.500000	4.398438	0.059246	0.006933	-0.294488	-0.005205	0.000351	0.007177	0	0	0	0	0	0
1171233596	-0.800781	0.101562	7.300781	11.000000	4.500000	6.199219	0.026321	0.082491	-0.218215	-0.002753	-0.005640	0.004760	0	0	0	0	0	0
1468982921	-4.900391	0.500000	6.601562	8.898438	7.199219	7.898438	0.100599	-0.061082	-0.540424	0.000768	-0.006393	0.004141	0	0	0	0	0	0
1773938659	-0.599609	-4.599609	2.601562	1.101562	4.199219	6.101562	0.039907	0.008867	0.777107	-0.000013	-0.001165	-0.003746	0	0	0	0	0	0
2061206044	-0.800781	1.101562	4.500000	1.500000	2.398438	-0.099609	0.180772	0.090371	-1.301032	-0.003432	-0.006142	0.012098	0	0	0	0	0	0
2391940922	6.199219	9.199219	1.601562	5.898438	9.699219	8.398438	0.142218	0.138104	0.624411	-0.003114	-0.000389	-0.003930	0	0	0	0	0	0
2733522799	3.300781	-3.099609	0.398438	6.398438	-0.199219	-0.199219	0.168579	0.056771	0.120224	-0.003731	-0.005508	-0.001328	0	0	0	0	0	0
3140900756	-1.800781	-3.599609	9.601562	2.800781	2.500000	-0.599609	0.117339	0.169507	-0.450044	0.000429	-0.004132	0.006959	0	0	0	0	0	0
3534973860	2.101562	-1.300781	7.898438	7.699219	8.699219	3.601562	0.041559	-0.006091	0.626202	-0.005425	-0.008318	-0.003999	0	0	0	0	0	0
3938979035	1.601562	-1.599609	-1.300781	9.000000	-0.900391	-9.300781	-0.389619	-0.308222	-0.712059	0.025446	-0.014994	-0.029519	0	0	0	0	0	0
4388197640	-869.900391	-326.800781	679.699219	-300.599609	308.300781	-161.699219	19.414339	27.972088	18.071665	-1.005665	2.007276	-2.698056	0	0	0	0	0	0
4801139803	-322.699219	-127.599609	1094.898438	-10.400391	-572.699219	129.101562	25.335857	-1.374143	35.197285	1.324342	4.006930	0.143498	0	0	0	0	0	0
5156751836	1301.500000	336.699219	-1076.099609	349.500000	-678.000000	165.199219	-17.832409	-41.447136	-82.402901	2.599308	-4.538072	2.839351	0	0	0	0	0	0
5569532060	-1594.400391	-636.400391	1270.601562	-634.099609	512.601562	-361.900391	31.687117	57.583858	29.407183	-0.009186	4.737903	-5.166155	0	0	0	0	0	0
5960506596	497.199219	118.500000	1227.800781	246.300781	-1950.400391	456.500000	28.480455	-19.641832	-38.576763	9.050620	6.351849	2.951221	0	0	0	0	0	0
6278175587	2242.101562	656.898438	-680.400391	717.699219	-2201.099609	535.300781	-14.610311	-74.096489	-110.273537	9.461898	-1.580931	6.317287	0	0	0	0	0	0
6648111668	183.398438	-381.800781	-558.699219	-440.500000	-5.300781	-426.800781	-4.800967	15.449261	-77.388550	3.668561	-2.629466	-4.041393	0	0	0	0	0	0
6999026195	-1144.900391	-839.199219	61.000000	-939.500000	1033.601562	-796.500000	11.990682	55.746922	-18.458591	-0.948482	-1.367878	-8.061577	0	0	0	0	0	0
7364136251	-808.199219	-216.800781	871.000000	-185.300781	356.199219	-60.500000	18.384035	21.992842	71.907394	-1.524540	2.709136	-1.586174	0	0	0	0	0	0
7756606305	1428.398438	325.500000	-475.400391	344.800781	-1094.000000	222.199219	-14.967235	-45.280659	-26.499798	5.396012	-0.914651	3.208121	0	0	0	0	0	0
8140397846	1114.199219	-51.000000	-667.699219	-34.800781	-763.500000	-192.800781	-19.553251	-38.947796	-62.009369	2.598500	-1.478250	-0.580388	0	0	0	0	0	0
8540453945	694.398438	368.000000	1281.000000	588.699219	-2106.300781	751.699219	48.953663	-50.922089	-20.359629	4.716307	3.425178	5.596407	0	0	0	0	0	0
8911104107	-1724.599609	-267.199219	1606.500000	-182.300781	206.800781	157.601562	52.683952	55.798103	18.248238	0.268763	4.129500	-1.359137	0	0	0	0	0	0
9271934143	-1470.199219	-404.099609	-204.099609	-693.800781	1802.199219	-509.000000	-4.935068	79.316193	22.559149	-2.534072	-1.941901	-5.288179	0	0	0	0	0	0
9657861328	1181.601562	105.101562	-2418.300781	-169.900391	1189.199219	-515.699219	-69.313858	-7.110615	-12.767166	-0.751356	-8.077488	-1.716980	0	0	0	0	0	0
10030006830	2532.000000	647.199219	-2093.500000	597.601562	-900.099609	141.300781	-49.273731	-84.595322	-81.089813	3.326464	-7.246886	4.721079	0	0	0	0	0	0
10443325948	-134.000000	-31.199219	1867.300781	204.898438	-1768.599609	551.300781	70.638901	-8.826955	-6.807327	6.898014	4.293170	2.387528	0	0	0	0	0	0
10838961594	2858.500000	658.800781	-1238.199219	758.898438	-2229.699219	378.398438	-26.287533	-107.583290	-108.624031	7.286185	-4.482740	6.010156	0	0	0	0	0	0
11232703038	499.500000	-282.599609	-1780.199219	-480.300781	900.800781	-627.900391	-30.899839	17.921240	-73.392410	1.227034	-8.055868	-4.937909	0	0	0	0	0	0
11624223937	-1032.300781	-890.699219	-106.000000	-1026.800781	1196.800781	-876.000000	5.946969	69.298492	-1.154893	1.286222	-2.064239	-8.781013	0	0	0	0	0	0
12005107894	2060.199219	-56.800781	-504.400391	47.699219	-1778.500000	-144.099609	-11.924971	-74.335648	-46.912056	7.011663	-1.402373	0.116338	0	0	0	0	0	0
12381520869	2260.300781	279.000000	347.500000	503.000000	-2860.900391	392.000000	28.135355	-99.071205	-46.900364	8.026854	0.072103	4.073967	0	0	0	0	0	0
12654314452	660.500000	-260.300781	1909.398438	71.300781	-2594.199219	349.601562	74.591599	-50.654961	-7.173845	7.304479	4.196553	0.844387	0	0	0	0	0	0
13032465203	-1226.599609	-528.000000	1826.300781	-364.500000	-543.400391	1.300781	59.783630	42.427658	7.423738	4.354741	5.094940	-2.965789	0	0	0	0	0	0
13385311116	208.601562	1015.601562	90.500000	1069.101562	-705.300781	1151.601562	19.737411	-12.263264	-57.760296	2.545050	-1.528837	10.148777	0	0	0	0	0	0
13764313565	1615.000000	1092.398438	-1026.400391	1119.601562	-1166.400391	913.601562	-18.890676	-57.722958	-94.336517	3.567739	-3.887523	9.370619	0	0	0	0	0	0
14138474583	454.500000	-810.699219	-582.599609	-774.099609	-313.699219	-855.199219	-11.254617	-5.460988	-91.485741	2.747251	-1.727590	-7.537814	0	0	0	0	0	0
14525228635	267.000000	-485.800781	68.199219	-466.000000	31.101562	-503.099609	-7.240773	1.050049	58.579826	1.263229	0.465884	-4.499768	0	0	0	0	0	0
14907959231	246.898438	-376.099609	85.601562	-361.099609	341.000000	-405.099609	-1.026265	2.000232	114.416191	-0.078769	-1.233369	-3.664291	0	0	0	0	0	0
15275152812	239.300781	-199.199219	377.699219	-173.300781	-194.000000	-170.500000	-1.566993	-0.180137	68.538826	2.384396	2.085329	-1.662609	0	0	0	0	0	0
15625124715	1484.800781	295.500000	-748.199219	317.300781	-1230.599609	177.500000	-16.871332	-41.508850	-92.527306	6.552965	-2.212213	2.855599	0	0	0	0	0	0
16006805616	1371.000000	-207.000000	-1653.000000	-220.599609	-552.400391	-459.800781	-28.323610	-33.046787	-156.518524	3.519878	-6.486587	-2.947561	0	0	0	0	0	0
16373195449	-773.400391	-943.000000	-1071.699219	-1012.800781	1473.101562	-1042.099609	5.324383	35.314663	-80.634018	-5.949711	-8.571519	-9.643832	0	0	0	0	0	0
16752517757	-1961.900391	-803.300781	476.101562	-878.900391	1559.199219	-709.900391	20.072245	61.579002	10.775465	-6.629381	0.224012	-7.546132	0	0	0	0	0	0
17120325637	156.898438	-146.199219	503.101562	-35.000000	-815.699219	3.898438	13.621351	-13.633963	-29.504351	2.320755	2.422215	-0.418027	0	0	0	0	0	0
17481525088	-505.099609	-478.800781	1412.500000	-231.900391	-833.300781	-35.199219	56.399891	-6.179677	8.788326	0.755069	2.527313	-2.377597	0	0	0	0	0	0
17890835117	-499.800781	-270.099609	1995.000000	80.199219	-1528.800781	375.300781	80.208298	-16.860752	-4.641395	2.106139	3.758056	0.638320	0	0	0	0	0	0
18281721901	-995.699219	-498.099609	2814.101562	-81.099609	-1700.800781	389.199219	103.593727	-4.346403	17.795164	2.883457	6.300863	-0.629167	0	0	0	0	0	0
18659951888	-146.800781	69.898438	701.101562	202.699219	-616.000000	300.101562	26.936232	-7.579483	-12.176690	1.029605	1.426788	1.787914	0	0	0	0	0	0
19038004023	1113.000000	472.000000	-1890.500000	245.898438	675.898438	-117.300781	-79.066582	-15.195764	-14.066618	-0.451864	-2.170204	1.870823	0	0	0	0	0	0
19405880130	1487.199219	566.101562	-2624.300781	255.199219	1027.000000	-221.199219	-105.473198	-19.917240	-16.589928	-1.099229	-3.630170	1.774907	0	0	0	0	0	0
19790964567	2126.500000	716.101562	-2458.400391	535.601562	97.898438	-9.000000	-95.341057	-60.701801	-39.115456	-0.062698	-3.512233	3.981405	0	0	0	0	0	0
20055411574	2568.800781	1125.398438	-1710.599609	1114.398438	-1190.800781	593.800781	-62.736046	-103.574776	-50.556576	0.892611	-2.695818	9.004498	0	0	0	0	0	0
20441104186	1703.199219	754.101562	539.800781	994.199219	-2360.099609	899.699219	22.967274	-98.466125	-17.104179	2.775766	1.335438	8.472918	0	0	0	0	0	0
20774937282	-125.599609	572.601562	1985.199219	883.601562	-1797.500000	1169.199219	73.282898	-35.211216	17.292734	1.988477	4.264323	8.116733	0	0	0	0	0	0
21154664490	-1044.500000	133.398438	2391.000000	430.000000	-1161.300781	827.601562	82.548119	7.439209	37.026257	1.993709	5.697186	4.046605	0	0	0	0	0	0
21520960651	-1696.000000	-135.300781	1984.000000	2.000000	-83.099609	401.601562	66.761772	53.634003	37.317905	1.437097	4.460339	0.445088	0	0	0	0	0	0
21943909689	-1946.500000	-440.599609	770.199219	-661.000000	1419.199219	-330.099609	17.633692	98.195915	41.675545	0.414943	1.959622	-4.822803	0	0	0	0	0	0
22329968405	-4.699219	434.199219	-1788.800781	12.699219	1902.699219	-140.800781	-73.897331	45.599922	22.355396	-1.697317	-3.098359	0.759436	0	0	0	0	0	0
22704998860	1938.601562	1000.101562	-3125.300781	685.699219	980.601562	132.601562	-110.182808	-38.814430	-32.542469	-1.866027	-6.819117	5.574443	0	0	0	0	0	0
23048807997	936.101562	1086.000000	-257.300781	1160.300781	-938.699219	1063.199219	1.961415	-48.919281	-36.131378	0.436177	-1.576430	10.127796	0	0	0	0	0	0
23425200587	-34.900391	83.699219	1173.199219	354.300781	-1255.599609	521.601562	57.984608	-31.247503	-21.500137	0.453006	0.248431	2.943071	0	0	0	0	0	0
23811155269	-671.300781	312.398438	1020.601562	428.101562	-452.599609	609.500000	38.632603	11.153354	-13.380499	0.622596	2.459996	4.078904	0	0	0	0	0	0
24181560143	171.000000	259.898438	120.800781	311.101562	-517.300781	386.898438	13.824845	-1.173653	-41.276176	3.135329	-1.905822	2.558939	0	0	0	0	0	0
24573519103	888.800781	176.199219	-780.300781	128.398438	-667.500000	116.101562	-1.146792	-6.973190	-92.646706	6.546275	-4.476832	1.390100	0	0	0	0	0	0
24949742233	35.300781	-47.000000	663.398438	1.300781	-1111.699219	108.601562	0.303919	1.547437	-71.171410	5.871207	6.361776	0.305517	0	0	0	0	0	0
25318301388	-88.300781	261.101562	-1466.699219	209.101562	946.601562	98.800781	-1.993084	-1.507110	-109.073692	-6.387490	-9.666082	1.351910	0	0	0	0	0	0
25707592807	-1195.199219	-72.000000	648.601562	7.300781	79.199219	36.699219	-1.801362	-0.006522	-78.447922	-6.227089	6.692275	-0.299597	0	0	0	0	0	0
26095384403	2718.699219	187.000000	-2675.199219	120.199219	-890.800781	-144.800781	-13.726675	-41.198433	-161.712753	12.936769	-17.509325	0.646365	0	0	0	0	0	0
26442219219	-62.300781	-112.300781	868.101562	-30.599609	-1417.300781	93.398438	4.256509	-5.413384	-112.017784	5.704743	8.205411	0.092367	0	0	0	0	0	0
26821853471	-367.800781	-209.800781	-316.699219	-178.599609	213.300781	-86.400391	29.488251	14.638373	-90.537506	-0.370481	-6.521965	-1.576460	0	0	0	0	0	0
27158610117	216.000000	28.500000	-661.699219	29.699219	105.699219	8.500000	8.043783	-3.013936	-65.605530	0.090846	-5.794220	0.276137	0	0	0	0	0	0
27503211012	-2115.199219	100.898438	1342.800781	120.000000	672.500000	420.199219	42.359871	56.108601	-14.017290	-4.257388	4.360475	1.610501	0	0	0	0	0	0
27872079039	-1250.500000	-79.300781	739.601562	-60.099609	454.398438	104.800781	21.484453	33.133427	-8.314592	-2.308353	2.224568	-0.330505	0	0	0	0	0	0
28225078563	-940.800781	-9.099609	743.000000	50.398438	92.300781	188.101562	20.203812	19.522446	-17.258844	-1.567555	2.737784	0.507497	0	0	0	0	0	0
28604848566	-1443.099609	292.300781	1897.300781	505.500000	-389.400391	855.199219	70.830101	16.900011	16.383957	-2.036910	3.291491	4.782674	0	0	0	0	0	0
28934020222	-1400.199219	662.398438	1871.500000	855.000000	-610.300781	1244.199219	74.832207	26.110567	-12.581249	0.809038	3.350943	8.320104	0	0	0	0	0	0
29293777003	-289.300781	622.398438	646.300781	728.000000	-523.099609	855.800781	28.424026	-8.712825	-23.517344	0.204159	0.111410	7.019082	0	0	0	0	0	0
29682473559	2013.199219	1184.601562	-1559.400391	1255.300781	-950.800781	895.898438	-20.343496	-87.249458	-79.328873	-0.936852	-8.481820	10.234447	0	0	0	0	0	0
30045031832	640.500000	-285.099609	-31.500000	-276.400391	-861.599609	-332.199219	-21.013262	-16.350653	-51.779713	4.568118	3.984313	-2.752706	0	0	0	0	0	0
30443406876	19.898438	-182.800781	483.199219	-85.099609	-663.900391	-23.300781	14.763109	-9.441469	-32.786068	1.814017	1.917794	-0.530306	0	0	0	0	0	0
30823303459	1001.500000	348.199219	-37.099609	442.199219	-1232.199219	357.000000	-4.255274	-48.574039	-46.899071	2.610317	1.038799	3.747895	0	0	0	0	0	0
31236136787	482.101562	348.699219	235.000000	496.199219	-949.699219	485.101562	21.777605	-35.776566	-35.274361	0.005277	-0.732946	3.988171	0	0	0	0	0	0
31621235788	-68.699219	813.101562	453.101562	901.199219	-591.300781	997.699219	27.467323	-16.768671	-27.497561	-0.515087	-0.502639	8.027611	0	0	0	0	0	0
32019212568	-409.099609	-973.199219	891.300781	-821.199219	-510.800781	-705.400391	24.083727	7.346100	-20.225489	1.686975	3.347877	-7.789388	0	0	0	0	0	0
32389297816	-685.000000	-1248.699219	936.800781	-1096.000000	-257.099609	-957.500000	27.846052	17.231394	-17.100996	0.983836	3.079851	-10.365363	0	0	0	0	0	0
32723235218	-638.300781	-1312.099609	776.500000	-1169.400391	-140.400391	-1057.300781	23.608524	17.993832	-15.326102	0.804452	2.492078	-11.029456	0	0	0	0	0	0
33051762104	-522.699219	-1307.000000	613.898438	-1187.699219	-85.500000	-1096.099609	18.490271	14.948731	-14.929798	0.654129	2.011523	-11.098138	0	0	0	0	0	0
33395227704	-543.900391	-1332.199219	604.101562	-1207.599609	-40.900391	-1122.500000	18.560335	15.823143	-12.998237	0.482160	1.827711	-11.284021	0	0	0	0	0	0
33708065196	-501.099609	-1353.500000	590.800781	-1224.599609	-61.500000	-1148.800781	18.371630	14.546928	-12.185496	0.496649	1.772895	-11.593946	0	0	0	0	0	0
34072332858	-514.300781	-1401.599609	637.199219	-1273.099609	-88.800781	-1184.900391	19.794485	14.652076	-11.059690	0.590921	1.864857	-11.913574	0	0	0	0	0	0
34440975298	-530.400391	-1435.699219	667.101562	-1305.199219	-86.099609	-1210.099609	20.579412	15.425978	-10.270206	0.657619	1.941165	-12.195767	0	0	0	0	0	0
34817536066	-524.500000	-1410.000000	654.601562	-1284.599609	-89.400391	-1190.500000	20.956175	15.302567	-8.901236	0.637987	1.860858	-12.008058	0	0	0	0	0	0
35174288111	-523.699219	-1430.900391	684.699219	-1290.300781	-116.199219	-1199.400391	21.880745	14.394894	-9.250707	0.686706	1.897881	-12.073615	0	0	0	0	0	0
35548429700	-507.500000	-1418.000000	661.500000	-1279.800781	-113.400391	-1185.500000	21.322008	14.477721	-8.628185	0.704105	1.885922	-12.040821	0	0	0	0	0	0
35927967407	-501.500000	-1318.000000	684.300781	-1180.800781	-122.099609	-1079.699219	22.561197	13.249005	-7.489138	0.614292	1.761112	-10.871768	0	0	0	0	0	0
36322783429	638.300781	455.898438	-228.599609	510.699219	-609.000000	431.898438	-2.959797	-35.167660	-33.073097	0.069289	-0.700199	4.570924	0	0	0	0	0	0
36689883762	1063.199219	713.699219	-640.400391	746.101562	-707.599609	574.300781	-15.604703	-52.341297	-42.642052	-0.271008	-1.681470	6.551013	0	0	0	0	0	0
37069638029	1293.398438	805.500000	-930.900391	825.898438	-696.199219	598.300781	-23.022509	-61.073334	-52.479630	-0.779897	-2.673301	7.117883	0	0	0	0	0	0
37446402614	1329.800781	928.601562	-998.000000	943.000000	-665.599609	699.800781	-23.552700	-62.284557	-53.219666	-0.986479	-3.259263	8.102407	0	0	0	0	0	0
37808904425	1306.601562	1005.800781	-967.199219	1017.300781	-672.800781	784.601562	-21.116615	-62.353233	-50.806656	-1.097584	-3.442582	8.814859	0	0	0	0	0	0
38203067980	1399.800781	1051.000000	-1021.099609	1064.800781	-713.599609	804.898438	-23.184523	-65.206894	-50.890694	-1.014455	-3.498510	9.100678	0	0	0	0	0	0
38579312195	1467.601562	1104.601562	-1098.900391	1102.300781	-729.900391	831.199219	-25.237062	-67.878998	-53.621704	-1.127048	-3.792990	9.510656	0	0	0	0	0	0
38949535172	1535.500000	1077.000000	-1172.099609	1068.898438	-727.699219	791.000000	-27.456472	-70.116707	-53.742069	-1.170676	-3.979932	9.182425	0	0	0	0	0	0
39325563382	1458.300781	933.601562	-969.000000	935.500000	-798.500000	688.800781	-21.745939	-67.028114	-48.262608	-0.693693	-3.197457	7.738424	0	0	0	0	0	0
39692995255	563.000000	-639.699219	371.898438	-476.699219	-959.000000	-506.400391	11.535964	-34.240177	-16.025316	1.699850	1.348590	-4.952033	0	0	0	0	0	0
40053531306	617.800781	-962.599609	501.300781	-778.699219	-1085.699219	-796.500000	10.920633	-35.806957	-8.366493	2.428975	2.419110	-7.572561	0	0	0	0	0	0
40388562018	1194.000000	620.699219	-423.300781	673.898438	-965.500000	518.199219	-13.050776	-57.658550	-28.901123	0.826379	-0.773748	6.061331	0	0	0	0	0	0
40749252676	1305.000000	860.800781	-638.199219	872.398438	-938.500000	672.898438	-22.501827	-55.962105	-40.886608	0.915929	-0.899342	7.401876	0	0	0	0	0	0
41122674804	554.300781	-774.000000	371.398438	-632.900391	-932.300781	-665.599609	2.672302	-24.883860	-15.938545	2.926699	2.680727	-6.457319	0	0	0	0	0	0
41517524975	717.000000	175.000000	27.101562	284.101562	-898.500000	223.601562	1.019857	-40.671825	-29.818178	1.201660	0.121320	2.807694	0	0	0	0	0	0
41915655176	1586.500000	1402.300781	-711.000000	1453.101562	-1232.699219	1231.699219	-17.345842	-75.692665	-49.811584	0.494478	-2.252116	13.199557	0	0	0	0	0	0
42232551733	534.300781	-423.199219	131.199219	-308.199219	-755.500000	-358.099609	-0.795557	-23.121805	-24.014828	2.066823	1.427670	-3.488892	0	0	0	0	0	0
42552793146	122.898438	-1082.099609	524.101562	-944.500000	-651.000000	-921.699219	8.011289	-5.890720	-17.908920	2.707266	2.959214	-9.186667	0	0	0	0	0	0
42849451026	65.101562	-99.000000	320.699219	-8.300781	-498.400391	24.398438	13.676994	-13.650207	-22.930574	0.618459	0.685179	0.145407	0	0	0	0	0	0
43229668368	1209.199219	908.699219	-679.000000	956.199219	-876.800781	762.398438	-14.555246	-58.814404	-51.009720	-0.148487	-2.286758	7.982018	0	0	0	0	0	0
43613652251	1345.398438	122.699219	-289.400391	230.699219	-1140.300781	52.699219	-9.799585	-66.065323	-17.297165	1.352805	-0.410656	1.546754	0	0	0	0	0	0
43995837601	643.000000	106.800781	-90.900391	143.199219	-579.199219	83.000000	-2.243239	-28.522768	-6.404469	0.609796	-0.081025	0.924239	0	0	0	0	0	0
44377132943	-1364.599609	-64.000000	670.898438	-131.199219	798.000000	61.500000	19.448164	58.547565	18.805788	-0.659630	1.853815	-0.749340	0	0	0	0	0	0
44735363689	-1055.500000	-46.099609	2335.000000	248.398438	-1173.000000	631.898438	75.666107	6.852189	22.387325	2.493058	6.581644	2.519078	0	0	0	0	0	0
45107707873	2036.800781	480.101562	9.500000	609.101562	-2379.599609	430.500000	-14.257055	-93.839279	-55.430386	5.882899	3.463034	5.261963	0	0	0	0	0	0
45464254563	1777.601562	767.699219	-1789.699219	684.898438	-525.000000	303.300781	-57.479782	-60.018265	-91.334633	0.982003	-3.514713	5.374644	0	0	0	0	0	0
45789544217	400.000000	459.300781	-1149.099609	404.601562	319.500000	248.500000	-16.669405	-16.888418	-70.496666	-2.580214	-5.026344	3.126062	0	0	0	0	0	0
46135166608	-301.900391	-330.400391	914.199219	-146.099609	-589.400391	-27.199219	40.700584	-7.834740	0.156393	0.241340	1.120229	-1.630415	0	0	0	0	0	0
46467335057	-1023.199219	-297.500000	2299.000000	19.398438	-1177.699219	426.500000	87.981239	3.617766	16.683119	1.524006	4.421165	0.427493	0	0	0	0	0	0
46783746880	-144.300781	-103.800781	995.800781	81.699219	-839.400391	226.898438	35.102695	-13.200686	1.382681	1.349369	2.182415	0.627286	0	0	0	0	0	0
47096834580	954.500000	295.000000	-1472.000000	109.500000	441.898438	-160.000000	-64.433296	-13.417070	-12.161044	0.389550	-1.248452	0.826821	0	0	0	0	0	0
47436938852	2114.601562	610.898438	-3089.599609	267.199219	812.699219	-316.800781	-125.630096	-39.371521	-24.912128	-0.007089	-4.051909	1.659902	0	0	0	0	0	0
47758575350	2501.398438	576.300781	-2490.599609	433.500000	-236.300781	-183.900391	-97.615860	-77.652977	-40.421791	0.804209	-3.612191	2.625966	0	0	0	0	0	0
48078861626	2443.000000	922.601562	-535.199219	1037.398438	-2037.300781	699.199219	-22.272427	-116.465927	-18.484829	2.063700	0.023608	8.435107	0	0	0	0	0	0
48479961042	378.300781	984.199219	1953.398438	1297.699219	-2257.800781	1536.398438	65.946098	-64.780853	23.747578	1.302343	5.200327	11.843148	0	0	0	0	0	0
48836722209	-1253.099609	492.601562	2148.800781	702.398438	-706.800781	1054.398438	67.010216	18.510477	41.796055	0.720435	5.906230	6.650903	0	0	0	0	0	0
49233018739	-1743.500000	-104.699219	806.601562	-300.099609	1203.199219	-18.199219	13.112480	83.284302	52.465965	-0.132380	2.825009	-1.769280	0	0	0	0	0	0
49575697674	-1051.800781	111.101562	-918.000000	-395.699219	2177.398438	-270.300781	-43.490704	82.808815	43.562611	-2.076742	-1.767448	-1.930127	0	0	0	0	0	0
49884132465	1470.300781	926.199219	-2886.099609	383.199219	1364.300781	56.199219	-109.997940	-9.316624	-0.809022	-1.831910	-5.594189	3.970470	0	0	0	0	0	0
50199970950	826.800781	746.000000	-696.099609	582.398438	334.601562	412.699219	-41.561947	-20.083221	90.920181	-1.539230	-0.532059	5.087751	0	0	0	0	0	0
50560276116	833.300781	525.500000	-949.800781	274.500000	951.699219	60.898438	-58.610264	-6.483254	149.617065	-2.044225	-0.871077	2.336654	0	0	0	0	0	0
50880890669	971.898438	161.398438	-1024.300781	-30.300781	851.199219	-254.000000	-49.963989	-13.517590	141.131332	-2.192121	-2.814953	-0.629937	0	0	0	0	0	0
51209514046	817.000000	61.500000	-892.699219	-88.800781	439.398438	-246.500000	-36.954369	-10.742189	57.941635	-0.343000	-2.287370	-0.864321	0	0	0	0	0	0
51453109259	445.101562	154.101562	-635.400391	68.898438	-154.199219	-1.199219	-21.015030	-9.576268	-63.688709	0.947628	-1.086269	0.760241	0	0	0	0	0	0
51819771072	760.101562	212.300781	-928.000000	169.199219	-684.800781	52.101562	-23.574604	-26.791950	-155.769028	2.158941	-1.606306	1.450029	0	0	0	0	0	0
52194144447	646.699219	120.000000	-891.599609	84.300781	-638.300781	-22.500000	-20.794403	-22.917568	-159.698303	1.964075	-1.727836	0.590640	0	0	0	0	0	0
52560122819	588.800781	-2.400391	-793.500000	-33.400391	-670.599609	-106.800781	-18.374687	-21.105787	-159.516022	2.247526	-1.324779	-0.409563	0	0	0	0	0	0
52936733524	568.300781	-38.199219	-746.800781	-52.199219	-738.599609	-130.099609	-15.684029	-21.017258	-169.558517	2.416920	-1.139567	-0.603908	0	0	0	0	0	0
53272020037	199.500000	-38.000000	-401.199219	-63.900391	-497.400391	-61.300781	-5.721595	-6.172489	-125.122406	1.816090	-0.584264	-0.524905	0	0	0	0	0	0
53662183270	155.101562	-98.300781	-87.300781	-162.000000	212.601562	-161.699219	-7.921730	1.830548	48.382034	-0.362625	-0.554848	-1.312145	0	0	0	0	0	0
54039619325	145.398438	-114.500000	-151.000000	-243.099609	743.601562	-277.000000	-14.967242	12.841220	127.387726	-1.117960	-1.102845	-2.125632	0	0	0	0	0	0
54410080060	433.601562	-210.400391	-285.699219	-330.699219	714.199219	-407.199219	-21.212664	2.801413	148.818146	-1.173022	-1.529783	-3.014519	0	0	0	0	0	0
54807579962	441.601562	-33.000000	-397.000000	-158.699219	498.000000	-224.300781	-21.360195	0.108413	88.916985	-0.459713	-1.362186	-1.201057	0	0	0	0	0	0
55193520083	-562.500000	-88.000000	1630.500000	96.800781	-952.400391	383.699219	60.515686	-2.387980	23.330931	1.228630	3.351330	1.312648	0	0	0	0	0	0
55562170342	-1253.300781	-237.099609	3012.199219	153.800781	-1453.199219	644.000000	108.948662	1.835708	56.096951	1.377808	6.118945	1.626730	0	0	0	0	0	0
55966217317	-1425.599609	-277.099609	3239.000000	150.601562	-1497.500000	684.300781	117.953842	5.472363	61.450104	1.294567	6.528024	1.549976	0	0	0	0	0	0
56327378172	-145.000000	-94.300781	411.000000	-99.900391	-159.400391	-25.599609	6.699162	7.334248	21.363457	1.123360	1.516963	-0.605208	0	0	0	0	0	0
56698863706	923.800781	334.898438	-1779.099609	12.398438	874.699219	-236.500000	-76.206436	-1.618712	4.556260	-0.418857	-2.359833	0.333901	0	0	0	0	0	0
57053922644	1393.199219	468.000000	-2521.500000	81.800781	1106.398438	-321.900391	-105.668373	-9.286398	-1.444692	-0.669476	-3.473244	0.624538	0	0	0	0	0	0
57463251937	1857.398438	536.398438	-2170.699219	301.398438	250.199219	-141.800781	-87.394005	-43.901440	-9.704460	0.196387	-3.152744	2.164004	0	0	0	0	0	0
57751273656	1984.898438	425.101562	-479.400391	480.101562	-1496.000000	192.898438	-24.396223	-86.914642	3.229835	2.124510	-0.407644	3.712757	0	0	0	0	0	0
58120338058	2972.800781	698.199219	-760.099609	791.199219	-2267.500000	359.199219	-33.927483	-133.385864	-7.675299	2.624882	-0.994424	5.995374	0	0	0	0	0	0
58512802220	3300.898438	792.199219	-920.000000	889.101562	-2460.699219	391.898438	-39.989243	-147.492249	-10.828802	2.653429	-1.319937	6.733584	0	0	0	0	0	0
58874420957	3415.398438	890.699219	-1055.800781	980.500000	-2475.900391	436.699219	-44.953384	-149.713730	-13.730610	2.669146	-1.534233	7.562926	0	0	0	0	0	0
59268475016	3492.199219	899.601562	-1122.300781	985.800781	-2481.800781	428.398438	-46.570992	-153.231354	-16.247337	2.727818	-1.827948	7.420771	0	0	0	0	0	0
59655181003	3490.398438	868.800781	-1140.300781	958.500000	-2448.699219	401.898438	-47.615292	-152.894577	-15.135435	2.677311	-1.854769	7.135641	0	0	0	0	0	0
60034159847	327.500000	127.398438	-48.000000	79.101562	-273.099609	63.699219	-7.008200	-6.781572	0.846065	1.196160	0.528727	0.717798	0	0	0	0	0	0
60402203910	-1054.199219	-81.800781	312.699219	-225.400391	809.601562	-64.199219	4.586163	58.369568	11.763293	0.599308	1.291140	-1.448492	0	0	0	0	0	0
60776337978	-1645.099609	-178.099609	430.300781	-404.699219	1327.000000	-150.500000	6.628096	88.498146	20.218382	0.413112	1.696979	-2.623966	0	0	0	0	0	0
61117551993	-1822.599609	-200.699219	440.898438	-462.099609	1521.601562	-183.500000	6.284256	98.310471	24.573759	0.260493	1.725158	-3.034966	0	0	0	0	0	0
61494614604	-1975.000000	-213.800781	501.699219	-485.300781	1615.601562	-176.000000	9.215048	103.650757	28.217505	0.048130	1.607623	-3.150999	0	0	0	0	0	0
61822403310	-2035.900391	-192.400391	507.199219	-490.300781	1669.101562	-160.599609	10.436014	106.981888	26.906925	0.014602	1.487478	-3.054828	0	0	0	0	0	0
62163254564	-1949.199219	-214.000000	450.101562	-506.800781	1643.601562	-200.000000	8.435264	104.400223	25.987968	0.031243	1.380060	-3.244347	0	0	0	0	0	0
62522044171	-1769.599609	-320.500000	827.300781	-475.599609	1114.898438	-173.400391	22.941414	85.618538	29.874287	0.538639	2.139989	-3.277854	0	0	0	0	0	0
62871948441	-1046.000000	-168.000000	1848.300781	4.601562	-579.400391	336.601562	60.709709	23.096416	38.731674	2.128792	4.428533	0.513933	0	0	0	0	0	0
63210130369	1051.398438	273.101562	1214.500000	480.699219	-2173.500000	576.898438	32.951412	-67.272491	19.642569	4.110957	4.171588	4.667177	0	0	0	0	0	0
63536629924	2042.699219	544.898438	530.898438	702.699219	-2580.400391	591.500000	7.223533	-104.047234	1.338416	4.466388	2.893104	6.235643	0	0	0	0	0	0
63882063393	2727.898438	733.000000	-317.300781	833.398438	-2543.300781	504.898438	-23.269661	-123.535255	-21.695261	4.493774	1.078391	6.831786	0	0	0	0	0	0
64248434711	2814.800781	732.699219	-1473.800781	715.199219	-1611.099609	232.300781	-63.091591	-106.764229	-44.338940	3.216128	-1.458077	5.285321	0	0	0	0	0	0
64609877679	2333.101562	647.300781	-2419.900391	474.000000	-305.199219	-43.699219	-90.236481	-68.512566	-65.354042	0.983246	-4.262943	3.285042	0	0	0	0	0	0
64988040615	1187.000000	223.199219	-2151.000000	-35.000000	606.199219	-356.400391	-75.165421	-14.994385	-61.041088	-0.272550	-4.320928	-0.883045	0	0	0	0	0	0
65385138828	-653.199219	-433.599609	38.898438	-564.000000	649.101562	-475.599609	-4.225209	43.279598	0.779120	0.727882	0.711697	-4.708469	0	0	0	0	0	0
65754659022	-595.800781	-241.500000	767.800781	-231.199219	82.300781	-81.599609	22.904284	23.702976	41.616951	0.745530	1.631455	-1.724846	0	0	0	0	0	0
66133060061	593.800781	234.699219	918.300781	356.398438	-1386.599609	431.199219	22.163881	-38.694633	26.345543	2.806014	3.363864	3.379091	0	0	0	0	0	0
66519533118	1759.898438	386.800781	335.300781	518.398438	-2152.300781	390.398438	-2.371665	-84.310753	-10.831652	4.516739	2.980950	4.388739	0	0	0	0	0	0
66766074927	2252.898438	538.101562	-595.500000	600.601562	-1935.500000	306.300781	-29.795603	-93.995422	-49.733715	4.173823	0.384249	4.770837	0	0	0	0	0	0
67156556052	2591.898438	699.300781	-327.500000	835.398438	-2424.199219	524.800781	-14.181792	-122.675087	-26.063589	3.209802	-0.188761	6.705355	0	0	0	0	0	0
67556637592	1340.398438	786.199219	277.601562	915.800781	-1737.000000	838.398438	10.605606	-74.046593	-14.820477	2.018429	0.486998	8.052570	0	0	0	0	0	0
67955807862	140.898438	41.601562	347.500000	83.199219	-488.099609	121.000000	12.133779	-10.903573	-0.442400	0.680584	0.646576	0.692345	0	0	0	0	0	0
68258363433	-660.099609	-37.000000	1667.800781	197.101562	-942.699219	470.898438	66.136566	-4.030964	10.354696	0.453273	2.729430	1.945035	0	0	0	0	0	0
68650002427	-1131.599609	-171.900391	2347.300781	145.800781	-1086.300781	537.699219	91.107010	4.316631	21.820650	0.424087	3.928047	1.473682	0	0	0	0	0	0
69019581897	-1305.500000	-101.300781	2587.101562	257.601562	-1180.099609	718.300781	103.830727	6.368677	19.630203	0.417306	3.841578	2.521590	0	0	0	0	0	0
69375785275	-1294.900391	-92.400391	2661.300781	281.398438	-1281.400391	746.898438	107.212769	3.827438	19.666348	0.590815	3.972521	2.749456	0	0	0	0	0	0
69737375997	-1366.699219	-94.300781	2745.300781	300.898438	-1284.900391	763.699219	111.013649	4.913329	20.135193	0.446045	3.892576	2.807352	0	0	0	0	0	0
70119647820	-1305.500000	-70.800781	2677.800781	324.101562	-1297.699219	785.300781	110.822250	3.083360	15.655184	0.618055	3.580157	3.030646	0	0	0	0	0	0
70518990326	-1334.599609	-97.000000	2882.101562	326.601562	-1452.800781	815.699219	116.665749	-0.096544	19.503096	0.598844	4.120269	3.050319	0	0	0	0	0	0
70886834390	-780.000000	-58.800781	1587.898438	153.300781	-766.000000	425.601562	60.083557	4.363210	9.505189	0.543933	2.336138	1.413387	0	0	0	0	0	0
71269927564	234.101562	99.699219	-525.000000	-31.599609	262.101562	-89.800781	-24.121449	2.464858	-1.232715	-0.169791	-0.703983	-0.032890	0	0	0	0	0	0
71671078997	1028.199219	439.398438	-2312.800781	22.300781	1256.199219	-301.099609	-97.940117	3.777272	-2.194745	-0.996904	-3.157913	0.425909	0	0	0	0	0	0
72009160905	1471.300781	520.101562	-3098.599609	16.000000	1563.101562	-403.599609	-127.979561	-1.030085	-9.091565	-1.360559	-4.348888	0.229576	0	0	0	0	0	0
72368120413	1601.500000	559.699219	-3294.699219	46.898438	1593.699219	-427.900391	-135.038727	-4.251317	-13.243633	-1.370309	-4.618434	0.315450	0	0	0	0	0	0
72747171597	1681.500000	563.800781	-3400.500000	50.300781	1613.898438	-440.300781	-138.530075	-5.602707	-15.863015	-1.408468	-4.808688	0.223080	0	0	0	0	0	0
73091193819	1681.199219	559.101562	-3413.800781	39.199219	1614.000000	-439.300781	-139.401825	-6.097424	-17.860216	-1.415299	-4.835469	0.238319	0	0	0	0	0	0
73413526174	1677.000000	583.898438	-3441.800781	36.800781	1635.699219	-423.300781	-140.525955	-5.855336	-19.523460	-1.485894	-4.916535	0.308336	0	0	0	0	0	0
73750029672	1737.800781	628.800781	-3512.000000	91.898438	1633.601562	-398.599609	-142.726913	-7.546886	-19.571690	-1.504115	-4.981247	0.752507	0	0	0	0	0	0
74045194872	1805.898438	656.000000	-3587.199219	108.898438	1639.300781	-380.000000	-146.249603	-9.632788	-20.631195	-1.535001	-5.128343	0.902008	0	0	0	0	0	0
74376505339	1953.300781	711.199219	-3799.000000	148.000000	1692.199219	-388.599609	-154.208939	-12.463963	-24.642685	-1.577246	-5.420257	1.254212	0	0	0	0	0	0
74703151799	284.699219	140.898438	-646.300781	-20.199219	358.101562	-88.599609	-24.840828	2.135801	-2.777486	-0.192054	-1.078616	-0.030969	0	0	0	0	0	0
75043079641	246.800781	81.101562	-87.900391	37.800781	-139.300781	32.199219	-5.737165	-7.128913	-0.785183	0.403729	-0.041999	0.504925	0	0	0	0	0	0
75415379234	2324.199219	44.300781	-313.500000	169.699219	-2057.000000	-98.699219	-14.830938	-105.193382	-13.830754	3.394968	-0.332058	0.846699	0	0	0	0	0	0
75807878220	3197.300781	130.000000	-408.599609	310.800781	-2867.400391	-92.099609	-19.374554	-145.962616	-18.275991	4.570038	-0.501142	1.572947	0	0	0	0	0	0
76132810193	3084.800781	-61.699219	-241.400391	102.199219	-2879.199219	-267.900391	-16.215939	-139.146973	-12.539113	5.305847	0.153524	-0.223290	0	0	0	0	0	0
76497812273	3570.300781	138.398438	-399.199219	307.101562	-3244.300781	-146.099609	-21.175747	-161.499695	-20.766788	5.471935	-0.290354	1.386746	0	0	0	0	0	0
76871497593	3521.699219	126.601562	-355.400391	297.898438	-3244.199219	-135.900391	-19.181767	-160.453461	-18.451141	5.421591	-0.268662	1.246322	0	0	0	0	0	0
77235975085	3503.000000	131.699219	-323.699219	294.101562	-3253.199219	-144.599609	-18.002460	-160.698486	-18.857866	5.352797	-0.270473	1.259247	0	0	0	0	0	0
77605788561	3489.500000	125.398438	-395.800781	295.500000	-3156.599609	-136.900391	-20.233335	-159.131042	-18.826908	5.189857	-0.477284	1.222528	0	0	0	0	0	0
77947659403	3532.898438	193.101562	-401.500000	358.000000	-3215.199219	-98.900391	-20.573679	-162.380066	-19.505772	5.157816	-0.476983	1.821362	0	0	0	0	0	0
78331723462	3655.300781	259.800781	-502.199219	409.000000	-3243.000000	-64.599609	-24.028801	-166.040756	-20.723412	5.050718	-0.710619	2.297050	0	0	0	0	0	0
78708455306	148.101562	-9.599609	7.101562	-34.199219	-142.400391	-22.500000	-3.381298	-1.043532	1.401336	0.785393	0.364029	-0.253290	0	0	0	0	0	0
79077293354	-1302.500000	171.300781	463.898438	-14.400391	955.800781	191.898438	3.739130	67.271988	23.508732	0.084703	2.426352	0.834971	0	0	0	0	0	0
79433034504	-2182.199219	305.800781	762.000000	-22.000000	1539.601562	342.601562	8.115608	109.389664	33.169216	0.369013	4.026258	1.505042	0	0	0	0	0	0
79773530734	-2230.500000	307.000000	793.601562	-29.500000	1588.300781	343.300781	7.655614	112.712486	36.756191	0.374230	4.255843	1.463548	0	0	0	0	0	0
80155507980	-2400.400391	341.398438	866.398438	-28.000000	1666.601562	387.601562	10.821864	120.021675	36.048157	0.510616	4.317343	1.701142	0	0	0	0	0	0
80516652686	-2392.800781	337.601562	868.398438	-27.099609	1650.800781	395.101562	12.335645	119.835533	34.377457	0.576620	4.276148	1.729475	0	0	0	0	0	0
80864715320	-2383.000000	317.898438	868.800781	-45.000000	1644.101562	381.000000	11.165564	119.281395	34.577183	0.599406	4.361253	1.548772	0	0	0	0	0	0
81211524148	-2358.300781	319.500000	863.601562	-39.199219	1607.199219	378.699219	11.724648	118.168266	33.827534	0.681904	4.364674	1.624948	0	0	0	0	0	0
81564668847	-302.400391	65.898438	102.500000	-17.699219	188.398438	76.898438	-1.605081	18.363092	-2.239205	0.536954	0.844959	0.298757	0	0	0	0	0	0
81957542258	266.300781	-2.099609	5.398438	5.699219	-284.699219	8.601562	-1.379277	-9.490650	-5.890987	0.458186	-0.035638	0.217683	0	0	0	0	0	0
82319155665	14.101562	10.601562	12.699219	-8.699219	-14.500000	8.199219	-1.260015	1.734116	-1.086752	0.120389	0.031892	0.042531	0	0	0	0	0	0
82676332817	11.000000	10.000000	12.800781	-18.599609	-11.599609	12.000000	-1.118071	1.811943	-0.078035	0.118198	0.036519	0.036971	0	0	0	0	0	0
83053047293	11.500000	12.500000	8.199219	-10.099609	-14.599609	6.300781	-1.081590	1.980728	-0.431256	0.118036	0.036326	0.034949	0	0	0	0	0	0
83416399316	10.398438	4.101562	13.800781	-16.900391	-12.300781	6.898438	-1.285276	1.821582	-0.653844	0.119090	0.036643	0.042374	0	0	0	0	0	0
83787627525	12.500000	4.398438	6.300781	-15.000000	-11.300781	16.601562	-1.182055	1.853089	0.763419	0.120426	0.034294	0.026705	0	0	0	0	0	0
84191891977	9.800781	6.000000	5.000000	-12.300781	-14.699219	18.101562	-1.123925	1.865204	-0.194857	0.119844	0.032202	0.036397	0	0	0	0	0	0
84591072964	12.101562	-0.099609	7.898438	-12.300781	-16.699219	6.898438	-1.061579	1.757855	-0.240684	0.115138	0.035553	0.034146	0	0	0	0	0	0
84994866181	11.398438	4.800781	8.800781	-14.599609	-13.900391	10.398438	-1.077961	1.764456	-0.081390	0.117161	0.035209	0.035609	0	0	0	0	0	0
85343246878	13.300781	10.500000	13.101562	-11.300781	-12.599609	16.800781	-1.074261	1.803840	-0.119511	0.116760	0.033374	0.035149	0	0	0	0	0	0
85665758852	15.300781	5.300781	4.199219	-15.599609	-17.000000	17.398438	-1.184191	1.860069	-0.234655	0.121121	0.027546	0.035516	0	0	0	0	0	0
85995257335	8.000000	2.500000	12.000000	-13.400391	-13.699219	9.601562	-1.129367	1.829008	-0.350093	0.120864	0.027196	0.036964	0	0	0	0	0	0
86321520413	15.398438	2.898438	14.199219	-18.099609	-13.199219	17.800781	-1.180407	1.795722	-0.273401	0.120021	0.027924	0.036266	0	0	0	0	0	0
86601860422	14.398438	10.500000	16.500000	-19.000000	-14.000000	18.699219	-1.201977	1.929519	-0.121248	0.119720	0.035273	0.033727	0	0	0	0	0	0
86884230520	11.601562	12.601562	6.199219	-14.099609	-11.300781	24.101562	-1.182467	2.007433	0.003412	0.119606	0.036125	0.036026	0	0	0	0	0	0
87180146355	8.300781	8.000000	15.898438	-15.400391	-10.099609	19.601562	-1.176610	1.834968	-0.613391	0.116384	0.027954	0.040527	0	0	0	0	0	0
