1360968	-4.199219	-0.500000	-1.199219	-2.000000	-0.900391	0.898438	-0.010277	0.063518	-0.201165	-0.001502	0.001978	-0.003091	0	0	0	0	0	0
115049159	-2.599609	-3.599609	0.101562	1.101562	-2.400391	11.000000	-0.077578	0.048418	0.426609	-0.000868	0.006244	-0.002216	0	0	0	0	0	0
244146689	-6.199219	-2.000000	0.800781	0.601562	-4.199219	1.699219	0.044539	-0.099619	0.224906	-0.000731	0.001909	-0.003198	0	0	0	0	0	0
424973630	-6.199219	0.000000	-2.300781	-2.000000	-5.199219	3.898438	0.059408	0.056221	0.310618	-0.000261	0.006392	-0.000839	0	0	0	0	0	0
592919299	-4.000000	7.800781	-0.400391	8.898438	3.300781	3.500000	-0.116611	-0.012082	0.114934	-0.004525	0.006298	-0.001729	0	0	0	0	0	0
747075842	-0.199219	0.300781	8.199219	10.101562	-3.400391	4.101562	0.059289	0.017896	-0.428498	-0.001194	0.002598	0.001565	0	0	0	0	0	0
896827374	-2.699219	1.500000	-2.599609	4.300781	2.699219	8.898438	-0.012301	-0.002380	0.964928	-0.003961	0.002888	-0.008019	0	0	0	0	0	0
1049719834	0.300781	2.101562	4.300781	2.300781	0.601562	3.398438	0.043693	0.044293	0.193296	-0.002304	0.005482	-0.001390	0	0	0	0	0	0
1196286437	-0.599609	1.699219	2.800781	3.500000	2.300781	9.199219	-0.032045	-0.041227	1.270844	-0.004196	0.006626	-0.010553	0	0	0	0	0	0
1351532449	-1.900391	4.101562	1.398438	5.101562	7.300781	6.800781	-0.116817	0.046017	0.307805	-0.003472	0.006599	-0.003556	0	0	0	0	0	0
1539427729	1.898438	4.898438	-4.599609	3.500000	-0.800781	3.898438	-0.050464	-0.069393	0.343395	-0.003129	-0.003954	-0.005495	0	0	0	0	0	0
1691241143	-2.699219	3.000000	3.398438	5.199219	2.398438	7.800781	-0.023819	-0.014198	0.038866	-0.000739	-0.000190	-0.000354	0	0	0	0	0	0
1849726765	-0.500000	6.300781	3.300781	1.898438	-1.699219	0.601562	0.052168	0.124174	-0.346708	-0.001055	0.007279	0.002651	0	0	0	0	0	0
1998276654	3.101562	4.000000	0.601562	3.398438	4.601562	7.898438	-0.016942	0.113053	1.274494	-0.001844	0.004247	-0.010489	0	0	0	0	0	0
2197271056	-2.500000	5.000000	-3.199219	1.601562	-4.000000	1.898438	-0.083824	0.126344	0.388612	-0.004260	0.005603	-0.003865	0	0	0	0	0	0
2391773060	3.800781	0.898438	-4.099609	0.300781	1.000000	7.000000	0.032236	0.012908	0.153522	-0.004520	0.001640	-0.002744	0	0	0	0	0	0
2578217600	-4.199219	4.000000	-0.099609	4.101562	1.398438	1.000000	-0.111237	0.068281	1.269254	0.000543	0.004906	-0.011679	0	0	0	0	0	0
2764671605	2.800781	-3.199219	1.699219	-1.900391	-4.099609	-0.900391	0.060256	0.008838	0.428536	-0.005194	0.005361	-0.001982	0	0	0	0	0	0
2930466424	-2.099609	2.601562	5.601562	6.300781	1.500000	3.800781	0.067190	0.076520	0.195775	-0.001475	0.002024	-0.001017	0	0	0	0	0	0
3103278182	-5.000000	3.101562	0.898438	0.601562	-6.000000	0.898438	-0.084684	0.025921	-0.077750	-0.004982	0.001401	-0.001607	0	0	0	0	0	0
3270142261	-1.800781	9.398438	6.101562	4.601562	-1.699219	7.601562	-0.068870	0.085988	0.087403	-0.004586	-0.000277	0.001118	0	0	0	0	0	0
3466883914	-4.800781	3.398438	2.601562	0.898438	-7.199219	-6.199219	0.061841	-0.018858	-0.612215	-0.005332	0.005521	0.006835	0	0	0	0	0	0
3677051385	-1.500000	3.398438	2.000000	4.398438	0.300781	2.398438	-0.105906	0.085944	1.275337	-0.001331	0.001596	-0.010434	0	0	0	0	0	0
3848778567	-9.000000	4.898438	-0.300781	6.699219	3.101562	-2.900391	-0.012878	-0.144522	-0.386285	-0.004893	0.001719	0.003269	0	0	0	0	0	0
4038191003	-1.400391	2.800781	-3.000000	8.800781	-1.800781	3.101562	-0.069965	-0.013514	1.197366	-0.002731	-0.001119	-0.009834	0	0	0	0	0	0
4201941126	1.699219	0.199219	-9.300781	1.601562	-0.500000	-4.500000	-0.184241	-0.401968	0.137649	0.015571	-0.011104	-0.001398	0	0	0	0	0	0
4381753762	-6.000000	9.300781	8.101562	1.300781	-6.800781	-1.900391	-0.006844	0.007436	0.084108	-0.009146	-0.002758	-0.001131	0	0	0	0	0	0
4577617732	-0.800781	4.101562	2.898438	10.300781	-2.800781	6.800781	0.028403	0.019120	0.883249	-0.004531	0.000123	-0.010283	0	0	0	0	0	0
4775141999	-1.800781	7.101562	1.000000	8.000000	-3.699219	4.800781	-0.102692	-0.060000	0.192482	0.003567	-0.002260	-0.000576	0	0	0	0	0	0
4978814151	-1.099609	4.898438	-1.900391	4.398438	2.300781	-0.900391	0.118080	0.203471	0.551204	0.025987	-0.023904	0.002347	0	0	0	0	0	0
5141375332	-106.599609	50.101562	164.500000	67.398438	-77.000000	94.500000	7.248065	0.754885	0.279006	-0.003983	0.163339	0.640523	0	0	0	0	0	0
5334729486	-140.199219	55.300781	212.500000	77.601562	-64.800781	115.601562	8.039161	1.094278	1.091395	-0.099939	0.281151	0.678042	0	0	0	0	0	0
5527081558	-29.300781	10.898438	53.300781	18.199219	-17.300781	22.101562	1.570039	0.295531	-0.467601	-0.001314	0.070245	0.138574	0	0	0	0	0	0
5712299037	-28.300781	20.398438	66.601562	21.300781	-32.699219	30.199219	2.225735	0.007258	-0.343084	0.060412	0.125568	0.195623	0	0	0	0	0	0
5884871132	-57.699219	28.300781	103.199219	38.601562	-55.900391	47.800781	4.253714	0.383692	-0.569417	0.072965	0.179365	0.355991	0	0	0	0	0	0
6064063140	-88.199219	31.199219	122.800781	40.601562	-51.800781	52.398438	4.942230	1.239711	-0.497195	0.060314	0.205496	0.363422	0	0	0	0	0	0
6254851242	-96.599609	-66.199219	160.000000	-42.500000	-56.199219	-23.199219	6.369656	1.256055	0.746671	0.012983	0.208134	-0.489090	0	0	0	0	0	0
6424495963	-111.199219	-79.199219	162.101562	-54.300781	-53.099609	-33.800781	6.173831	1.947107	1.470895	0.025476	0.269092	-0.561598	0	0	0	0	0	0
6608834736	-53.099609	-15.300781	56.000000	-5.400391	-2.400391	0.199219	1.650258	1.363509	-0.383742	-0.013017	0.068854	-0.067801	0	0	0	0	0	0
6771867130	-67.099609	37.398438	9.500000	22.898438	54.601562	35.300781	-0.012443	3.221429	0.235924	-0.048377	0.025679	0.263586	0	0	0	0	0	0
6939558684	-87.800781	46.800781	11.898438	40.898438	74.199219	53.300781	0.274956	4.163225	1.228571	-0.066627	0.024728	0.356465	0	0	0	0	0	0
7127758950	-72.099609	46.000000	17.199219	42.398438	47.800781	50.101562	0.384091	3.174289	-0.114980	0.000571	0.079449	0.432442	0	0	0	0	0	0
7299040291	79.601562	59.000000	6.699219	66.199219	-87.000000	53.300781	-0.100916	-4.330004	1.448525	0.124759	0.059699	0.487053	0	0	0	0	0	0
7507459728	119.101562	48.601562	2.000000	62.699219	-130.699219	37.500000	-0.022127	-6.358141	0.912452	0.146551	0.043786	0.522264	0	0	0	0	0	0
7678845661	34.800781	24.101562	-1.400391	34.199219	-35.000000	20.800781	-0.016024	-1.954154	0.855709	0.029702	0.010194	0.189092	0	0	0	0	0	0
7837566405	4.601562	-2.300781	-70.099609	-16.099609	69.800781	-19.199219	-3.259469	1.285173	0.937616	-0.094379	-0.126780	-0.171443	0	0	0	0	0	0
8022782644	49.398438	-32.000000	-114.000000	-47.699219	57.601562	-70.699219	-5.136435	0.120759	-0.116914	0.002500	-0.087554	-0.470655	0	0	0	0	0	0
8207881273	47.898438	-30.599609	-81.400391	-39.400391	32.199219	-58.900391	-3.844944	-0.274467	-0.266928	0.006330	-0.068641	-0.401063	0	0	0	0	0	0
8390392991	30.898438	-16.900391	-73.199219	-27.800781	40.300781	-41.400391	-3.320308	0.196603	-0.746569	-0.019900	-0.068890	-0.295427	0	0	0	0	0	0
8561548907	29.300781	-15.800781	-73.000000	-23.099609	39.101562	-35.000000	-2.941587	0.111613	0.560935	-0.022946	-0.085990	-0.292057	0	0	0	0	0	0
8748573466	33.300781	-12.000000	-39.500000	-14.300781	7.300781	-32.000000	-1.772210	-0.734527	-0.305381	-0.033174	-0.079345	-0.158858	0	0	0	0	0	0
8946695506	270.699219	-35.300781	-123.199219	-16.000000	-144.500000	-80.599609	-4.950736	-10.951409	1.162675	0.288522	-0.205649	-0.358143	0	0	0	0	0	0
9105653028	266.000000	-37.300781	-134.800781	-18.699219	-132.000000	-72.400391	-5.669767	-10.315797	0.139104	0.151536	-0.134154	-0.330327	0	0	0	0	0	0
9298469559	116.601562	-5.500000	-44.800781	2.699219	-72.699219	-15.599609	-1.731655	-4.741188	0.328466	0.083635	-0.041010	-0.061362	0	0	0	0	0	0
9451204654	-14.699219	32.398438	60.601562	38.601562	-40.900391	41.800781	3.055707	-0.587975	-0.067915	0.003912	0.075876	0.352233	0	0	0	0	0	0
9639482666	-165.000000	94.000000	154.800781	94.398438	6.500000	127.398438	6.658949	3.918048	1.857884	-0.168816	0.130417	0.909670	0	0	0	0	0	0
9800106195	-234.800781	120.300781	198.300781	121.199219	28.101562	172.601562	8.525027	6.134848	2.506588	-0.226923	0.153887	1.214821	0	0	0	0	0	0
9981191340	-204.599609	103.300781	115.101562	91.000000	78.199219	128.300781	5.337879	6.549715	1.438646	-0.201733	0.117883	0.952379	0	0	0	0	0	0
10144771997	-101.199219	52.000000	40.199219	47.300781	54.101562	59.101562	1.496602	4.007446	0.314565	-0.087280	0.035597	0.440158	0	0	0	0	0	0
10307668321	-24.500000	7.398438	-8.099609	3.898438	29.800781	4.300781	-0.702697	1.414343	0.294214	-0.014783	0.013249	0.056367	0	0	0	0	0	0
10498794146	40.800781	-28.599609	-61.900391	-39.000000	18.898438	-41.300781	-3.561940	-0.051635	0.279292	0.102921	0.044722	-0.437983	0	0	0	0	0	0
10697067601	-11.099609	-106.500000	8.300781	-100.699219	1.898438	-104.000000	-0.546092	0.598289	0.561531	0.100172	0.098155	-1.015711	0	0	0	0	0	0
10886287629	-22.599609	-4.800781	37.300781	9.699219	-25.900391	2.101562	1.830546	-0.431847	0.669909	0.025007	0.067453	0.016549	0	0	0	0	0	0
11053541382	-22.599609	143.000000	-11.800781	133.101562	15.101562	141.300781	0.043179	-0.093098	-2.112529	-0.228705	-0.146681	1.278962	0	0	0	0	0	0
11221750840	-43.699219	126.898438	14.398438	121.898438	0.800781	131.398438	1.544925	0.644894	-0.243224	-0.142404	-0.034235	1.126545	0	0	0	0	0	0
11412833824	-105.699219	63.398438	136.000000	67.101562	-34.300781	95.101562	5.206850	2.355999	0.908917	0.178390	0.333004	0.707077	0	0	0	0	0	0
11598038168	31.199219	-8.000000	23.199219	-4.300781	-73.800781	-10.500000	-0.071329	-1.563905	-2.167341	0.265051	0.197812	-0.138962	0	0	0	0	0	0
11776832410	60.300781	-26.300781	-8.500000	-21.599609	-62.400391	-35.500000	-1.378477	-2.154207	-2.107322	0.260392	0.156803	-0.293328	0	0	0	0	0	0
11938766927	1.699219	2.398438	-10.599609	-3.099609	-1.099609	-10.500000	-0.707762	0.467066	-0.670143	0.075998	0.046077	-0.097790	0	0	0	0	0	0
12118217225	-122.400391	-36.300781	14.000000	-51.599609	96.500000	-25.800781	0.823906	6.300656	-0.805271	-0.060799	-0.038470	-0.442432	0	0	0	0	0	0
12311812522	-205.699219	-4.500000	132.199219	-7.900391	70.699219	35.500000	5.694303	7.036219	-0.061857	-0.167046	0.071566	0.004314	0	0	0	0	0	0
12485863440	-167.800781	83.500000	143.000000	94.601562	19.500000	123.101562	6.322957	4.443875	1.314913	-0.183490	0.105456	0.895323	0	0	0	0	0	0
12672031753	-253.300781	132.199219	192.601562	124.101562	60.000000	180.500000	8.252579	7.535958	0.853549	-0.267964	0.136463	1.265131	0	0	0	0	0	0
12846540347	-233.900391	115.898438	182.898438	114.500000	43.699219	160.601562	7.914744	6.594641	1.333821	-0.241265	0.144016	1.132922	0	0	0	0	0	0
13033371009	-168.900391	73.101562	135.300781	72.000000	29.500000	103.699219	5.805841	4.685378	0.729894	-0.152890	0.109099	0.606520	0	0	0	0	0	0
13225115333	-210.199219	-36.400391	282.199219	-1.900391	-66.500000	44.500000	10.901065	3.517946	2.470275	-0.120605	0.431787	-0.049389	0	0	0	0	0	0
13399254120	-245.500000	-31.699219	340.101562	4.601562	-77.300781	55.300781	12.560227	3.825656	3.480481	-0.138905	0.601233	0.027416	0	0	0	0	0	0
13580064794	-244.199219	67.199219	269.398438	80.000000	-17.199219	130.898438	10.539553	5.488063	4.055227	-0.166686	0.424242	0.752120	0	0	0	0	0	0
13791091314	-295.400391	147.101562	240.398438	151.898438	41.300781	215.800781	10.858091	8.038943	0.686340	-0.285997	0.191272	1.547044	0	0	0	0	0	0
13938806251	-157.199219	65.300781	128.101562	69.199219	26.800781	102.500000	5.718816	4.101253	0.782446	-0.161904	0.076764	0.575206	0	0	0	0	0	0
14112900153	-127.199219	-70.300781	138.601562	-53.900391	-12.599609	-32.099609	6.488717	2.643136	-1.858970	-0.116887	0.027786	-0.555002	0	0	0	0	0	0
14294161489	-47.500000	-19.500000	34.000000	-17.300781	6.800781	-9.099609	1.908508	0.699678	-1.502430	-0.085333	-0.105729	-0.159989	0	0	0	0	0	0
14456916557	-2.099609	3.601562	-1.099609	1.101562	5.101562	7.601562	0.062949	0.057924	0.505966	-0.005489	0.007855	-0.002663	0	0	0	0	0	0
14661458614	-4.900391	2.199219	3.898438	5.800781	3.699219	3.601562	-0.122558	0.125334	0.972695	-0.006234	0.004687	-0.006899	0	0	0	0	0	0
14859404831	-8.699219	1.300781	-7.300781	-1.699219	-17.400391	3.300781	-0.496362	0.360224	-3.441409	0.102435	0.057923	-0.008140	0	0	0	0	0	0
15042067995	-1.099609	-1.000000	-26.800781	4.601562	-22.099609	-1.000000	-1.033197	0.210455	-6.574208	0.198555	0.105716	-0.033999	0	0	0	0	0	0
15194604923	-4.199219	3.300781	-6.000000	-3.599609	-21.400391	-4.400391	-0.247737	-0.043216	-4.483597	0.077643	0.038439	-0.006333	0	0	0	0	0	0
15410187837	25.199219	7.898438	-52.699219	6.898438	-19.900391	-2.500000	-1.205465	-1.244841	-8.418651	0.017377	-0.149220	0.031795	0	0	0	0	0	0
15580321478	23.601562	5.300781	-54.199219	11.800781	-15.199219	1.000000	-0.929391	-1.203267	-6.676415	0.014165	-0.141633	0.021920	0	0	0	0	0	0
15755173468	-47.300781	-2.500000	30.300781	4.898438	-21.400391	1.199219	0.272840	0.277183	-4.670050	-0.035161	0.315204	-0.003832	0	0	0	0	0	0
15944155812	-46.800781	-12.900391	64.601562	-2.199219	-87.300781	-5.099609	-0.291322	-0.673009	-9.018557	0.038523	0.732988	-0.058664	0	0	0	0	0	0
16122606439	-54.599609	-0.099609	49.199219	10.699219	-45.199219	14.500000	0.242072	0.188363	-6.016330	0.004354	0.452381	0.031701	0	0	0	0	0	0
16323666338	1.500000	27.800781	-151.599609	11.199219	93.300781	3.000000	-2.028387	0.468456	-7.367279	-0.444012	-0.835627	0.103550	0	0	0	0	0	0
16517171953	-43.000000	-6.900391	-33.199219	-10.199219	37.398438	-3.800781	2.439456	0.212811	-6.081807	-0.316684	-0.509058	-0.091144	0	0	0	0	0	0
16714068990	-148.300781	39.300781	212.199219	62.101562	-75.900391	92.699219	7.452332	1.671624	-0.819306	0.006532	0.503389	0.560910	0	0	0	0	0	0
16875099483	-128.000000	48.500000	217.699219	77.500000	-107.500000	104.199219	7.745552	0.612372	-1.497978	0.090415	0.522029	0.635616	0	0	0	0	0	0
17076907994	-100.300781	33.199219	202.601562	62.898438	-111.699219	83.101562	6.977929	0.368514	-1.451491	0.106322	0.487025	0.532927	0	0	0	0	0	0
17270206343	-210.300781	31.000000	273.601562	60.199219	-81.099609	94.898438	8.554646	2.192161	-2.214653	-0.069380	0.714038	0.530546	0	0	0	0	0	0
17454314777	-197.500000	-41.300781	219.800781	-18.099609	-31.500000	1.898438	5.383113	1.959807	-2.197180	-0.470462	0.900357	-0.277674	0	0	0	0	0	0
17618226139	-297.300781	-60.900391	299.898438	-35.699219	-19.099609	8.398438	7.420976	3.680521	-1.538413	-0.677102	1.202847	-0.390577	0	0	0	0	0	0
17814826517	-73.599609	32.699219	167.699219	44.898438	-94.099609	64.101562	4.778550	-0.723804	-1.215649	0.032288	0.671043	0.394357	0	0	0	0	0	0
18021148957	-129.800781	45.699219	259.800781	76.699219	-147.599609	107.300781	7.158333	0.403096	-1.144050	0.194649	0.978482	0.637795	0	0	0	0	0	0
18200057732	-176.000000	47.000000	216.300781	73.199219	-65.300781	98.000000	5.926272	2.349415	-1.119410	-0.097964	0.651136	0.601044	0	0	0	0	0	0
18386688702	-187.000000	-58.699219	78.398438	-58.900391	78.898438	-40.000000	4.010389	5.354652	-1.978348	-0.429608	0.077345	-0.567040	0	0	0	0	0	0
18570752553	-429.199219	-170.500000	272.500000	-159.300781	153.000000	-100.199219	10.027004	12.193566	-2.864405	-0.821914	0.465941	-1.476499	0	0	0	0	0	0
18735204323	-128.800781	23.800781	96.699219	24.300781	11.699219	39.300781	3.712322	3.011359	-1.926448	-0.089748	0.154400	0.219328	0	0	0	0	0	0
18906999976	-195.900391	62.898438	247.500000	85.601562	-76.699219	128.398438	9.051166	4.162030	-2.539953	0.128805	0.542156	0.829758	0	0	0	0	0	0
19088870864	-244.099609	84.500000	299.101562	114.000000	-100.099609	156.300781	10.686601	5.488247	-4.342160	0.274328	0.716746	1.093618	0	0	0	0	0	0
19271841766	-166.900391	64.199219	215.300781	89.199219	-86.599609	124.300781	7.876173	3.416302	-5.632036	0.213731	0.491166	0.786742	0	0	0	0	0	0
19472078863	-165.699219	-92.800781	108.300781	-82.400391	20.898438	-58.099609	7.108832	3.294649	-5.940470	-0.396244	-0.189196	-0.850528	0	0	0	0	0	0
19700761264	-136.800781	-92.699219	111.300781	-71.599609	8.800781	-54.300781	5.165003	2.762221	-2.499707	-0.323821	-0.183833	-0.692545	0	0	0	0	0	0
19874979351	-14.599609	6.398438	41.500000	14.199219	-34.699219	18.601562	1.228953	-0.116213	-1.153770	0.121662	0.137313	0.082512	0	0	0	0	0	0
20062971032	-14.300781	9.300781	26.601562	11.500000	-15.400391	12.500000	1.120305	0.223235	0.394417	0.055047	0.094430	0.125387	0	0	0	0	0	0
20255076302	22.101562	18.898438	25.199219	22.300781	-45.699219	20.199219	0.558595	-1.868237	0.257102	0.104430	0.081876	0.154145	0	0	0	0	0	0
20443233500	157.199219	74.601562	-22.199219	89.398438	-147.699219	66.101562	-0.950416	-7.760680	1.271184	0.232814	0.062954	0.744908	0	0	0	0	0	0
20605012668	267.199219	130.101562	-34.500000	156.199219	-236.000000	111.398438	-1.449804	-13.374619	0.214261	0.286641	0.012347	1.309464	0	0	0	0	0	0
20799729037	255.800781	125.101562	-56.500000	157.199219	-208.500000	113.800781	-1.861495	-12.005912	-0.389678	0.178856	-0.066761	1.216601	0	0	0	0	0	0
20983467108	10.699219	18.199219	-5.800781	20.699219	-9.199219	11.898438	-0.360807	-0.406183	0.774868	0.000507	0.001307	0.121726	0	0	0	0	0	0
21200036604	-53.699219	35.101562	-1.400391	19.898438	43.300781	35.398438	0.017996	2.945005	0.893673	-0.087533	-0.012743	0.225194	0	0	0	0	0	0
21386036619	-71.800781	42.199219	-2.500000	27.699219	74.199219	34.000000	-0.227566	3.660906	0.691988	-0.101185	-0.017388	0.277535	0	0	0	0	0	0
21585520122	-104.900391	53.300781	1.000000	34.800781	108.500000	46.199219	-0.097123	5.374278	1.138938	-0.176058	-0.006862	0.363426	0	0	0	0	0	0
21762028499	-187.000000	34.699219	5.601562	6.300781	177.199219	28.898438	-0.133699	8.661998	2.522863	-0.302995	0.047637	0.070131	0	0	0	0	0	0
21957497876	-220.099609	-69.099609	16.000000	-105.500000	221.300781	-76.099609	-1.110420	10.588667	3.015866	-0.482494	0.228322	-0.911330	0	0	0	0	0	0
22122983829	-133.099609	-28.199219	31.398438	-44.000000	92.300781	-28.800781	0.452854	4.729355	2.476319	-0.235859	0.150575	-0.363706	0	0	0	0	0	0
22300053213	-69.099609	36.898438	79.699219	39.898438	-17.500000	57.300781	3.529287	1.174621	1.027602	-0.051322	0.098906	0.386858	0	0	0	0	0	0
22495942533	-143.199219	77.601562	164.000000	92.398438	-30.900391	118.199219	6.810556	2.933454	0.531014	-0.055768	0.167878	0.847696	0	0	0	0	0	0
22677103532	-190.500000	101.000000	214.500000	116.000000	-33.599609	156.800781	9.534577	3.862352	0.948376	-0.118420	0.211328	1.071324	0	0	0	0	0	0
22872087250	-216.300781	71.800781	266.601562	89.300781	-43.599609	130.699219	10.342750	3.793731	1.808097	-0.191050	0.367797	0.818839	0	0	0	0	0	0
23035249973	-221.000000	28.300781	269.199219	49.000000	-35.000000	91.398438	9.837285	3.825225	2.963381	-0.218903	0.417194	0.423940	0	0	0	0	0	0
23229852076	-16.599609	-4.500000	-13.300781	-19.400391	16.601562	-16.800781	-1.540597	0.978268	-1.051111	0.045435	0.123961	-0.148684	0	0	0	0	0	0
23418741801	73.699219	-44.400391	-103.699219	-56.199219	13.601562	-74.699219	-5.332016	-0.960487	-1.865623	0.190094	0.065255	-0.586015	0	0	0	0	0	0
23608922466	105.500000	-53.699219	-141.099609	-76.500000	25.800781	-106.500000	-7.042347	-0.862616	-1.676189	0.189355	0.035363	-0.741602	0	0	0	0	0	0
23767405256	82.199219	-63.400391	-112.500000	-80.400391	25.500000	-107.199219	-5.493559	-0.806095	-1.287745	0.166865	0.042957	-0.762129	0	0	0	0	0	0
23953560984	-19.400391	-62.400391	15.000000	-58.099609	7.101562	-67.599609	0.176071	0.881658	-0.509194	0.021993	0.046302	-0.603799	0	0	0	0	0	0
24151198237	-134.099609	-59.900391	173.000000	-33.699219	-38.400391	-11.099609	7.060434	2.275546	0.349918	-0.069349	0.173506	-0.342893	0	0	0	0	0	0
24336497887	-81.800781	34.699219	145.398438	50.500000	-71.300781	73.898438	6.236282	-0.294519	0.043010	-0.014179	0.123062	0.446864	0	0	0	0	0	0
24512380678	70.699219	29.898438	53.800781	52.800781	-128.300781	41.601562	2.029879	-5.377341	-1.916320	0.140442	0.074025	0.380440	0	0	0	0	0	0
24691010570	217.800781	101.300781	-86.099609	125.398438	-151.300781	82.601562	-2.908856	-10.454384	-4.149823	0.030155	-0.208806	1.051803	0	0	0	0	0	0
24879245934	310.800781	202.398438	-209.300781	216.601562	-151.800781	156.398438	-5.917156	-14.683759	-5.527287	-0.223752	-0.530452	1.853509	0	0	0	0	0	0
25051504849	225.898438	139.500000	-168.199219	149.199219	-99.900391	97.199219	-4.836986	-10.088885	-5.677601	-0.197250	-0.436245	1.202854	0	0	0	0	0	0
25236516050	60.101562	52.500000	-25.800781	70.898438	-53.500000	53.500000	0.534830	-4.927065	-3.711626	-0.230427	-0.257359	0.555434	0	0	0	0	0	0
25415974260	-4.099609	141.199219	57.300781	161.199219	-78.800781	166.398438	4.339900	-3.191280	-2.486143	-0.253123	-0.134060	1.439243	0	0	0	0	0	0
25606294389	-173.500000	92.601562	185.199219	103.199219	-22.900391	139.101562	7.948107	3.231878	1.361387	-0.132753	0.161954	0.998782	0	0	0	0	0	0
25799639370	-193.000000	101.699219	175.699219	110.601562	18.101562	156.699219	7.511388	4.993161	1.942272	-0.175051	0.148352	1.060302	0	0	0	0	0	0
25987475867	-169.000000	91.500000	166.000000	97.800781	-8.400391	123.800781	7.133375	3.657769	1.626999	-0.176996	0.178502	0.940761	0	0	0	0	0	0
26166845552	-193.800781	86.300781	228.601562	100.699219	-31.400391	133.699219	9.024609	3.039431	2.165126	-0.234187	0.364249	0.932744	0	0	0	0	0	0
26335848021	-207.199219	71.898438	276.398438	91.398438	-50.400391	132.300781	9.563107	2.330461	3.565548	-0.326419	0.504674	0.830735	0	0	0	0	0	0
26516299071	-137.900391	65.500000	104.300781	60.398438	33.500000	88.101562	3.588119	4.092277	1.207093	-0.128620	0.094457	0.579218	0	0	0	0	0	0
26702193445	-167.699219	78.898438	111.601562	73.398438	47.199219	103.199219	4.749873	5.508587	1.720781	-0.142484	0.116086	0.741264	0	0	0	0	0	0
26886905868	-175.300781	85.800781	104.300781	75.199219	56.199219	100.199219	4.549714	5.654053	0.806175	-0.161320	0.071233	0.753533	0	0	0	0	0	0
27056925786	-150.500000	22.699219	114.101562	21.199219	31.601562	47.601562	4.976352	4.391723	0.421514	-0.127881	0.082406	0.176853	0	0	0	0	0	0
27238739348	-147.300781	-91.699219	224.500000	-62.099609	-59.199219	-27.699219	8.980439	2.231097	1.822817	-0.024246	0.281303	-0.674568	0	0	0	0	0	0
27431277754	-199.500000	-131.099609	277.000000	-94.199219	-57.900391	-57.699219	10.205880	3.860859	1.535820	0.004413	0.440288	-0.934451	0	0	0	0	0	0
27592320385	-173.699219	-134.500000	262.898438	-100.300781	-69.300781	-67.599609	9.468355	3.057970	1.708090	0.057633	0.440617	-0.955256	0	0	0	0	0	0
27756531805	-102.199219	-71.199219	144.601562	-58.599609	-32.800781	-35.099609	5.555381	1.896457	1.056322	0.010838	0.230916	-0.567642	0	0	0	0	0	0
27948511016	-66.300781	-45.599609	90.398438	-33.800781	-26.300781	-25.400391	3.696934	1.119532	0.426293	-0.006311	0.113979	-0.297303	0	0	0	0	0	0
28105765469	-43.199219	-10.900391	50.898438	-7.800781	-17.400391	-7.000000	2.269601	0.506233	0.551630	-0.022536	0.040656	-0.101607	0	0	0	0	0	0
28299564669	-80.400391	21.398438	57.800781	17.199219	25.800781	38.101562	2.248015	2.906877	1.860128	-0.043934	0.054906	0.184222	0	0	0	0	0	0
28492606403	-180.900391	45.101562	117.398438	42.101562	68.601562	74.398438	5.504942	6.035747	1.210664	-0.174045	0.027806	0.448318	0	0	0	0	0	0
28683949546	-214.300781	64.500000	154.101562	60.199219	58.898438	93.500000	7.230256	6.792659	2.401555	-0.188950	0.060935	0.609275	0	0	0	0	0	0
28857167401	-152.900391	54.699219	141.398438	50.800781	15.398438	83.699219	6.149080	3.950108	1.561365	-0.122185	0.083817	0.520296	0	0	0	0	0	0
29023773653	-70.099609	11.699219	71.101562	14.800781	-7.400391	22.601562	3.144797	1.506475	-0.158194	-0.050506	0.007116	0.115999	0	0	0	0	0	0
29215280826	-34.599609	-14.800781	52.101562	-8.099609	-14.199219	4.398438	2.550058	0.535632	-0.745654	-0.034939	-0.024659	-0.101273	0	0	0	0	0	0
29381264396	-33.599609	-9.599609	45.101562	0.000000	-11.099609	2.199219	3.047975	0.346726	-0.613943	-0.053768	-0.072764	-0.176346	0	0	0	0	0	0
29561710436	-75.300781	-33.500000	63.000000	-19.099609	-2.300781	-8.000000	3.439800	1.668839	-0.239872	-0.085966	-0.032363	-0.236910	0	0	0	0	0	0
29735644394	-42.099609	10.601562	69.398438	13.699219	-20.400391	31.398438	3.010329	0.614367	0.659597	0.004683	0.043966	0.131321	0	0	0	0	0	0
29923234451	-124.300781	58.000000	174.601562	78.898438	-59.699219	104.898438	7.673122	1.480053	0.299919	-0.014647	0.179010	0.694222	0	0	0	0	0	0
30112495972	-154.800781	71.199219	190.300781	82.101562	-43.199219	128.500000	8.100865	2.854008	-0.217551	-0.051384	0.185371	0.821788	0	0	0	0	0	0
30297322595	-136.599609	24.199219	112.300781	28.898438	8.398438	51.000000	3.386410	2.084412	-2.100677	-0.370231	0.379542	0.227662	0	0	0	0	0	0
30461368892	-282.500000	-21.500000	146.898438	-20.400391	96.601562	13.199219	2.984202	5.472232	-2.923968	-0.945185	0.788340	-0.182549	0	0	0	0	0	0
30628775101	-420.800781	-32.599609	277.199219	-30.699219	111.300781	20.800781	6.118752	7.976166	-2.962542	-1.222765	1.260467	-0.252142	0	0	0	0	0	0
30823040477	-116.500000	24.101562	63.601562	20.199219	22.898438	30.199219	0.888004	1.673338	-1.649463	-0.298256	0.334688	0.195150	0	0	0	0	0	0
30990973780	-130.900391	46.300781	152.000000	49.500000	-43.900391	72.500000	3.271984	2.225580	-3.781086	0.040331	0.765302	0.489843	0	0	0	0	0	0
31156353614	-192.900391	59.699219	252.398438	76.601562	-89.500000	116.500000	5.633803	2.934352	-4.055456	0.032251	1.162830	0.721538	0	0	0	0	0	0
31345179834	-213.199219	63.398438	208.800781	70.101562	-26.699219	106.300781	4.806384	3.718480	-2.968786	-0.246373	0.922347	0.688165	0	0	0	0	0	0
31529827473	124.101562	80.800781	-238.699219	61.101562	66.800781	27.101562	-4.948673	-2.281823	-7.944969	-0.138366	-1.133531	0.574115	0	0	0	0	0	0
31720093493	332.800781	218.898438	-588.900391	166.000000	177.500000	106.898438	-12.396029	-5.642883	-11.054065	-0.235645	-2.607372	1.556363	0	0	0	0	0	0
31902220664	391.000000	247.300781	-641.800781	192.300781	164.199219	114.199219	-13.007877	-6.896816	-11.411240	-0.112023	-2.719092	1.725637	0	0	0	0	0	0
32069387957	108.699219	55.898438	-180.199219	43.398438	52.199219	22.398438	-3.762694	-1.607339	-2.950408	-0.015393	-0.763299	0.355158	0	0	0	0	0	0
32260040632	90.199219	14.601562	-83.099609	7.199219	-7.099609	-8.000000	-2.623017	-1.954666	0.778092	0.191124	-0.311419	-0.021899	0	0	0	0	0	0
32410826258	236.601562	-11.599609	-259.699219	-32.099609	25.699219	-77.400391	-7.556387	-3.747672	-1.010383	0.412362	-0.901480	-0.349283	0	0	0	0	0	0
32594156052	233.800781	-8.199219	-230.400391	-18.699219	-1.900391	-64.900391	-6.311040	-3.939621	-0.832046	0.491029	-0.814097	-0.273188	0	0	0	0	0	0
32775700282	283.000000	91.199219	-137.199219	110.101562	-173.900391	73.500000	-2.569964	-10.850718	-5.651884	0.554773	-0.694059	0.953551	0	0	0	0	0	0
32957973351	418.199219	180.500000	-192.199219	206.800781	-264.300781	135.699219	-4.016989	-15.421430	-4.877527	0.653850	-0.742666	1.667944	0	0	0	0	0	0
33127674995	31.199219	25.300781	-15.599609	24.199219	-26.300781	15.800781	0.365005	-1.214150	-2.081182	0.036541	-0.192709	0.164249	0	0	0	0	0	0
33281845473	-0.599609	22.398438	23.398438	32.898438	-36.300781	22.398438	1.897947	-0.396978	-0.056347	0.079216	-0.038916	0.196066	0	0	0	0	0	0
33464547255	5.300781	86.199219	45.000000	89.898438	-70.400391	100.000000	3.216688	-2.323030	-1.806533	0.061300	-0.098616	0.859047	0	0	0	0	0	0
33656102891	34.601562	128.898438	-46.800781	122.000000	-21.699219	118.601562	-0.167321	-2.447891	-3.244650	-0.129410	-0.251996	1.077484	0	0	0	0	0	0
33818469422	18.398438	14.601562	-21.300781	9.601562	-5.300781	6.000000	-0.576591	-0.561237	-0.294722	0.064596	-0.078901	0.001562	0	0	0	0	0	0
34003591967	-19.099609	-74.900391	-12.300781	-76.500000	14.898438	-70.099609	0.037754	1.187854	-0.603371	0.058680	-0.073674	-0.731272	0	0	0	0	0	0
34162086922	-52.599609	-108.099609	45.601562	-99.099609	7.300781	-99.099609	2.512025	1.844406	0.363815	0.036982	0.039613	-1.035946	0	0	0	0	0	0
34347484043	-116.599609	-97.099609	143.398438	-75.699219	-27.699219	-57.599609	5.867181	2.133182	0.014582	-0.043613	0.154891	-0.785804	0	0	0	0	0	0
34541204375	-41.500000	-34.099609	40.800781	-22.099609	-8.000000	-16.099609	2.395036	0.415094	0.360195	-0.094093	-0.039359	-0.276268	0	0	0	0	0	0
34735411717	29.000000	52.500000	-65.500000	42.000000	28.398438	33.699219	-2.444796	-1.098819	-1.127801	-0.149353	-0.161503	0.365812	0	0	0	0	0	0
34914092033	86.601562	116.800781	-116.099609	96.898438	16.101562	85.199219	-4.396961	-3.008285	-2.497985	-0.174827	-0.238369	0.936446	0	0	0	0	0	0
35081070363	-90.599609	85.500000	68.699219	93.601562	0.601562	117.101562	3.439014	2.506022	-0.571869	-0.094694	0.081164	0.880049	0	0	0	0	0	0
35261833493	-118.300781	71.300781	141.601562	77.199219	-35.400391	112.699219	5.978998	2.550226	0.199631	0.035335	0.215756	0.741341	0	0	0	0	0	0
35441312053	-112.199219	67.601562	153.898438	82.601562	-64.099609	106.601562	6.618661	1.483745	0.367951	0.059728	0.237754	0.756457	0	0	0	0	0	0
35629479806	-98.000000	60.199219	126.398438	63.398438	-46.199219	86.000000	5.482075	1.374127	-1.253284	0.039552	0.150997	0.603123	0	0	0	0	0	0
35791190141	-46.599609	21.898438	79.398438	27.500000	-29.800781	37.699219	3.184177	0.386497	-0.479427	0.004550	0.090152	0.265485	0	0	0	0	0	0
35967854108	-137.599609	40.898438	182.898438	62.398438	-51.199219	93.199219	7.469784	1.889365	0.925950	-0.090273	0.230317	0.551118	0	0	0	0	0	0
36153350781	-74.000000	42.199219	77.800781	55.500000	5.199219	55.300781	3.270755	1.908429	0.246957	-0.059926	0.064946	0.421754	0	0	0	0	0	0
36337566591	-162.199219	84.699219	141.699219	84.000000	12.101562	121.000000	6.212401	4.309775	1.017891	-0.135310	0.116503	0.834758	0	0	0	0	0	0
36527871990	-149.000000	63.398438	130.898438	67.898438	4.800781	101.300781	5.788282	3.603457	0.087387	-0.109649	0.051066	0.668313	0	0	0	0	0	0
36677307956	-8.500000	11.800781	-3.800781	8.199219	10.699219	9.300781	0.683340	0.447206	-1.045311	-0.045389	-0.170571	0.042243	0	0	0	0	0	0
36838395527	10.300781	6.101562	-45.500000	5.699219	4.101562	12.800781	0.540727	-0.081196	-5.865628	0.032645	-0.407334	0.013165	0	0	0	0	0	0
37030931234	3.800781	5.601562	-73.199219	-1.800781	21.199219	-4.400391	-0.097695	0.355452	-8.435424	-0.053663	-0.486679	-0.011158	0	0	0	0	0	0
37215952017	-70.800781	16.601562	40.101562	16.000000	20.601562	26.500000	1.626046	2.284795	-0.753584	-0.060417	0.051533	0.121296	0	0	0	0	0	0
37395082646	-107.599609	31.300781	67.199219	32.000000	23.101562	53.101562	2.468906	3.603272	-1.226872	-0.035311	0.158709	0.258078	0	0	0	0	0	0
37582116180	-124.099609	31.699219	83.898438	31.601562	20.101562	49.101562	3.040044	4.025075	-2.036065	-0.001200	0.228137	0.303627	0	0	0	0	0	0
37738200102	-119.400391	26.601562	94.300781	21.000000	2.500000	48.601562	3.223101	3.455220	-2.391014	0.014654	0.304243	0.191126	0	0	0	0	0	0
37922254220	-50.099609	7.000000	31.898438	9.000000	5.000000	12.699219	0.859856	1.639920	-0.070220	0.037979	0.158829	0.047247	0	0	0	0	0	0
38114907630	-72.400391	0.699219	62.800781	4.898438	-12.199219	13.898438	0.642606	0.958561	-3.298748	-0.139147	0.350252	-0.004071	0	0	0	0	0	0
38304057886	-24.900391	24.199219	-55.400391	19.601562	14.000000	4.398438	-3.484124	-1.904581	-9.732712	-0.585282	0.316965	0.112030	0	0	0	0	0	0
38478343918	-13.199219	16.300781	-11.800781	15.601562	-4.199219	13.300781	-1.569778	-1.166443	-5.307092	-0.210524	0.167778	0.092402	0	0	0	0	0	0
38654908068	4.500000	-4.099609	47.500000	-0.199219	-68.500000	4.199219	0.538110	-1.096784	-4.037265	0.210950	0.302893	-0.028636	0	0	0	0	0	0
38843779863	-15.099609	-7.199219	43.601562	5.300781	-75.300781	5.699219	0.108702	-0.157246	-5.969901	0.269084	0.439144	-0.000196	0	0	0	0	0	0
39025825070	-39.300781	0.699219	2.199219	-0.199219	-5.400391	6.699219	-0.740880	1.745648	-5.957867	0.096575	0.187480	-0.004406	0	0	0	0	0	0
39205862465	-19.800781	1.398438	-98.500000	-13.800781	68.601562	-19.500000	-1.446312	1.094065	-7.237140	-0.269207	-0.470454	-0.151998	0	0	0	0	0	0
39352924721	-15.900391	20.199219	-186.800781	-0.300781	143.199219	-8.500000	-3.024250	2.110142	-10.289606	-0.538482	-0.938921	0.003843	0	0	0	0	0	0
39524789190	7.000000	26.601562	-95.000000	10.800781	50.199219	2.898438	-1.593078	-0.043212	-5.462352	-0.220210	-0.440051	0.096309	0	0	0	0	0	0
39708790393	-30.500000	12.898438	68.199219	24.800781	-65.099609	26.398438	2.274808	0.051482	-2.681387	0.234224	0.257955	0.180423	0	0	0	0	0	0
39883052491	-63.099609	35.699219	113.898438	44.601562	-89.199219	54.898438	4.013486	1.087160	-3.343730	0.367328	0.412215	0.371133	0	0	0	0	0	0
40077675308	-37.000000	31.199219	113.000000	44.898438	-98.099609	60.699219	3.815304	0.288600	-3.747721	0.369235	0.356759	0.364966	0	0	0	0	0	0
40220277874	-33.199219	29.300781	70.601562	41.300781	-56.500000	48.500000	3.178961	0.517206	-2.237317	0.235336	0.135270	0.298939	0	0	0	0	0	0
40393653001	20.898438	32.800781	12.699219	38.699219	-61.300781	41.398438	3.845744	-0.154202	-4.792411	0.421202	-0.457680	0.338884	0	0	0	0	0	0
40572294308	-23.199219	23.000000	60.101562	37.199219	-55.900391	48.898438	4.677859	0.347813	-4.404376	0.243195	-0.251363	0.333761	0	0	0	0	0	0
40768669169	-92.300781	34.699219	123.699219	38.000000	-31.500000	53.199219	4.207401	1.007189	0.571883	-0.115478	0.286250	0.379129	0	0	0	0	0	0
40949920616	-119.599609	39.699219	174.699219	60.398438	-61.699219	76.199219	5.632893	0.833992	0.279835	-0.103290	0.524829	0.516335	0	0	0	0	0	0
41119042165	-117.800781	43.101562	157.699219	60.800781	-45.599609	80.699219	4.831981	1.239647	0.433109	-0.113959	0.490972	0.496871	0	0	0	0	0	0
41289911125	-106.000000	37.500000	126.398438	46.000000	-30.599609	61.800781	4.466079	1.771705	-1.911745	-0.041900	0.302358	0.410266	0	0	0	0	0	0
41472459167	-63.300781	10.800781	63.800781	14.101562	-29.400391	26.000000	3.647819	2.172266	-6.278401	0.192526	-0.044812	0.127197	0	0	0	0	0	0
41653521295	-72.699219	6.500000	69.699219	11.898438	-20.199219	21.699219	2.982338	1.792777	-3.621608	0.049795	0.070446	0.083058	0	0	0	0	0	0
41837977227	-12.400391	2.101562	-39.500000	-9.599609	40.500000	-15.000000	-1.167071	0.698828	0.271965	-0.108537	-0.117138	-0.159115	0	0	0	0	0	0
42013174338	4.300781	-35.699219	-155.400391	-61.699219	146.300781	-69.900391	-4.536029	2.812466	-0.431655	-0.246209	-0.567818	-0.589781	0	0	0	0	0	0
42183384760	22.000000	-52.599609	-199.599609	-85.199219	165.398438	-101.400391	-5.220354	3.035313	-0.905131	-0.247776	-0.737657	-0.804099	0	0	0	0	0	0
42380166576	-109.400391	-73.800781	-40.900391	-85.599609	132.000000	-74.199219	-0.211367	3.848237	-1.291120	-0.603417	-0.210160	-0.806020	0	0	0	0	0	0
42547776577	-158.699219	-67.099609	87.699219	-53.699219	32.500000	-36.800781	4.737855	1.588116	-6.629823	-0.701213	-0.053341	-0.535801	0	0	0	0	0	0
42725517355	-136.000000	-67.500000	118.101562	-52.900391	-10.099609	-36.800781	4.810931	1.200810	-4.476941	-0.393711	0.191348	-0.507905	0	0	0	0	0	0
42877580794	102.398438	1.398438	-101.300781	-4.099609	-40.699219	-14.199219	-0.960845	-0.982206	-6.428632	0.646238	-0.629923	-0.058350	0	0	0	0	0	0
43045044673	192.500000	-3.699219	-169.300781	0.000000	-81.800781	-25.099609	-1.316020	-1.863218	-8.862580	1.046543	-0.915242	-0.044850	0	0	0	0	0	0
43225699674	45.800781	11.898438	-9.400391	9.699219	-48.599609	11.699219	0.431556	-1.257414	-1.240648	0.233876	-0.046792	0.107840	0	0	0	0	0	0
43412869249	141.699219	12.300781	-132.099609	4.000000	-54.800781	-8.500000	-0.955573	-1.754911	-8.490407	0.781131	-0.869220	0.043399	0	0	0	0	0	0
43601528888	321.898438	24.601562	-241.599609	32.500000	-154.300781	-3.099609	-1.384292	-4.966227	-12.550030	1.552828	-1.527938	0.247233	0	0	0	0	0	0
43774515155	216.000000	28.898438	-218.800781	16.699219	-55.500000	-9.000000	-1.980956	-2.340727	-10.490474	1.015616	-1.323054	0.122066	0	0	0	0	0	0
43939151525	292.199219	10.500000	-299.500000	-0.699219	-63.500000	-35.900391	-3.008683	-2.984484	-13.863072	1.323040	-1.757923	-0.049571	0	0	0	0	0	0
44150891323	72.398438	-5.800781	-45.599609	-14.000000	-61.800781	-20.300781	-1.473249	-0.446432	-6.929027	0.616380	0.164588	-0.142700	0	0	0	0	0	0
44347345364	7.699219	-8.900391	6.699219	-10.199219	-61.599609	-14.199219	-1.485044	0.917395	-6.330004	0.495879	0.378314	-0.064943	0	0	0	0	0	0
44531222181	-71.300781	-12.400391	57.601562	-17.599609	-4.000000	-10.099609	0.931049	2.722036	-2.916688	0.164827	0.313908	-0.164841	0	0	0	0	0	0
44684071091	-182.500000	-79.800781	59.898438	-93.400391	122.500000	-72.000000	1.450161	7.950038	1.570697	-0.163793	0.190975	-0.858223	0	0	0	0	0	0
44871158429	-247.099609	-112.599609	105.601562	-131.599609	155.101562	-88.900391	3.284198	10.342801	0.517723	-0.210955	0.189640	-1.085832	0	0	0	0	0	0
45062297905	-276.699219	-117.199219	119.601562	-132.500000	163.101562	-90.199219	3.479125	11.156326	3.266596	-0.299895	0.336993	-1.129477	0	0	0	0	0	0
45218971695	-199.400391	-44.599609	158.898438	-38.000000	44.699219	-3.900391	5.128864	5.414082	2.254718	-0.244132	0.406838	-0.337481	0	0	0	0	0	0
45412177668	-142.300781	82.199219	158.601562	81.601562	-20.800781	120.300781	6.787359	2.968148	0.520123	-0.067320	0.181133	0.806343	0	0	0	0	0	0
45562778643	-161.400391	85.800781	170.000000	98.500000	-29.400391	126.199219	7.036796	3.656406	0.267319	-0.013498	0.216022	0.919903	0	0	0	0	0	0
45751512457	-167.000000	81.199219	167.101562	87.601562	-7.699219	124.398438	6.819285	4.164314	-0.637426	-0.058857	0.180858	0.838160	0	0	0	0	0	0
45935320747	-144.199219	87.300781	167.500000	92.398438	-34.599609	123.898438	7.041647	3.222946	-0.390182	0.025945	0.226642	0.857311	0	0	0	0	0	0
46113360087	-19.400391	25.398438	62.898438	23.601562	-50.300781	29.898438	2.399094	-0.892405	-1.980196	0.097487	0.073323	0.214190	0	0	0	0	0	0
46290758309	191.199219	118.500000	-132.500000	131.000000	-96.199219	89.898438	-2.630871	-9.278392	-5.047267	-0.123983	-0.486411	1.145443	0	0	0	0	0	0
46460379744	279.898438	189.500000	-202.599609	202.601562	-136.300781	149.000000	-3.883483	-13.317430	-5.982246	-0.250480	-0.749931	1.729182	0	0	0	0	0	0
46653258571	-11.500000	85.800781	66.500000	100.601562	-66.400391	108.500000	3.982966	-1.875549	-1.750187	-0.064346	-0.067555	0.846534	0	0	0	0	0	0
46843775832	-140.300781	69.398438	183.000000	89.601562	-50.800781	112.800781	7.964288	2.235602	0.880498	-0.051646	0.186894	0.828703	0	0	0	0	0	0
47010174506	-152.300781	94.300781	202.300781	108.000000	-56.199219	140.601562	8.644099	2.483860	0.296731	-0.037025	0.213498	1.031905	0	0	0	0	0	0
47201702979	-151.900391	35.398438	214.000000	48.800781	-57.599609	81.000000	7.362845	2.840883	2.674395	0.030669	0.509616	0.433233	0	0	0	0	0	0
47362922690	-203.300781	-75.599609	182.300781	-69.300781	19.000000	-31.800781	4.825152	4.705142	2.218862	-0.271369	0.656186	-0.706572	0	0	0	0	0	0
47548521861	-312.500000	-152.900391	321.101562	-132.099609	13.601562	-87.099609	7.710691	7.025468	4.210209	-0.369907	1.172041	-1.253650	0	0	0	0	0	0
47741712105	-226.300781	-119.800781	272.199219	-96.800781	-19.900391	-62.300781	6.577664	4.549637	4.731796	-0.196989	0.983026	-0.941472	0	0	0	0	0	0
47927065849	-50.500000	-31.599609	58.898438	-21.599609	-18.099609	-23.500000	0.947925	1.119704	-0.529069	0.047172	0.312719	-0.238704	0	0	0	0	0	0
48099790488	37.101562	-12.900391	-9.599609	-8.300781	-58.199219	-17.000000	-1.557890	-0.186233	-3.395079	0.453657	0.302557	-0.171330	0	0	0	0	0	0
48259355840	84.898438	-35.800781	-17.800781	-30.400391	-109.699219	-40.599609	-2.537973	-1.206969	-6.221932	0.778627	0.407462	-0.332849	0	0	0	0	0	0
48448748221	107.199219	-51.900391	-12.500000	-44.400391	-131.500000	-63.500000	-2.080610	-2.492345	-7.072977	0.848393	0.435558	-0.456119	0	0	0	0	0	0
48635101658	23.101562	-9.599609	-22.699219	-0.800781	-44.599609	-15.800781	-2.461972	-1.201853	-6.388544	0.041126	0.323943	-0.069132	0	0	0	0	0	0
48810646714	43.500000	46.101562	-147.300781	33.199219	32.800781	5.300781	-6.582339	-3.081304	-12.445762	-0.521934	0.069101	0.277752	0	0	0	0	0	0
48988496320	25.898438	50.199219	-147.500000	31.300781	48.300781	7.699219	-6.602463	-2.530417	-11.877445	-0.594477	0.095468	0.278336	0	0	0	0	0	0
49163225796	20.300781	-5.699219	-102.800781	-20.699219	39.101562	-42.000000	-5.159168	-0.201873	-3.608452	-0.113155	0.084770	-0.242836	0	0	0	0	0	0
49348566636	72.500000	-40.500000	-124.000000	-65.599609	38.300781	-86.000000	-6.157647	-0.123500	-1.625017	0.161076	0.045272	-0.575315	0	0	0	0	0	0
49537749630	80.199219	-44.800781	-139.900391	-64.400391	56.000000	-89.099609	-6.785591	-0.072327	-1.492857	0.155542	0.019848	-0.648187	0	0	0	0	0	0
49730161401	11.000000	-26.599609	-55.500000	-44.900391	38.800781	-53.099609	-3.195451	0.712446	-1.279553	0.072304	0.045997	-0.346212	0	0	0	0	0	0
49888864255	-29.300781	7.000000	13.699219	11.101562	11.601562	8.800781	0.616673	1.011004	-0.400816	-0.025121	0.017563	0.068410	0	0	0	0	0	0
50068326084	-110.500000	22.898438	104.199219	24.199219	-0.699219	43.601562	5.132721	2.188644	-0.277164	-0.133202	0.017353	0.263314	0	0	0	0	0	0
50260971563	-75.400391	-19.199219	118.800781	-5.699219	-50.900391	11.101562	4.542826	0.758861	1.466055	0.043882	0.211347	-0.089215	0	0	0	0	0	0
50452743842	15.800781	-9.400391	54.101562	2.898438	-71.599609	2.898438	1.877784	-2.224936	0.115754	0.086734	0.108207	-0.022397	0	0	0	0	0	0
50623179120	138.500000	57.500000	-11.599609	83.300781	-143.199219	57.800781	0.532962	-8.309621	-0.937817	0.041588	-0.135668	0.668408	0	0	0	0	0	0
50805781388	241.199219	123.601562	-131.000000	151.601562	-134.000000	97.300781	-3.532703	-11.373103	-3.602847	-0.122118	-0.434622	1.210347	0	0	0	0	0	0
50990324521	91.199219	-6.699219	-72.000000	-0.599609	-27.800781	-27.099609	-2.718590	-3.201662	-3.039964	0.027796	-0.085323	-0.124615	0	0	0	0	0	0
51182087803	-17.900391	-56.300781	10.601562	-52.500000	-0.199219	-58.400391	0.450577	0.546878	-0.481662	0.029571	0.045646	-0.514451	0	0	0	0	0	0
51360740840	-104.800781	-42.300781	158.000000	-17.500000	-49.800781	2.800781	6.290874	1.504724	2.296626	0.008060	0.230231	-0.219696	0	0	0	0	0	0
51519490232	-153.800781	-27.099609	223.601562	4.500000	-69.699219	33.898438	9.132202	2.435743	2.819373	0.019286	0.349460	-0.032137	0	0	0	0	0	0
51724067771	-248.099609	-38.300781	331.800781	2.898438	-67.500000	57.500000	13.838830	5.620060	3.423575	-0.011829	0.532204	-0.075253	0	0	0	0	0	0
51884108638	-338.599609	-16.199219	278.000000	-6.599609	62.601562	61.300781	11.213341	9.410612	3.766512	-0.302360	0.268401	0.049934	0	0	0	0	0	0
52041407605	-189.900391	-0.300781	105.601562	-0.400391	84.199219	28.300781	4.078196	6.422611	2.336339	-0.202221	0.069376	-0.003730	0	0	0	0	0	0
52231965241	-2.900391	58.300781	-115.199219	40.101562	103.101562	29.101562	-3.605747	1.232736	-2.237235	-0.266282	-0.359122	0.373939	0	0	0	0	0	0
52410874116	110.500000	94.601562	-250.400391	66.898438	104.500000	31.101562	-8.235363	-2.225701	-6.098078	-0.372820	-0.639969	0.636446	0	0	0	0	0	0
52621899818	182.101562	100.800781	-279.199219	80.101562	58.199219	33.199219	-8.887877	-5.242782	-5.264384	-0.324638	-0.657640	0.670335	0	0	0	0	0	0
52807487888	142.800781	89.699219	-99.199219	97.398438	-73.300781	55.898438	-2.560292	-7.035660	-3.478551	-0.114280	-0.282008	0.794499	0	0	0	0	0	0
52998764520	69.699219	33.601562	112.199219	72.199219	-176.800781	66.601562	4.764403	-6.346245	1.111449	0.147570	0.220071	0.487202	0	0	0	0	0	0
53178952833	-46.800781	-34.800781	295.101562	19.300781	-220.900391	45.500000	10.523800	-3.162541	5.788647	0.340500	0.666962	0.009959	0	0	0	0	0	0
53383387620	-137.199219	-69.500000	357.601562	-15.800781	-188.400391	23.000000	12.511365	0.438825	6.761916	0.320166	0.761690	-0.228578	0	0	0	0	0	0
53570256534	-192.099609	-77.199219	346.398438	-32.400391	-126.000000	10.500000	12.190771	3.039568	5.322450	0.218108	0.586618	-0.305982	0	0	0	0	0	0
53747335626	-192.599609	-69.599609	258.500000	-42.099609	-45.300781	1.300781	9.910657	4.530899	4.045320	0.064387	0.384511	-0.395974	0	0	0	0	0	0
53912901048	-154.300781	-54.599609	154.800781	-47.199219	11.101562	-10.800781	6.013343	4.479870	2.050564	-0.037088	0.171820	-0.427581	0	0	0	0	0	0
54107337460	-105.599609	-21.500000	2.101562	-30.000000	94.199219	-13.800781	0.730536	4.588336	-1.108889	-0.253487	-0.194614	-0.213655	0	0	0	0	0	0
54295917103	63.601562	71.199219	-231.300781	46.800781	116.101562	23.101562	-6.471416	-1.267242	-7.427270	-0.538233	-0.742949	0.437151	0	0	0	0	0	0
54500835995	178.300781	128.101562	-292.599609	106.800781	50.500000	61.000000	-8.332444	-6.319350	-7.128992	-0.433833	-0.731148	0.940780	0	0	0	0	0	0
54656366998	145.898438	125.398438	-84.699219	126.601562	-100.400391	99.500000	-1.220377	-7.955927	-5.163438	-0.123092	-0.323246	1.079718	0	0	0	0	0	0
54853993078	93.800781	78.398438	50.199219	106.500000	-169.000000	101.898438	2.989747	-7.703618	-3.382275	-0.015193	-0.038135	0.926711	0	0	0	0	0	0
55033816097	19.601562	39.199219	176.699219	79.101562	-192.199219	85.199219	6.969334	-5.271767	0.068426	0.138355	0.342010	0.562095	0	0	0	0	0	0
55214549806	-100.500000	-33.599609	290.800781	11.199219	-172.300781	38.500000	10.022697	-0.768200	3.785716	0.303647	0.646142	-0.020298	0	0	0	0	0	0
55386785352	-155.300781	-54.400391	313.300781	-18.000000	-139.000000	28.800781	10.668632	1.998108	5.052816	0.307295	0.693391	-0.158965	0	0	0	0	0	0
55578791674	-176.000000	-45.400391	259.500000	-17.199219	-68.599609	24.601562	9.037380	3.927147	4.858839	0.192458	0.506409	-0.191389	0	0	0	0	0	0
55786168256	-160.699219	-37.000000	150.000000	-28.900391	8.500000	-1.099609	6.013237	4.803854	1.412944	-0.027097	0.162297	-0.260111	0	0	0	0	0	0
55976756014	-154.000000	-21.400391	54.199219	-25.900391	89.199219	6.300781	2.779303	5.697380	-0.861269	-0.267729	-0.141429	-0.174370	0	0	0	0	0	0
56144040086	-98.800781	36.000000	-68.699219	15.500000	142.000000	23.300781	-0.952955	4.441437	-3.504979	-0.464211	-0.446667	0.221969	0	0	0	0	0	0
56321780781	-9.800781	77.800781	-188.699219	46.601562	150.500000	39.601562	-4.956066	1.984392	-5.350129	-0.539266	-0.644341	0.489423	0	0	0	0	0	0
56520763364	125.300781	129.800781	-302.599609	90.898438	119.898438	53.398438	-9.796973	-3.207776	-8.407721	-0.563434	-0.771302	0.889862	0	0	0	0	0	0
56697119441	211.500000	126.898438	-260.500000	104.000000	-2.300781	61.898438	-8.331900	-7.607855	-8.029492	-0.275448	-0.553003	0.921929	0	0	0	0	0	0
56886691348	184.398438	81.898438	-85.800781	106.300781	-137.599609	69.398438	-1.784975	-9.419647	-4.742504	0.029753	-0.142976	0.827238	0	0	0	0	0	0
57050578924	139.898438	58.898438	71.199219	100.199219	-219.300781	72.898438	2.440544	-8.968191	-2.486692	0.267603	0.210206	0.728874	0	0	0	0	0	0
57231808609	42.101562	6.000000	193.601562	48.199219	-225.699219	56.000000	6.454965	-5.926539	0.483868	0.331101	0.468100	0.334525	0	0	0	0	0	0
57408389172	-74.000000	-46.000000	288.300781	6.101562	-196.000000	26.300781	9.812876	-1.913477	3.021547	0.347556	0.660470	-0.067730	0	0	0	0	0	0
57585717435	-166.500000	-70.000000	331.500000	-22.699219	-147.199219	17.800781	11.708477	2.008452	4.485884	0.275927	0.694656	-0.295263	0	0	0	0	0	0
57748842317	-239.599609	-64.300781	341.000000	-27.599609	-74.500000	14.800781	12.090339	5.476195	4.156152	0.144578	0.625401	-0.295259	0	0	0	0	0	0
57893243064	-272.199219	-62.400391	296.101562	-43.599609	-3.199219	11.699219	10.824179	7.643337	3.769368	0.018910	0.482082	-0.375097	0	0	0	0	0	0
58097047016	-289.500000	-135.800781	243.500000	-128.400391	65.500000	-64.500000	8.622209	9.746888	3.832221	-0.019678	0.497011	-1.157247	0	0	0	0	0	0
58277175199	-214.699219	-183.900391	181.300781	-179.199219	50.199219	-140.500000	6.099663	7.602723	2.231089	0.009046	0.369535	-1.639500	0	0	0	0	0	0
58437448281	-123.599609	-125.500000	100.199219	-113.699219	29.199219	-95.400391	3.361489	3.952861	0.058850	0.006968	0.156176	-1.024485	0	0	0	0	0	0
58641034312	-26.000000	73.898438	17.000000	77.898438	-0.500000	80.300781	0.836249	-0.092226	-0.573493	-0.138946	-0.095291	0.783919	0	0	0	0	0	0
58809982710	15.199219	173.601562	-55.800781	154.699219	12.398438	153.898438	-1.031492	-1.520360	-3.050644	-0.271241	-0.232233	1.490803	0	0	0	0	0	0
58990545655	49.800781	95.300781	-74.599609	97.500000	1.398438	77.000000	-2.741870	-2.209285	-3.719969	-0.121068	-0.157568	0.823681	0	0	0	0	0	0
59178192080	78.800781	-83.199219	-79.900391	-91.900391	-5.099609	-113.099609	-4.062537	-1.560713	-1.763946	0.128068	0.018901	-0.959356	0	0	0	0	0	0
59358230171	-41.300781	-95.699219	33.101562	-92.400391	8.800781	-77.500000	1.652982	1.463709	-0.234994	0.011603	0.061385	-0.868186	0	0	0	0	0	0
59534003616	90.699219	51.500000	1.199219	71.101562	-93.500000	54.398438	0.703404	-5.894228	-1.645360	-0.052740	-0.131599	0.556691	0	0	0	0	0	0
59696982295	210.898438	137.101562	-115.599609	151.000000	-111.699219	109.101562	-3.112117	-10.182221	-2.627683	-0.129167	-0.369700	1.239653	0	0	0	0	0	0
59892522083	147.898438	118.500000	-107.300781	125.800781	-78.000000	93.300781	-2.671782	-6.953920	-4.401690	-0.139111	-0.311719	1.066614	0	0	0	0	0	0
60059021125	54.300781	-20.500000	-14.500000	-23.599609	-64.400391	-32.800781	-2.778774	-0.237618	-3.901865	0.476197	0.382954	-0.307084	0	0	0	0	0	0
60243342341	75.300781	-35.300781	-21.199219	-39.300781	-96.599609	-52.400391	-3.449138	-0.957306	-6.599643	0.677968	0.535961	-0.392104	0	0	0	0	0	0
60415373981	89.800781	-46.099609	-24.099609	-41.199219	-116.900391	-54.800781	-3.538097	-1.724928	-6.967081	0.742573	0.537559	-0.455155	0	0	0	0	0	0
60603232602	69.898438	-41.099609	-94.400391	-53.300781	-31.199219	-62.300781	-3.930099	1.386312	-8.867735	0.717756	0.038387	-0.520999	0	0	0	0	0	0
60784770400	-147.699219	-108.400391	-75.900391	-150.800781	201.101562	-122.099609	-1.572834	11.067976	-4.909978	0.130052	-0.328039	-1.246505	0	0	0	0	0	0
60980849041	-244.599609	-71.199219	56.101562	-98.199219	169.101562	-63.800781	2.628228	10.925170	0.210861	-0.171546	0.027505	-0.814705	0	0	0	0	0	0
61150557567	-352.000000	23.699219	234.500000	15.199219	120.398438	78.199219	8.522384	10.516846	2.349583	-0.528983	0.436087	0.316301	0	0	0	0	0	0
61314141043	-180.300781	45.601562	100.800781	32.500000	84.800781	63.800781	3.736800	5.538921	2.982027	-0.359362	0.071931	0.381891	0	0	0	0	0	0
61506045613	-50.900391	31.000000	-17.000000	22.601562	79.699219	25.500000	0.194029	2.083489	3.276477	-0.326243	-0.287826	0.239416	0	0	0	0	0	0
61691187297	-155.400391	36.101562	44.000000	25.800781	167.398438	34.398438	0.458104	3.479837	10.141341	-1.082101	0.061158	0.201648	0	0	0	0	0	0
61856303768	-231.099609	46.000000	121.000000	33.300781	186.601562	44.898438	1.095858	3.067418	16.004807	-1.572323	0.522558	0.269208	0	0	0	0	0	0
62038417410	-184.599609	32.699219	113.398438	32.398438	126.398438	48.300781	0.854763	2.035716	12.076591	-1.130960	0.561872	0.221310	0	0	0	0	0	0
62198380472	-65.300781	12.300781	33.601562	15.699219	29.101562	17.699219	0.005950	1.606615	1.971877	-0.160138	0.205706	0.094824	0	0	0	0	0	0
62381925578	36.300781	-1.699219	-34.900391	-10.099609	-39.000000	-7.900391	-0.814950	1.191559	-6.251453	0.667804	-0.067531	-0.097855	0	0	0	0	0	0
62577215810	115.398438	-33.699219	-105.000000	-39.099609	-73.599609	-45.199219	-2.315303	0.727624	-10.760823	1.078715	-0.295681	-0.372862	0	0	0	0	0	0
62765618290	80.800781	-40.500000	-65.300781	-50.500000	-63.000000	-52.900391	-2.530675	1.157946	-9.686384	0.921393	0.057331	-0.388968	0	0	0	0	0	0
62925283533	32.101562	-16.900391	5.199219	-18.500000	-76.599609	-20.900391	-2.696237	0.669937	-7.261235	0.695648	0.565765	-0.186312	0	0	0	0	0	0
63083427554	32.398438	-16.599609	-8.000000	-22.199219	-72.699219	-31.500000	-2.956271	0.780521	-7.445579	0.693418	0.595015	-0.247978	0	0	0	0	0	0
63262917717	25.898438	-27.099609	-25.199219	-42.300781	-44.400391	-42.099609	-2.789786	1.332976	-6.753634	0.525894	0.401035	-0.353051	0	0	0	0	0	0
63452385272	-17.699219	-17.699219	-110.599609	-27.900391	68.398438	-33.500000	-1.737009	2.043033	-9.828823	-0.132794	-0.517710	-0.269671	0	0	0	0	0	0
63621925886	-41.300781	-1.900391	-202.099609	-17.400391	161.199219	-24.699219	-0.912612	2.632269	-13.378160	-0.630444	-1.325777	-0.147942	0	0	0	0	0	0
63796384097	-51.900391	-22.500000	-119.099609	-30.699219	112.199219	-30.400391	0.501476	2.091802	-10.221346	-0.504296	-0.903477	-0.319272	0	0	0	0	0	0
63958883761	24.000000	-29.500000	0.601562	-32.900391	-73.699219	-33.000000	-1.407270	0.276881	-7.067851	0.506555	0.419047	-0.320741	0	0	0	0	0	0
64146457144	15.000000	-8.500000	35.000000	-12.699219	-115.199219	-13.900391	-2.415645	1.333727	-9.527338	0.912143	0.848549	-0.080668	0	0	0	0	0	0
64340731776	-6.000000	-0.300781	4.699219	1.000000	-46.500000	7.101562	-0.794089	0.247944	-6.841376	0.189236	0.193915	0.036316	0	0	0	0	0	0
64517089107	-7.199219	26.601562	-129.099609	31.000000	75.199219	21.500000	0.603869	-2.588140	-11.290140	-0.981527	-1.006018	0.222670	0	0	0	0	0	0
64687556023	-53.400391	1.601562	-77.699219	4.101562	67.800781	1.601562	1.349030	-1.120214	-8.904249	-0.843090	-0.738551	0.004190	0	0	0	0	0	0
64869316013	-52.400391	-24.199219	27.601562	-15.300781	5.000000	-14.000000	2.287055	0.048049	-4.126440	-0.309206	-0.123796	-0.189199	0	0	0	0	0	0
65030194831	-20.800781	-6.800781	39.101562	-3.800781	-50.099609	-10.000000	-0.114256	0.636630	-5.269221	0.390978	0.419338	-0.064938	0	0	0	0	0	0
65236242550	124.699219	-45.500000	60.101562	-24.099609	-271.400391	-38.800781	-2.228749	-2.494010	-15.294669	1.655954	1.106366	-0.350210	0	0	0	0	0	0
65405719011	27.300781	19.898438	-2.599609	24.601562	-110.900391	20.898438	-0.504666	-0.519570	-13.337225	0.528088	0.219333	0.257672	0	0	0	0	0	0
65588802650	126.800781	99.199219	-374.400391	88.601562	128.300781	50.000000	-2.260051	-4.985516	-22.132536	-0.962717	-2.364791	0.780335	0	0	0	0	0	0
65760793019	127.398438	99.398438	-417.500000	95.500000	147.000000	54.101562	-1.684216	-5.654145	-24.924908	-1.207539	-2.708488	0.780883	0	0	0	0	0	0
65913749758	57.101562	85.000000	-234.000000	75.601562	87.601562	59.601562	-0.228977	-2.997150	-16.966991	-0.718215	-1.718721	0.665142	0	0	0	0	0	0
66094779182	-109.900391	36.601562	144.800781	48.800781	-61.599609	71.500000	5.271849	2.796548	-4.807940	0.206615	0.450870	0.444042	0	0	0	0	0	0
66278453991	-214.500000	63.601562	311.601562	101.101562	-146.400391	150.601562	11.127859	3.904528	-6.775724	0.366134	0.815719	0.919788	0	0	0	0	0	0
66455674682	-154.900391	46.101562	183.500000	61.898438	-73.699219	93.500000	6.434285	3.507564	-5.687323	0.281063	0.440551	0.558862	0	0	0	0	0	0
66622728348	-96.800781	-44.500000	-7.800781	-50.199219	42.699219	-25.500000	3.992323	3.814500	-7.633432	-0.056537	-0.553555	-0.412726	0	0	0	0	0	0
66806367665	-200.599609	-77.000000	49.300781	-73.699219	94.000000	-37.699219	7.779475	7.249757	-10.033117	-0.254301	-0.739477	-0.632376	0	0	0	0	0	0
66999159360	-188.300781	31.500000	82.101562	21.000000	88.101562	56.500000	3.167889	7.666821	-1.177847	-0.102349	0.171332	0.265140	0	0	0	0	0	0
67168533583	-242.599609	53.398438	107.101562	41.300781	102.000000	78.101562	4.031064	9.173880	-3.044201	-0.115323	0.239534	0.475768	0	0	0	0	0	0
67349814784	-218.099609	54.398438	130.398438	37.898438	67.101562	79.398438	4.836331	7.870685	-4.340898	-0.040576	0.303687	0.478465	0	0	0	0	0	0
67552070833	-203.900391	46.699219	115.800781	36.898438	61.500000	75.898438	4.114813	7.563422	-4.028234	-0.041743	0.296810	0.425187	0	0	0	0	0	0
67733973304	-225.599609	26.300781	141.699219	21.898438	54.000000	63.601562	5.802183	7.154683	-3.641536	-0.125843	0.299486	0.249696	0	0	0	0	0	0
67922428648	-260.400391	38.101562	163.601562	31.601562	60.398438	83.601562	5.685955	8.480118	-1.946845	-0.130088	0.404157	0.394606	0	0	0	0	0	0
68094054727	-283.800781	-36.699219	239.000000	-26.099609	22.699219	10.601562	5.541396	4.763728	-3.408418	-0.704713	1.015484	-0.275340	0	0	0	0	0	0
68272782096	-308.000000	-33.699219	246.898438	-24.900391	38.398438	13.500000	5.515423	4.808296	-2.639723	-0.808600	0.995346	-0.233678	0	0	0	0	0	0
68433826583	-126.800781	39.199219	163.601562	49.000000	-51.300781	81.500000	6.643640	2.394901	-1.091575	0.028930	0.284008	0.497145	0	0	0	0	0	0
68604726733	-208.199219	63.800781	206.000000	77.199219	-12.199219	115.000000	8.199789	5.412148	-1.509695	-0.042918	0.336843	0.737285	0	0	0	0	0	0
68794389052	-246.199219	54.000000	141.800781	43.398438	80.101562	91.199219	5.902610	8.214145	-2.330183	-0.173146	0.193925	0.469546	0	0	0	0	0	0
68970295577	-121.900391	-19.300781	15.101562	-14.300781	64.398438	-3.500000	3.028682	2.983850	-7.948612	-0.337394	-0.458870	-0.129926	0	0	0	0	0	0
69162975070	-110.099609	-25.199219	-122.199219	-44.300781	169.398438	-42.800781	0.658092	4.985901	-9.251188	-0.621479	-0.908200	-0.398299	0	0	0	0	0	0
69327620879	-118.300781	19.199219	-12.199219	-8.199219	106.000000	14.699219	-0.642500	6.499812	-3.597668	-0.058799	-0.018636	0.057926	0	0	0	0	0	0
69519210844	-176.900391	31.699219	-36.400391	-6.699219	169.800781	17.601562	-1.256989	9.709276	-5.275877	-0.077958	-0.027031	0.030148	0	0	0	0	0	0
69693717405	-73.099609	20.101562	-23.400391	3.500000	76.101562	15.199219	-0.873842	3.998739	-2.729040	-0.036942	-0.041412	0.075421	0	0	0	0	0	0
69878029919	96.800781	96.800781	-159.800781	87.699219	30.699219	65.000000	-4.792433	-3.562611	-3.192566	-0.269420	-0.457934	0.786381	0	0	0	0	0	0
70051049385	264.101562	235.601562	-375.699219	219.101562	40.199219	141.101562	-10.627913	-10.507733	-10.937202	-0.772410	-1.162507	1.871101	0	0	0	0	0	0
70233550567	247.500000	213.699219	-332.900391	200.398438	17.800781	144.000000	-8.569444	-10.540939	-10.262572	-0.772705	-1.074412	1.724539	0	0	0	0	0	0
70432268704	46.601562	93.500000	-32.800781	96.199219	-32.099609	82.500000	-0.353763	-3.843592	-1.270410	-0.330410	-0.094458	0.820936	0	0	0	0	0	0
70612962977	-152.500000	-3.699219	181.500000	11.398438	-20.699219	37.800781	5.916813	1.748278	3.432908	-0.363469	0.398429	0.036486	0	0	0	0	0	0
70808776945	-129.699219	-123.400391	179.699219	-104.000000	-31.300781	-82.699219	6.436820	2.403456	1.074248	-0.023443	0.286674	-1.016429	0	0	0	0	0	0
70961964263	-207.000000	-198.599609	295.199219	-153.900391	-69.400391	-109.599609	11.131307	4.412545	3.037279	0.145708	0.522107	-1.517044	0	0	0	0	0	0
71146088421	-207.699219	-201.000000	310.398438	-161.699219	-76.099609	-120.300781	11.257237	4.659373	3.636391	0.191077	0.586110	-1.540138	0	0	0	0	0	0
71322193653	-103.800781	-107.800781	178.000000	-78.699219	-67.699219	-62.000000	7.108101	1.144075	1.295402	0.051608	0.254071	-0.777885	0	0	0	0	0	0
71511755750	-71.199219	-112.699219	143.500000	-81.800781	-69.400391	-64.300781	5.487692	0.182352	-0.782786	0.079000	0.213716	-0.856696	0	0	0	0	0	0
71699589814	112.898438	-74.199219	-76.300781	-69.500000	-45.099609	-102.500000	-4.894435	-2.924743	-1.534965	0.318390	0.146206	-0.739568	0	0	0	0	0	0
71859982411	166.898438	-100.300781	-124.199219	-98.900391	-53.599609	-140.199219	-7.041310	-3.900803	-1.590930	0.428490	0.174327	-1.032261	0	0	0	0	0	0
72044582581	119.300781	-144.599609	-66.300781	-138.000000	-61.500000	-168.199219	-5.729673	-3.029856	-1.541873	0.399857	0.411666	-1.363062	0	0	0	0	0	0
72239417231	163.500000	-101.599609	-188.599609	-110.199219	9.101562	-150.000000	-9.136842	-2.586990	-1.920545	0.319377	0.057682	-1.120682	0	0	0	0	0	0
72425067074	34.101562	-20.400391	-3.300781	-15.400391	-33.699219	-22.900391	-0.945025	-1.275387	-0.674566	0.084323	-0.020460	-0.106851	0	0	0	0	0	0
72594640065	311.199219	182.300781	-491.900391	169.800781	79.699219	100.000000	-7.671094	-8.675841	-16.666801	-0.385311	-2.533058	1.454007	0	0	0	0	0	0
72758264162	454.199219	274.000000	-730.099609	242.101562	111.898438	154.300781	-10.996531	-12.907555	-24.770123	-0.608211	-3.714067	2.107530	0	0	0	0	0	0
72949940661	270.898438	138.699219	-477.599609	107.398438	95.101562	53.101562	-7.350375	-6.560635	-19.376406	-0.338571	-2.232188	0.857597	0	0	0	0	0	0
73149004015	120.300781	-40.599609	-202.599609	-57.500000	25.699219	-90.099609	-7.540435	0.041581	-11.365833	0.571940	-0.270400	-0.583241	0	0	0	0	0	0
73309522054	187.398438	-54.099609	-244.300781	-93.699219	2.199219	-126.099609	-9.878091	-0.355916	-11.918839	0.869793	-0.238617	-0.851168	0	0	0	0	0	0
73500829617	247.000000	-88.500000	-272.000000	-105.900391	-39.800781	-156.199219	-10.705360	-2.062764	-11.608421	1.137979	-0.256911	-1.065053	0	0	0	0	0	0
73673942130	204.898438	-72.300781	-248.599609	-94.599609	-20.400391	-133.199219	-9.853670	-0.925060	-10.561125	0.956731	-0.221058	-0.924248	0	0	0	0	0	0
73828892814	148.800781	-49.699219	-202.900391	-80.699219	3.500000	-114.699219	-8.679900	-0.001569	-11.123511	0.696994	-0.131587	-0.777305	0	0	0	0	0	0
74018847926	210.500000	57.300781	-290.599609	29.199219	-1.000000	-17.400391	-11.104928	-4.772601	-11.961540	0.198666	-0.293949	0.224734	0	0	0	0	0	0
74212784720	136.601562	140.601562	-244.400391	114.101562	27.398438	72.699219	-9.559075	-3.948641	-12.191778	-0.152205	-0.128099	0.977891	0	0	0	0	0	0
74384889132	41.601562	-14.500000	-7.500000	-22.599609	-86.300781	-28.800781	-2.619151	-0.219130	-8.094561	0.657345	0.443710	-0.215437	0	0	0	0	0	0
74563393846	171.101562	-64.199219	-132.800781	-68.500000	-100.800781	-106.099609	-7.012672	-2.026863	-11.132557	1.101382	0.256817	-0.717874	0	0	0	0	0	0
74714321928	266.800781	-89.699219	-187.199219	-90.800781	-138.500000	-145.900391	-8.877286	-4.067207	-12.600454	1.467301	0.098631	-1.036829	0	0	0	0	0	0
74893573478	309.101562	-121.000000	-318.599609	-139.599609	-62.199219	-198.500000	-11.370818	-1.962939	-15.874510	1.489509	-0.499060	-1.415042	0	0	0	0	0	0
75088719180	134.500000	-181.599609	-285.699219	-215.599609	78.101562	-247.000000	-9.504227	3.791115	-15.621466	0.869777	-0.558081	-1.998091	0	0	0	0	0	0
75267428279	-278.099609	-106.000000	-98.000000	-148.699219	327.601562	-115.300781	-1.151660	13.406393	-7.598600	-0.808739	-0.508490	-1.238446	0	0	0	0	0	0
75439990717	-497.000000	-76.199219	163.601562	-111.900391	312.101562	-42.099609	4.894486	14.854528	-1.287749	-1.457651	0.562106	-0.839028	0	0	0	0	0	0
75602567781	-295.800781	-17.400391	162.000000	-15.000000	109.300781	21.699219	5.252074	7.610199	-0.857684	-0.693980	0.376588	-0.084973	0	0	0	0	0	0
75787377222	-126.900391	65.601562	134.300781	73.101562	-25.000000	104.398438	6.308432	2.860059	-0.036610	-0.036412	0.115097	0.747622	0	0	0	0	0	0
75969419920	-218.199219	120.898438	199.500000	128.898438	9.601562	175.000000	9.100085	5.631684	-0.292353	-0.165599	0.107366	1.263270	0	0	0	0	0	0
76122752890	-257.099609	130.800781	204.300781	132.500000	33.199219	186.000000	9.742003	7.181591	0.748089	-0.243896	0.056822	1.359325	0	0	0	0	0	0
76309633159	-265.300781	125.699219	210.699219	134.800781	46.898438	187.101562	9.817208	7.440717	0.176292	-0.240415	0.131635	1.275135	0	0	0	0	0	0
76504380561	-274.599609	143.500000	233.000000	148.699219	35.898438	201.199219	10.234640	7.386307	1.750380	-0.268424	0.161959	1.450188	0	0	0	0	0	0
76691470522	-123.300781	59.300781	114.898438	58.601562	3.398438	84.101562	4.713821	3.151463	0.038372	-0.070843	0.084642	0.528180	0	0	0	0	0	0
76888673968	-44.800781	-99.599609	98.601562	-78.800781	-50.099609	-70.400391	3.429906	0.317091	-1.143198	0.108483	0.202759	-0.826188	0	0	0	0	0	0
77068424062	-32.699219	-160.099609	101.398438	-140.699219	-58.099609	-138.000000	3.032910	-0.246411	0.503231	0.164420	0.271500	-1.382735	0	0	0	0	0	0
77237519053	-8.599609	-104.699219	55.000000	-88.599609	-47.500000	-92.900391	2.833170	-1.576878	0.771210	-0.029237	0.025543	-0.853350	0	0	0	0	0	0
77402984886	43.601562	97.300781	-47.800781	107.000000	-17.699219	92.699219	0.648423	-4.135994	-4.269524	-0.460210	-0.491429	0.979904	0	0	0	0	0	0
77590669747	105.800781	209.601562	-139.400391	201.601562	-9.400391	175.800781	-1.785504	-6.866926	-6.937147	-0.692104	-0.745507	1.840065	0	0	0	0	0	0
77771091742	-24.300781	73.199219	-5.099609	81.300781	17.898438	81.601562	1.333598	-0.652382	0.139406	-0.376287	-0.214746	0.607833	0	0	0	0	0	0
77957049934	-127.199219	-79.599609	101.199219	-77.099609	61.898438	-57.300781	4.417361	3.916042	6.167908	-0.267058	-0.054102	-0.721072	0	0	0	0	0	0
78124250947	-138.800781	-112.099609	140.800781	-98.500000	50.699219	-76.199219	5.512547	4.504746	10.351846	-0.133128	0.087654	-0.974475	0	0	0	0	0	0
78304691942	-95.699219	-169.900391	127.800781	-156.599609	22.000000	-139.099609	3.829523	2.996987	9.047724	0.009701	0.197671	-1.455489	0	0	0	0	0	0
78492741458	24.101562	-106.400391	26.699219	-96.000000	-29.699219	-104.300781	0.642403	-1.029036	3.132746	0.094873	0.069428	-0.972788	0	0	0	0	0	0
78660105846	171.500000	-39.699219	-20.000000	-26.900391	-122.800781	-50.599609	-2.058073	-6.939041	5.048231	0.354858	0.065519	-0.306020	0	0	0	0	0	0
78839584164	177.199219	-1.599609	-9.300781	26.000000	-117.099609	-5.099609	-1.015159	-7.024707	10.271567	0.319480	0.009508	0.095685	0	0	0	0	0	0
79007666545	120.398438	-5.699219	20.898438	-1.400391	-105.199219	-13.699219	-0.756709	-4.533869	5.598325	0.399441	0.185865	-0.066363	0	0	0	0	0	0
79189916524	173.000000	14.398438	-65.599609	24.101562	-110.900391	-9.000000	-3.188737	-6.704505	-0.386872	0.332513	0.030045	0.118346	0	0	0	0	0	0
79369599208	185.199219	32.300781	-184.900391	35.398438	-50.099609	-2.500000	-5.106023	-6.579733	-9.333352	-0.017189	-0.559750	0.248971	0	0	0	0	0	0
79561326485	-8.900391	-88.099609	-44.500000	-86.900391	23.398438	-86.300781	-0.784209	0.991928	-6.029609	-0.018129	-0.114528	-0.873223	0	0	0	0	0	0
79752494823	-148.699219	-195.500000	91.199219	-190.500000	62.800781	-170.599609	1.358487	6.171776	0.464336	0.044231	0.433999	-1.805701	0	0	0	0	0	0
79913994735	-182.900391	-136.000000	193.300781	-125.500000	19.800781	-93.000000	4.324457	6.139990	4.993926	0.110701	0.709217	-1.137592	0	0	0	0	0	0
80086598914	-141.300781	-15.800781	147.300781	-13.099609	17.500000	5.699219	3.349063	4.887697	3.885263	0.131188	0.554229	-0.107370	0	0	0	0	0	0
80275154688	-73.500000	34.398438	180.898438	43.199219	-82.500000	66.898438	3.972009	1.888199	6.556015	0.520143	0.750587	0.393299	0	0	0	0	0	0
80458308006	170.300781	152.800781	-22.699219	175.898438	-183.500000	151.398438	-0.545535	-6.467588	-1.460303	0.703069	-0.002952	1.556873	0	0	0	0	0	0
80644776150	401.000000	212.300781	-267.699219	223.101562	-209.400391	145.500000	-7.469590	-14.154505	-9.811254	0.550840	-0.763521	1.870183	0	0	0	0	0	0
80806389453	425.199219	154.398438	-379.099609	158.398438	-128.599609	69.898438	-9.808549	-14.780006	-14.209886	0.183205	-1.190164	1.247813	0	0	0	0	0	0
80998136204	184.898438	-20.800781	-225.099609	-20.699219	-12.599609	-67.199219	-6.635229	-5.359605	-8.445073	-0.017610	-0.574215	-0.356018	0	0	0	0	0	0
81177952230	31.300781	-119.300781	-161.300781	-133.300781	94.000000	-148.599609	-4.860009	0.910818	-6.497086	-0.218373	-0.361415	-1.294060	0	0	0	0	0	0
81344497853	-27.699219	-55.900391	-38.099609	-57.199219	26.500000	-57.300781	-0.093210	1.004518	-5.149282	-0.139067	-0.247994	-0.493106	0	0	0	0	0	0
81527511145	25.601562	73.101562	-32.000000	75.500000	-31.199219	72.101562	0.731836	-2.705713	-6.459608	-0.171829	-0.332859	0.741972	0	0	0	0	0	0
81694280155	111.601562	211.500000	-96.800781	216.500000	-80.000000	197.000000	-0.437665	-7.491974	-7.581589	-0.271044	-0.509599	1.957970	0	0	0	0	0	0
81889107010	143.699219	214.500000	-96.699219	219.000000	-94.599609	201.398438	-0.493957	-7.917319	-7.228114	-0.188481	-0.426889	1.831737	0	0	0	0	0	0
82055615149	109.101562	5.898438	-85.400391	16.398438	-66.500000	-5.800781	-2.161905	-5.244434	-5.359444	-0.048418	-0.266411	-0.002403	0	0	0	0	0	0
82231286094	-35.400391	-165.400391	79.199219	-142.400391	-46.300781	-136.599609	2.983410	0.051204	-2.356276	0.082012	0.156826	-1.467965	0	0	0	0	0	0
82434816256	-93.699219	-173.099609	118.800781	-152.500000	-11.400391	-131.199219	4.616281	2.175000	0.323566	0.024255	0.188977	-1.496362	0	0	0	0	0	0
82621830767	-70.099609	-115.500000	81.199219	-97.800781	-0.699219	-91.199219	3.248429	1.679425	1.473758	-0.095582	0.024896	-0.932961	0	0	0	0	0	0
82819754790	-55.099609	71.601562	-15.199219	63.898438	63.601562	67.000000	0.693641	1.035961	0.088257	-0.427689	-0.316320	0.647591	0	0	0	0	0	0
83013227950	7.699219	224.898438	-138.900391	205.500000	97.800781	195.898438	-2.814607	-1.013392	-3.609285	-0.668587	-0.599851	1.883886	0	0	0	0	0	0
83175472377	-29.000000	216.898438	-79.900391	200.898438	70.500000	201.300781	-0.524593	0.214142	-1.465119	-0.527086	-0.386461	1.835548	0	0	0	0	0	0
83342183831	-89.400391	109.898438	98.699219	120.398438	-30.699219	135.800781	4.718695	1.003370	-0.831258	-0.074895	0.065981	1.070079	0	0	0	0	0	0
83530783706	32.500000	59.800781	77.000000	82.101562	-110.199219	82.199219	2.906377	-3.303668	-1.087370	0.245667	0.147238	0.669829	0	0	0	0	0	0
83713964731	219.000000	96.898438	-116.199219	108.601562	-147.599609	68.000000	-4.078001	-9.098610	-6.837772	0.274622	-0.122539	0.857420	0	0	0	0	0	0
83900214479	168.898438	35.398438	-107.099609	42.601562	-107.400391	5.199219	-3.690791	-6.258628	-7.619907	0.249399	-0.113770	0.225762	0	0	0	0	0	0
84064253969	66.000000	-34.500000	-85.699219	-38.500000	-25.300781	-55.900391	-2.607691	-1.250319	-7.360962	0.233997	-0.114911	-0.419970	0	0	0	0	0	0
84253177869	-60.500000	-93.300781	26.800781	-97.500000	15.101562	-84.099609	0.358752	3.644502	-4.401929	0.282571	0.190953	-0.910992	0	0	0	0	0	0
84426500873	-106.699219	-84.199219	48.500000	-82.099609	51.000000	-72.099609	0.948162	5.340985	-2.114809	0.132183	0.214069	-0.760272	0	0	0	0	0	0
84582009334	-143.400391	-62.099609	104.000000	-54.000000	34.500000	-34.199219	3.618253	5.367895	1.055595	0.055157	0.229061	-0.516157	0	0	0	0	0	0
84768414886	-141.000000	-77.699219	189.300781	-57.900391	-27.300781	-31.699219	6.519889	3.992811	3.547823	0.137680	0.416808	-0.591646	0	0	0	0	0	0
84938125526	-178.199219	28.898438	207.000000	42.699219	-26.000000	84.000000	8.318878	4.040529	3.136374	-0.046388	0.299057	0.403653	0	0	0	0	0	0
85099021565	-113.199219	73.898438	182.199219	91.000000	-69.699219	116.199219	7.227206	1.850379	1.948679	0.112215	0.272269	0.852194	0	0	0	0	0	0
85284039356	-77.400391	-74.199219	147.300781	-57.699219	-64.300781	-40.599609	5.742357	0.817835	1.383991	0.093554	0.245561	-0.605155	0	0	0	0	0	0
85477334977	-115.300781	-128.000000	143.199219	-105.500000	-24.500000	-83.099609	5.316420	2.597711	2.122437	0.037943	0.237743	-1.017499	0	0	0	0	0	0
85684672634	14.699219	-5.699219	79.699219	18.500000	-106.300781	15.699219	3.425103	-3.454522	-2.482209	0.125150	0.110294	0.077370	0	0	0	0	0	0
85855621652	268.898438	1.398438	4.398438	49.898438	-297.400391	0.199219	0.119631	-14.386675	-2.207075	0.402324	0.100891	0.202027	0	0	0	0	0	0
86032080377	102.300781	36.199219	-27.300781	55.898438	-83.800781	25.601562	-0.629062	-4.991364	-1.329326	0.016463	-0.082655	0.312451	0	0	0	0	0	0
86227725814	-63.500000	-63.800781	67.199219	-49.099609	-7.599609	-43.400391	3.053799	1.349381	-0.110826	0.016612	0.108810	-0.517024	0	0	0	0	0	0
86417772979	-136.599609	-115.599609	160.101562	-97.099609	-25.800781	-67.400391	6.398595	3.176273	1.651024	0.054619	0.252091	-0.943200	0	0	0	0	0	0
86609993389	-200.599609	-82.300781	195.800781	-66.800781	11.300781	-30.400391	7.165115	5.956078	2.263172	0.006162	0.295240	-0.623081	0	0	0	0	0	0
86773850333	-246.000000	-27.400391	176.601562	-35.099609	75.601562	18.601562	6.467573	9.076594	2.066146	-0.016395	0.315917	-0.231649	0	0	0	0	0	0
86965003725	-283.300781	-53.099609	250.800781	-56.699219	50.300781	5.000000	8.404055	9.898838	2.529017	0.133474	0.549081	-0.406127	0	0	0	0	0	0
87130556354	-179.800781	-92.900391	289.000000	-63.300781	-75.800781	-18.099609	9.116551	4.662176	4.500715	0.396723	0.726548	-0.581156	0	0	0	0	0	0
87286098025	71.800781	-23.500000	109.800781	1.101562	-167.800781	-4.199219	1.490376	-3.941562	1.428205	0.554859	0.506143	-0.079056	0	0	0	0	0	0
87473187406	245.000000	33.699219	-50.599609	50.500000	-197.000000	5.898438	-3.484050	-10.357933	-1.031340	0.449561	0.174473	0.325999	0	0	0	0	0	0
87640927735	343.199219	79.000000	-167.599609	99.101562	-200.199219	24.699219	-7.025122	-14.199024	-4.244708	0.275219	-0.157054	0.713089	0	0	0	0	0	0
87811226576	381.601562	91.898438	-230.000000	109.101562	-178.800781	27.898438	-8.812984	-15.233388	-5.488261	0.179777	-0.317065	0.785140	0	0	0	0	0	0
88002156097	401.898438	106.199219	-300.199219	111.101562	-151.400391	19.000000	-10.951394	-15.254311	-6.842954	0.071312	-0.467298	0.809280	0	0	0	0	0	0
88176724776	250.898438	14.199219	-222.500000	20.898438	-61.000000	-35.900391	-7.568217	-8.489641	-5.407891	-0.026603	-0.354760	-0.099539	0	0	0	0	0	0
88364341257	29.699219	-131.000000	-53.800781	-129.900391	2.398438	-146.599609	-2.005367	-1.029131	-4.527566	-0.004893	-0.082340	-1.273045	0	0	0	0	0	0
88553820060	-75.000000	-174.500000	52.300781	-164.099609	20.000000	-152.400391	1.869382	3.177085	-0.141585	0.041381	0.168902	-1.618362	0	0	0	0	0	0
88739340975	-236.300781	-183.699219	230.500000	-164.900391	16.300781	-131.500000	7.729950	7.277548	2.255334	0.086336	0.493983	-1.517470	0	0	0	0	0	0
88938193277	-110.900391	-113.699219	213.898438	-91.099609	-84.699219	-60.199219	6.997980	1.912003	2.793980	0.258467	0.512911	-0.823771	0	0	0	0	0	0
89131258858	-149.800781	20.800781	296.699219	57.398438	-126.500000	96.898438	10.727211	1.906652	3.447109	0.195263	0.504821	0.520405	0	0	0	0	0	0
89301129524	-167.400391	90.898438	243.601562	118.300781	-94.800781	158.800781	10.367492	2.325586	0.086121	0.023204	0.300600	1.122198	0	0	0	0	0	0
89492759151	-315.900391	80.300781	399.000000	113.800781	-83.699219	186.398438	14.846942	6.156166	2.380257	-0.101340	0.789166	1.048690	0	0	0	0	0	0
89686242877	-180.099609	10.300781	251.398438	29.398438	-55.699219	64.398438	7.646501	3.473059	2.430264	0.007837	0.714006	0.211192	0	0	0	0	0	0
89884064072	-368.300781	-188.599609	437.101562	-162.000000	-25.699219	-114.300781	10.238702	7.686762	5.725599	-0.369455	1.682846	-1.543360	0	0	0	0	0	0
90063106623	-331.500000	-168.400391	362.300781	-145.699219	-5.199219	-105.699219	8.612711	6.521633	4.612164	-0.447739	1.321375	-1.340725	0	0	0	0	0	0
90252309379	-33.500000	-110.400391	76.398438	-96.400391	-48.400391	-92.400391	0.892357	0.579304	-0.246932	0.250261	0.485058	-0.931355	0	0	0	0	0	0
90456269429	235.300781	-95.199219	-164.500000	-89.800781	-112.599609	-132.099609	-6.940220	-4.560061	-6.241841	1.009755	-0.104911	-0.968487	0	0	0	0	0	0
90623037607	307.199219	-123.400391	-192.400391	-116.099609	-149.500000	-177.300781	-8.098426	-5.907225	-8.034010	1.272431	-0.093501	-1.211149	0	0	0	0	0	0
90812261284	319.300781	-135.699219	-207.199219	-130.099609	-156.400391	-191.099609	-9.066816	-6.519863	-8.550001	1.301846	-0.092926	-1.356653	0	0	0	0	0	0
90986365839	230.199219	-100.000000	-123.800781	-90.300781	-140.099609	-133.400391	-6.525466	-5.407733	-8.800635	0.944444	0.135047	-0.916506	0	0	0	0	0	0
91177522465	198.101562	31.101562	-86.599609	42.300781	-171.599609	-0.199219	-4.748765	-7.109081	-9.897978	0.660861	0.257254	0.298684	0	0	0	0	0	0
91358625087	104.800781	23.800781	43.898438	50.699219	-202.699219	31.199219	-0.058166	-5.691671	-8.585025	0.571581	0.609976	0.362540	0	0	0	0	0	0
91567653741	164.800781	-63.099609	2.000000	-46.900391	-208.800781	-68.900391	-2.543888	-4.749040	-8.304635	1.104944	0.547440	-0.558011	0	0	0	0	0	0
91728422110	321.199219	-115.300781	-123.400391	-96.300781	-251.900391	-140.699219	-5.835920	-7.891881	-11.059649	1.539934	0.205381	-1.052564	0	0	0	0	0	0
91890602124	306.199219	-145.099609	-131.199219	-130.099609	-215.199219	-175.900391	-6.474069	-6.187048	-10.085361	1.477930	0.218029	-1.375436	0	0	0	0	0	0
92082251811	121.199219	-208.599609	-160.099609	-216.300781	-4.900391	-240.199219	-6.854018	2.080484	-9.376196	0.899700	-0.041697	-2.012201	0	0	0	0	0	0
92272769763	-131.300781	-58.199219	-17.500000	-82.000000	144.500000	-55.000000	-0.295843	6.325567	-0.646799	-0.265109	-0.133723	-0.652771	0	0	0	0	0	0
92461293631	-70.699219	-12.500000	29.398438	-13.500000	33.500000	-14.099609	0.422473	1.809183	0.980429	-0.182841	0.121469	-0.108991	0	0	0	0	0	0
92618289194	-1.500000	-1.500000	-0.599609	3.601562	-0.500000	-2.400391	-0.013644	0.062488	0.313062	-0.004314	-0.009437	-0.021930	0	0	0	0	0	0
92792540636	43.101562	45.800781	20.199219	57.199219	-71.500000	50.500000	1.328288	-2.872506	-1.720264	0.192410	-0.060303	0.511897	0	0	0	0	0	0
92977327784	201.800781	217.500000	-170.199219	222.000000	-81.800781	179.101562	-3.970734	-8.676501	-6.834883	-0.112701	-0.599892	2.012077	0	0	0	0	0	0
93174641366	308.898438	279.199219	-284.000000	288.601562	-107.300781	224.898438	-5.980260	-12.249386	-10.263131	-0.074462	-1.053184	2.455143	0	0	0	0	0	0
93374594963	-45.300781	16.601562	-70.000000	6.398438	82.300781	7.101562	-0.805996	1.093003	-4.159086	-0.522782	-0.336869	0.010698	0	0	0	0	0	0
93539251253	-260.500000	-86.000000	113.398438	-86.500000	116.101562	-56.099609	4.571319	6.001074	-4.289580	-0.907983	0.200443	-0.806412	0	0	0	0	0	0
93732445845	-381.000000	-141.800781	216.800781	-145.900391	147.800781	-88.300781	7.025366	9.512112	-1.978940	-0.978900	0.632196	-1.322550	0	0	0	0	0	0
93906969347	-378.099609	-169.099609	283.601562	-159.900391	111.800781	-111.800781	6.673869	10.544745	2.333698	-0.600559	1.060498	-1.498359	0	0	0	0	0	0
94068969213	-187.400391	-161.300781	280.000000	-143.000000	-64.000000	-114.400391	4.001791	4.255052	4.219889	0.259881	1.420304	-1.306228	0	0	0	0	0	0
94261550501	275.398438	-37.099609	58.800781	-2.500000	-351.000000	-47.300781	-2.901318	-9.614872	-3.049354	1.576918	1.038535	-0.199738	0	0	0	0	0	0
94425807758	356.601562	9.699219	-95.000000	42.000000	-319.500000	-24.099609	-4.916875	-12.054665	-11.812655	1.247926	0.212624	0.160844	0	0	0	0	0	0
94618091386	193.398438	-49.599609	-44.699219	-16.400391	-218.500000	-53.500000	-2.664333	-7.452614	-11.544123	0.754594	0.216692	-0.276756	0	0	0	0	0	0
94816861895	134.300781	-81.500000	-83.099609	-73.599609	-112.199219	-98.400391	-4.296155	-3.647151	-10.354997	0.631416	0.210340	-0.731360	0	0	0	0	0	0
94985370578	86.398438	-64.099609	-53.300781	-57.300781	-86.800781	-77.000000	-2.710856	-2.302632	-8.615557	0.424994	0.200250	-0.596776	0	0	0	0	0	0
95156606288	-141.099609	-133.199219	137.500000	-107.699219	-23.900391	-84.699219	6.445013	3.239280	-4.405056	0.013758	0.199990	-1.024473	0	0	0	0	0	0
95327323086	-237.699219	-153.199219	277.101562	-118.699219	-28.800781	-75.599609	10.836147	6.004005	-0.778474	0.046897	0.422050	-1.122191	0	0	0	0	0	0
95519649176	-121.199219	-150.300781	234.101562	-106.000000	-124.699219	-80.000000	8.454435	1.386401	-1.984247	0.318921	0.503481	-1.068841	0	0	0	0	0	0
95695065907	108.699219	-94.300781	127.699219	-47.099609	-250.000000	-53.500000	3.387207	-7.221249	-2.097054	0.666830	0.491861	-0.570719	0	0	0	0	0	0
95886169732	322.699219	14.500000	-38.199219	56.101562	-311.199219	5.199219	-2.573560	-14.834076	-6.119226	0.625677	0.148774	0.303518	0	0	0	0	0	0
96054857776	417.398438	52.800781	-200.099609	86.500000	-270.199219	2.500000	-7.649193	-18.044424	-8.805820	0.366747	-0.239512	0.524397	0	0	0	0	0	0
96229130932	331.398438	12.300781	-255.099609	29.699219	-144.500000	-41.900391	-7.855654	-13.047637	-11.853204	0.038138	-0.544112	0.005857	0	0	0	0	0	0
96410493490	126.898438	-114.400391	-122.900391	-100.400391	-52.400391	-131.199219	-2.956298	-5.201297	-9.232693	-0.015651	-0.295072	-1.128162	0	0	0	0	0	0
96608717209	-73.900391	-208.500000	73.699219	-194.400391	-11.400391	-181.400391	2.774885	2.412862	-5.404031	0.125440	0.227018	-1.882165	0	0	0	0	0	0
96786484521	-221.400391	-141.199219	255.199219	-108.199219	-38.300781	-64.800781	10.201052	5.298632	-1.338063	0.031435	0.387242	-1.009882	0	0	0	0	0	0
96973521659	-211.199219	-115.900391	317.101562	-76.699219	-102.300781	-28.000000	12.206179	4.395378	1.496898	0.188966	0.537214	-0.733323	0	0	0	0	0	0
97160042836	-201.800781	-46.199219	336.101562	-2.500000	-126.099609	56.300781	12.766315	3.014202	0.515201	0.221609	0.552884	-0.003518	0	0	0	0	0	0
97318999777	-130.000000	60.101562	212.601562	92.300781	-98.000000	121.199219	9.101667	0.893998	-0.974171	0.040308	0.242008	0.867922	0	0	0	0	0	0
97483519132	-22.300781	182.000000	68.500000	190.398438	-73.400391	201.800781	4.084108	-2.518709	-4.173193	-0.180760	-0.086191	1.846858	0	0	0	0	0	0
97669499875	104.199219	220.699219	-83.900391	220.699219	-55.599609	210.800781	-1.703200	-6.286787	-4.415940	-0.265734	-0.333570	2.003795	0	0	0	0	0	0
97829768574	213.300781	192.699219	-151.000000	191.800781	-92.000000	150.800781	-4.402310	-9.802835	-4.152492	-0.205327	-0.392417	1.674940	0	0	0	0	0	0
97993598625	222.898438	139.699219	-154.199219	150.199219	-93.599609	100.300781	-5.050623	-9.758168	-2.816687	-0.128352	-0.334197	1.203478	0	0	0	0	0	0
98182721912	136.300781	-21.000000	-69.300781	-7.900391	-86.099609	-40.199219	-2.869388	-5.584516	-2.516505	0.120822	-0.019717	-0.256091	0	0	0	0	0	0
98370133847	57.898438	-146.500000	35.800781	-122.800781	-85.699219	-136.000000	-0.111483	-2.239279	-0.542176	0.356485	0.280783	-1.315731	0	0	0	0	0	0
98556476658	-1.099609	-227.300781	129.300781	-196.300781	-122.699219	-198.199219	2.781472	-0.553991	2.178667	0.584595	0.597562	-1.987251	0	0	0	0	0	0
98721495110	38.800781	-211.199219	141.898438	-171.300781	-165.599609	-182.800781	2.629660	-2.447138	2.049729	0.673899	0.649981	-1.703508	0	0	0	0	0	0
98889324159	231.898438	-95.500000	45.101562	-54.300781	-265.500000	-93.500000	-2.347791	-9.490756	1.642455	0.896326	0.651852	-0.713210	0	0	0	0	0	0
99074597139	361.398438	-16.300781	-42.099609	26.500000	-320.400391	-33.599609	-4.836236	-14.962204	0.079470	0.853793	0.476968	-0.019046	0	0	0	0	0	0
99268490836	394.398438	12.500000	-127.900391	50.500000	-289.800781	-26.699219	-6.591913	-16.252754	-3.997958	0.654811	0.102335	0.186461	0	0	0	0	0	0
99453857794	307.199219	-32.400391	-180.699219	-11.000000	-158.699219	-69.900391	-5.854691	-11.310889	-7.423722	0.317239	-0.341580	-0.317307	0	0	0	0	0	0
99626969920	211.101562	4.601562	-105.500000	16.000000	-87.199219	-21.699219	-4.551437	-7.526072	3.043811	0.220826	-0.161661	0.022164	0	0	0	0	0	0
99812359059	165.500000	-18.500000	21.601562	0.601562	-118.599609	-22.500000	-2.038707	-5.278263	14.007509	0.521074	0.366264	-0.122232	0	0	0	0	0	0
99993597735	153.898438	-29.199219	89.898438	-2.699219	-154.199219	-18.199219	-0.352810	-5.523483	17.159744	0.617313	0.503785	-0.172111	0	0	0	0	0	0
100162384277	257.601562	-25.699219	27.398438	-1.699219	-224.800781	-41.599609	-1.965616	-9.791651	10.490048	0.775914	0.388445	-0.164361	0	0	0	0	0	0
100340559932	362.101562	14.000000	-123.699219	32.500000	-241.900391	-27.599609	-6.348415	-12.798804	-1.135488	0.811966	0.066711	0.187221	0	0	0	0	0	0
100540853084	397.398438	24.000000	-313.500000	28.500000	-133.500000	-52.500000	-10.162817	-12.388992	-10.853472	0.478444	-0.695125	0.093665	0	0	0	0	0	0
100717243893	233.500000	-47.400391	-354.099609	-55.800781	36.300781	-107.300781	-8.754929	-5.030389	-14.109165	0.031414	-1.180906	-0.667311	0	0	0	0	0	0
100898439160	56.800781	-83.400391	-271.199219	-115.000000	155.300781	-132.000000	-6.237097	2.433735	-11.423428	-0.158185	-0.955803	-1.039789	0	0	0	0	0	0
101089048780	-104.800781	-60.199219	-124.500000	-79.500000	189.800781	-70.400391	-0.801469	6.620052	-8.035569	-0.407142	-0.788810	-0.714647	0	0	0	0	0	0
101269277278	-241.500000	-79.199219	96.398438	-89.099609	130.699219	-46.599609	6.102818	8.862307	-1.567332	-0.357087	-0.204273	-0.748879	0	0	0	0	0	0
101434754491	-289.300781	-41.000000	211.300781	-36.099609	76.300781	17.000000	10.225542	8.761709	1.119807	-0.310001	0.042825	-0.278503	0	0	0	0	0	0
101613508882	-232.500000	-17.099609	228.300781	-10.699219	19.398438	39.699219	8.971391	6.710573	5.547430	-0.050872	0.305585	-0.055766	0	0	0	0	0	0
101792505275	-211.300781	-23.199219	248.898438	-11.099609	-14.300781	32.398438	9.180408	5.982256	5.837748	0.093659	0.426695	-0.073204	0	0	0	0	0	0
101960504938	-213.800781	-65.500000	338.898438	-31.900391	-90.300781	16.398438	11.956602	4.573914	6.075787	0.244586	0.705124	-0.290532	0	0	0	0	0	0
102142443296	-126.699219	-70.699219	344.101562	-19.300781	-199.900391	16.601562	10.985040	0.205198	4.338394	0.507138	0.881995	-0.194443	0	0	0	0	0	0
102316171110	83.800781	-60.300781	296.300781	6.601562	-364.000000	3.800781	6.712487	-7.461474	3.502360	1.039011	1.221462	-0.124651	0	0	0	0	0	0
102475113935	265.000000	-23.099609	131.000000	40.000000	-394.000000	-3.000000	1.097037	-13.222579	-0.806184	1.121156	0.918931	0.073257	0	0	0	0	0	0
102683092961	335.000000	25.101562	-51.099609	68.601562	-331.599609	3.199219	-2.906990	-15.207549	-9.118011	0.773369	0.256380	0.369067	0	0	0	0	0	0
102866493451	359.000000	52.699219	-292.699219	73.101562	-162.000000	-4.900391	-8.671849	-13.800404	-17.234045	0.229844	-0.678162	0.447809	0	0	0	0	0	0
103064838570	200.898438	-1.099609	-314.599609	-10.099609	25.601562	-59.599609	-8.857985	-5.232908	-16.928045	-0.086339	-0.854818	-0.217593	0	0	0	0	0	0
103242920961	-28.599609	-96.800781	-166.599609	-111.199219	138.699219	-115.599609	-3.848074	3.729170	-10.700478	-0.285543	-0.564840	-1.022411	0	0	0	0	0	0
103470550348	-251.300781	-93.000000	114.300781	-102.099609	134.000000	-65.900391	5.823815	9.384821	-1.364127	-0.338410	0.023392	-0.876806	0	0	0	0	0	0
103672044272	-161.900391	104.199219	28.800781	91.699219	96.601562	123.699219	2.951693	4.838044	-4.032200	-0.428375	-0.297063	0.978499	0	0	0	0	0	0
103870761056	43.500000	257.800781	-89.599609	246.699219	-15.099609	234.601562	-1.052470	-3.587510	-6.519567	-0.371617	-0.420183	2.294661	0	0	0	0	0	0
104028129371	18.300781	132.898438	72.500000	146.398438	-115.500000	140.398438	1.756430	-1.891328	-2.623500	0.351751	0.377810	1.231415	0	0	0	0	0	0
104212938643	11.101562	-111.699219	171.300781	-89.599609	-186.699219	-80.500000	2.821457	-1.065151	-1.357938	0.898963	0.977999	-0.934278	0	0	0	0	0	0
104419474574	-15.599609	-212.699219	202.101562	-179.400391	-192.000000	-164.000000	3.868186	-0.176343	-2.881787	0.985194	1.120742	-1.789252	0	0	0	0	0	0
104589061613	96.000000	-166.500000	98.601562	-131.400391	-221.199219	-145.800781	0.154145	-4.444981	-5.608033	0.846947	0.792128	-1.325763	0	0	0	0	0	0
104773734152	268.500000	-34.599609	-46.000000	2.000000	-276.900391	-46.300781	-2.941935	-12.414722	-8.701779	0.591230	0.262332	-0.166109	0	0	0	0	0	0
104945365373	334.300781	81.199219	-93.099609	135.500000	-307.500000	70.699219	-1.009879	-17.957514	-11.598382	0.109630	-0.308828	1.021692	0	0	0	0	0	0
105137181599	272.199219	200.800781	-21.000000	252.199219	-316.400391	204.199219	2.746835	-17.565220	-8.056296	-0.117856	-0.424224	2.122852	0	0	0	0	0	0
105315243937	174.898438	230.601562	-7.500000	276.300781	-220.900391	241.500000	3.185351	-12.633843	-4.840531	-0.272771	-0.391685	2.332172	0	0	0	0	0	0
105505784995	-88.199219	33.101562	128.000000	66.398438	-41.400391	81.601562	7.186764	-0.376154	-2.524487	-0.305347	-0.141847	0.506892	0	0	0	0	0	0
105679596152	-263.699219	-46.199219	227.699219	-32.000000	39.101562	16.199219	11.208891	6.305770	1.413054	-0.379047	-0.027901	-0.272927	0	0	0	0	0	0
105857151651	-325.300781	-99.000000	322.699219	-69.000000	12.800781	-6.000000	13.670392	8.301268	3.678625	-0.220104	0.292451	-0.668033	0	0	0	0	0	0
106053538010	-219.300781	-161.199219	371.800781	-119.900391	-138.500000	-67.300781	12.213837	4.817417	1.935252	0.539600	0.972765	-1.199074	0	0	0	0	0	0
106227631992	-35.300781	-178.199219	305.000000	-133.599609	-262.000000	-113.300781	6.977917	-0.796002	-0.675326	1.081823	1.303561	-1.351600	0	0	0	0	0	0
106421871907	77.898438	-164.500000	240.601562	-126.599609	-321.199219	-121.000000	2.798865	-4.233723	-2.755736	1.430129	1.470617	-1.229959	0	0	0	0	0	0
106581552606	296.398438	-81.500000	36.101562	-34.699219	-363.500000	-83.300781	-3.563052	-12.148955	-7.812267	1.253741	0.921755	-0.495940	0	0	0	0	0	0
106761764088	387.398438	26.199219	-176.500000	56.101562	-297.500000	-22.699219	-8.196670	-15.555490	-13.918362	0.697024	0.177951	0.292927	0	0	0	0	0	0
106949552131	195.800781	-125.800781	-46.599609	-100.699219	-195.900391	-142.000000	-4.098004	-6.701811	-10.853220	0.765696	0.500950	-1.179902	0	0	0	0	0	0
107136950430	-39.199219	-248.300781	138.500000	-222.500000	-132.199219	-220.500000	2.040882	1.563117	-5.638563	0.817898	0.909547	-2.195457	0	0	0	0	0	0
107328508662	-5.099609	-259.500000	269.398438	-222.599609	-250.500000	-211.199219	4.062205	-0.069900	0.147291	1.379393	1.531320	-2.154108	0	0	0	0	0	0
107486841134	123.699219	-149.699219	233.601562	-106.699219	-342.800781	-107.500000	2.707823	-6.057561	0.331560	1.380075	1.380591	-0.986227	0	0	0	0	0	0
107666277658	255.398438	147.300781	52.699219	203.300781	-346.599609	158.898438	1.702131	-14.434669	-4.466342	0.508445	0.250159	1.709006	0	0	0	0	0	0
107840281354	265.300781	259.000000	-43.300781	301.800781	-279.099609	247.300781	0.856798	-15.609543	-8.143922	-0.030542	-0.323920	2.607005	0	0	0	0	0	0
108017419683	213.199219	326.000000	-132.199219	357.601562	-164.500000	308.601562	-0.453756	-13.671877	-9.963953	-0.562700	-0.775283	3.130807	0	0	0	0	0	0
108199361049	110.000000	317.601562	-141.800781	334.398438	-53.500000	296.000000	0.326274	-8.822283	-10.767365	-0.899049	-1.001743	2.964383	0	0	0	0	0	0
108359795017	-38.900391	187.300781	-131.400391	179.101562	95.601562	174.699219	2.030148	-2.343611	-9.639593	-1.154163	-1.199619	1.595907	0	0	0	0	0	0
108577397002	-198.800781	-43.500000	-11.400391	-46.300781	180.500000	-22.000000	5.585372	5.179135	-2.583085	-1.069250	-0.972603	-0.456808	0	0	0	0	0	0
108746760509	-147.500000	83.699219	5.101562	83.101562	126.500000	102.199219	4.927121	2.730205	-3.609895	-0.958720	-0.845265	0.849644	0	0	0	0	0	0
108903269243	81.898438	267.500000	-111.300781	276.199219	-12.199219	254.398438	0.319702	-6.402351	-4.034918	-0.764560	-0.867970	2.559923	0	0	0	0	0	0
109102820039	-0.699219	178.800781	8.800781	187.601562	-31.599609	180.699219	2.508473	-2.147960	-1.451611	-0.299799	-0.248742	1.632854	0	0	0	0	0	0
109266843412	-76.400391	-130.199219	175.601562	-100.800781	-98.000000	-83.599609	6.570307	0.326269	-1.199312	0.218701	0.372203	-1.085521	0	0	0	0	0	0
109492458122	2.101562	-241.400391	193.101562	-203.500000	-188.900391	-195.099609	5.025144	-2.368280	-0.699239	0.626221	0.715037	-2.013448	0	0	0	0	0	0
109680124247	211.601562	-102.400391	-70.000000	-87.300781	-161.500000	-135.400391	-4.844750	-7.623392	-3.383316	0.563018	0.259369	-0.947642	0	0	0	0	0	0
109863957516	-11.800781	-93.699219	248.898438	-48.000000	-239.900391	-36.800781	7.242169	-3.889327	0.759015	0.473184	0.864440	-0.505473	0	0	0	0	0	0
110024686383	-59.400391	43.199219	186.800781	81.000000	-137.099609	95.000000	7.406289	-1.412940	-0.115657	0.112602	0.279742	0.744895	0	0	0	0	0	0
110214580582	32.101562	221.398438	-105.500000	210.398438	31.699219	202.199219	-2.215306	-2.272596	-4.450982	-0.447109	-0.467292	1.939168	0	0	0	0	0	0
110411308456	100.601562	128.601562	-301.300781	95.101562	146.699219	50.601562	-9.452251	-1.615219	-6.640641	-0.604344	-0.795986	0.783837	0	0	0	0	0	0
110600302212	-70.800781	-143.900391	-153.300781	-166.300781	195.000000	-176.500000	-4.199262	4.741077	-5.240596	-0.546587	-0.521665	-1.598720	0	0	0	0	0	0
110766140732	-228.699219	-216.800781	106.300781	-219.800781	128.898438	-189.699219	4.317633	8.536427	-1.180970	-0.339806	0.173448	-1.998932	0	0	0	0	0	0
110933975965	-211.500000	-138.400391	345.000000	-96.000000	-118.500000	-50.500000	11.340094	2.925199	3.606350	0.159956	0.910092	-0.920399	0	0	0	0	0	0
111120204146	62.800781	-38.000000	259.300781	14.101562	-320.300781	17.699219	6.449091	-7.249153	0.790589	0.800562	1.038599	0.053669	0	0	0	0	0	0
111293076787	332.101562	38.101562	104.199219	103.898438	-444.300781	60.601562	1.041935	-15.983617	-2.338727	1.169214	0.730879	0.695282	0	0	0	0	0	0
111475788355	454.699219	60.199219	-123.099609	114.101562	-387.300781	34.300781	-4.860111	-18.888412	-8.082872	0.909668	-0.031412	0.750725	0	0	0	0	0	0
111648700984	409.800781	20.101562	-297.300781	45.800781	-185.300781	-42.599609	-9.495501	-14.564196	-15.348000	0.380943	-0.696072	0.099713	0	0	0	0	0	0
111828979259	337.398438	-66.599609	-348.500000	-58.599609	-63.000000	-131.500000	-10.556083	-10.801632	-16.161858	0.159664	-0.868941	-0.766045	0	0	0	0	0	0
112022056208	333.101562	-55.300781	-159.599609	-13.000000	-236.900391	-78.800781	-3.650060	-15.439149	-10.303502	0.220451	-0.472504	-0.357188	0	0	0	0	0	0
112182844803	363.500000	-23.400391	-106.900391	27.398438	-296.300781	-44.599609	-2.523056	-16.890068	-6.537393	0.309420	-0.260796	-0.039478	0	0	0	0	0	0
112375985119	39.800781	-56.900391	-31.699219	-44.300781	-33.300781	-57.300781	0.283378	-2.277246	-4.164376	-0.062087	-0.211461	-0.592010	0	0	0	0	0	0
112561864903	-99.400391	-110.900391	31.101562	-103.099609	48.199219	-88.099609	1.389860	4.163162	-3.423183	-0.027508	0.038877	-0.975604	0	0	0	0	0	0
112749257408	-181.300781	-86.300781	101.898438	-86.300781	70.500000	-52.900391	3.852292	6.855264	-1.837621	-0.066468	0.159033	-0.756067	0	0	0	0	0	0
112938777509	-274.800781	-61.300781	256.101562	-49.500000	14.800781	12.101562	9.106125	8.781115	1.972833	0.137837	0.565001	-0.370945	0	0	0	0	0	0
113087801542	-203.699219	5.398438	329.199219	31.500000	-105.199219	84.601562	10.925833	4.466753	2.622969	0.362756	0.756068	0.331602	0	0	0	0	0	0
113268817701	5.601562	26.300781	314.601562	85.800781	-306.000000	105.101562	10.277679	-5.627354	2.305163	0.698231	0.823949	0.678865	0	0	0	0	0	0
113431467449	216.898438	56.300781	225.800781	124.101562	-440.099609	113.601562	6.650010	-14.620866	2.012320	0.874743	0.774662	0.956556	0	0	0	0	0	0
113610215905	370.199219	50.601562	93.500000	124.800781	-452.800781	74.000000	1.841733	-19.837755	0.828800	0.755319	0.424715	0.842445	0	0	0	0	0	0
113795339803	424.398438	25.601562	-38.900391	92.199219	-389.800781	17.699219	-1.660932	-20.128666	-1.185386	0.509439	0.051759	0.431887	0	0	0	0	0	0
113973593193	192.101562	9.699219	120.898438	72.500000	-304.000000	46.500000	5.034691	-12.423275	1.132171	0.378150	0.230989	0.474771	0	0	0	0	0	0
114159237247	-61.300781	-60.500000	384.101562	26.000000	-309.800781	56.199219	15.154340	-4.879452	3.869514	0.393694	0.682788	-0.000755	0	0	0	0	0	0
114342568618	-240.400391	-104.500000	483.101562	-35.000000	-228.800781	32.000000	18.795925	1.406577	3.988607	0.214477	0.761647	-0.404412	0	0	0	0	0	0
114530170748	-319.599609	-105.099609	451.000000	-50.400391	-104.000000	23.398438	17.117376	6.678269	3.931880	0.082626	0.680581	-0.471743	0	0	0	0	0	0
114703310846	-409.699219	-61.900391	321.800781	-46.800781	95.398438	27.300781	13.177150	13.288083	3.898122	-0.263217	0.355976	-0.391143	0	0	0	0	0	0
114883419527	-408.699219	-61.300781	186.898438	-73.900391	215.199219	-7.199219	8.333689	15.089014	1.206010	-0.499260	0.014959	-0.513462	0	0	0	0	0	0
115042146967	-260.500000	15.898438	-77.300781	-27.800781	311.000000	-0.099609	-0.546377	12.364921	-3.035572	-0.823319	-0.605586	-0.109816	0	0	0	0	0	0
115211775829	-92.099609	85.601562	-323.500000	22.898438	361.500000	12.500000	-8.713978	7.545644	-7.038350	-1.054187	-1.133685	0.319559	0	0	0	0	0	0
115403544146	104.601562	135.300781	-506.400391	71.500000	330.101562	15.898438	-15.118421	0.241056	-10.421065	-1.185861	-1.512138	0.738870	0	0	0	0	0	0
115595331670	231.000000	144.199219	-545.900391	92.000000	239.000000	26.199219	-15.857432	-5.555852	-11.540634	-1.115935	-1.580690	0.842877	0	0	0	0	0	0
115766664123	241.300781	96.300781	-279.000000	96.601562	-13.199219	35.800781	-6.704258	-10.418271	-9.041206	-0.528215	-0.895289	0.747259	0	0	0	0	0	0
115946269173	153.800781	57.800781	51.500000	95.398438	-222.199219	72.500000	4.148182	-11.200110	-2.578824	-0.075540	-0.170650	0.657411	0	0	0	0	0	0
116119998938	-27.099609	-27.900391	328.000000	48.601562	-290.300781	65.398438	13.011118	-6.596866	2.643354	0.173663	0.500314	0.250708	0	0	0	0	0	0
116311164704	-182.800781	-89.099609	488.601562	-18.400391	-258.500000	32.500000	17.460846	-0.959276	5.331011	0.253805	0.904808	-0.300565	0	0	0	0	0	0
116469359935	-184.300781	-94.599609	304.699219	-54.000000	-107.699219	-12.599609	10.289061	2.633525	2.478161	0.113981	0.541621	-0.567154	0	0	0	0	0	0
116655052541	-147.500000	-100.699219	149.101562	-76.000000	0.699219	-49.599609	5.588601	3.490003	0.350438	-0.075611	0.166117	-0.749645	0	0	0	0	0	0
116833745793	-0.500000	2.699219	-0.099609	0.699219	2.500000	2.199219	-0.049100	0.116463	0.077625	-0.009652	-0.000268	-0.005173	0	0	0	0	0	0
117017516949	-5.199219	0.500000	0.699219	-0.500000	-1.599609	5.500000	0.016660	0.113558	0.644675	-0.001241	0.000212	-0.011760	0	0	0	0	0	0
117205854539	-3.000000	-1.199219	2.199219	0.500000	-2.199219	3.500000	0.013992	0.053556	0.351859	-0.002853	0.007449	-0.000709	0	0	0	0	0	0
117387398060	-7.000000	3.500000	4.601562	-2.300781	-0.099609	-2.500000	-0.043222	0.064821	0.005748	-0.003439	0.000299	0.000553	0	0	0	0	0	0
117579657154	-3.699219	1.699219	-1.300781	3.898438	-6.800781	-1.199219	-0.043160	0.025220	0.845883	-0.003697	0.007474	-0.008048	0	0	0	0	0	0
117758937270	0.101562	-1.300781	-2.000000	2.199219	1.699219	2.699219	0.032222	0.021814	0.887217	-0.007066	0.006624	-0.008086	0	0	0	0	0	0
117951991789	-1.400391	1.898438	1.601562	3.398438	-2.000000	5.199219	-0.009513	-0.087468	0.305668	-0.002517	0.006976	-0.002113	0	0	0	0	0	0
118137379217	3.000000	-0.300781	-2.199219	7.898438	2.101562	5.000000	0.076458	0.093596	1.158142	-0.003367	0.003656	-0.009917	0	0	0	0	0	0
118330433097	-3.400391	-0.699219	7.601562	2.199219	0.601562	6.199219	0.018313	0.055925	-0.461426	-0.006070	0.008710	0.003387	0	0	0	0	0	0
118511704268	5.300781	6.000000	6.398438	-0.099609	3.000000	9.800781	-0.033083	0.011135	-0.037586	-0.003855	-0.002606	-0.001268	0	0	0	0	0	0
118700747294	-1.500000	1.601562	0.101562	4.398438	-4.099609	2.699219	-0.038921	0.053083	0.580659	-0.004915	-0.004112	-0.006803	0	0	0	0	0	0
118904121938	-4.400391	2.601562	2.500000	-4.099609	-8.599609	0.500000	-0.011180	0.017219	0.999715	-0.003159	0.004692	-0.009627	0	0	0	0	0	0
119099881673	-3.099609	-3.300781	0.199219	3.800781	-4.000000	1.500000	-0.074501	-0.015085	1.265045	-0.000074	0.004713	-0.012634	0	0	0	0	0	0
119275611019	-2.900391	2.898438	2.898438	5.000000	0.601562	4.898438	0.031528	0.067871	0.231097	-0.004126	0.003057	-0.003433	0	0	0	0	0	0
119458509912	-0.400391	-1.000000	-0.599609	3.101562	-4.199219	4.699219	-0.025461	0.075473	1.079243	-0.000172	-0.000370	-0.009966	0	0	0	0	0	0
119619842292	0.101562	-1.300781	0.300781	1.601562	0.699219	0.699219	-0.036390	-0.055320	1.390472	-0.003668	0.003348	-0.010036	0	0	0	0	0	0
119784616432	-2.099609	-0.900391	0.601562	2.500000	-2.099609	-0.199219	0.110577	-0.033245	0.383336	-0.002900	0.006486	-0.002971	0	0	0	0	0	0
119955155394	0.699219	0.300781	0.800781	7.398438	-2.099609	7.300781	-0.026249	-0.053386	0.503749	-0.000297	0.007340	-0.000995	0	0	0	0	0	0
120135505566	1.000000	5.398438	3.000000	6.101562	1.699219	7.601562	-0.118359	-0.003690	0.266534	-0.002536	0.003736	-0.004102	0	0	0	0	0	0
120286294183	-1.300781	0.601562	-0.699219	5.601562	-4.900391	0.101562	0.029755	0.030492	0.273074	-0.005018	0.004873	-0.001701	0	0	0	0	0	0
120432876063	-5.000000	5.000000	1.699219	6.398438	0.300781	2.699219	-0.109649	-0.016139	0.165221	-0.007870	0.001515	0.001223	0	0	0	0	0	0
120568282906	-3.599609	-0.800781	0.800781	3.300781	-6.000000	-0.599609	0.055078	0.081474	-0.566841	-0.005281	0.005127	0.008231	0	0	0	0	0	0
120697770080	-0.300781	1.500000	-4.500000	2.898438	0.398438	11.101562	-0.064662	0.015102	1.157108	0.000789	0.003501	-0.008568	0	0	0	0	0	0
120827149135	-5.900391	-5.900391	3.199219	-2.500000	-6.400391	-3.000000	-0.060075	-0.091836	0.152512	-0.003857	0.002299	-0.001867	0	0	0	0	0	0
120985334499	-2.500000	-0.099609	-4.599609	5.898438	-0.699219	-9.400391	0.084167	0.088888	0.196050	-0.004649	0.005212	-0.001393	0	0	0	0	0	0
