685986	3.898438	1.500000	2.199219	-3.800781	0.199219	-5.099609	0.062064	0.004219	0.929370	0.000687	0.009156	-0.003473	0	0	0	0	0	0
275023273	3.199219	5.800781	-0.599609	0.101562	4.101562	2.101562	-0.028567	0.044289	1.275746	-0.000975	0.006493	-0.008402	0	0	0	0	0	0
583885314	-2.099609	-2.000000	2.300781	5.601562	-2.900391	-4.099609	0.151094	-0.089331	-0.110711	-0.004584	0.007725	0.004773	0	0	0	0	0	0
889048719	2.199219	2.699219	3.199219	10.101562	-1.800781	-0.500000	0.010773	0.194600	0.897314	-0.001210	0.009817	-0.003282	0	0	0	0	0	0
1190777479	-1.599609	3.300781	2.199219	12.699219	6.500000	0.300781	-0.057910	0.136612	0.851642	-0.002858	0.011837	-0.005786	0	0	0	0	0	0
1485255486	-3.800781	3.000000	8.101562	11.699219	-0.500000	-4.199219	0.017461	-0.044739	-0.383978	-0.001534	0.007927	0.005471	0	0	0	0	0	0
1922031597	-3.599609	6.398438	5.000000	4.300781	2.199219	-12.300781	-0.034251	-0.136652	0.810347	-0.002206	0.006689	-0.004041	0	0	0	0	0	0
2378888012	0.601562	1.800781	4.601562	3.101562	3.898438	-17.000000	0.049389	-0.084135	0.808165	-0.000628	0.003916	-0.005410	0	0	0	0	0	0
2795193330	-3.599609	2.898438	3.898438	8.101562	3.101562	-6.199219	0.038037	-0.045008	1.655982	-0.004320	0.004640	-0.013986	0	0	0	0	0	0
3131048929	-0.599609	2.199219	6.601562	10.101562	10.199219	-9.300781	-0.023614	0.095183	0.929319	0.001371	0.007542	-0.005001	0	0	0	0	0	0
3562447153	-3.599609	-14.599609	0.398438	-11.900391	9.300781	-22.000000	-0.239471	0.121735	0.748824	-0.027711	-0.021790	-0.101399	0	0	0	0	0	0
3968319389	-82.199219	310.898438	444.699219	392.601562	-392.300781	443.898438	23.891632	-7.462814	-2.484817	0.033246	0.131221	3.464106	0	0	0	0	0	0
4381343596	-24.000000	89.199219	1587.000000	338.800781	-1487.199219	540.199219	51.682007	-26.785992	17.990799	2.889980	4.407151	3.269930	0	0	0	0	0	0
4714845614	1900.199219	780.101562	-938.000000	815.101562	-1294.000000	476.199219	-34.520828	-77.287804	-52.346542	2.408013	-0.995753	6.503242	0	0	0	0	0	0
5006475146	-120.199219	-65.400391	-38.900391	-158.900391	575.800781	-196.800781	-15.632737	17.710493	75.019768	-0.500797	1.158940	-1.615524	0	0	0	0	0	0
5382732360	-185.500000	-115.000000	730.699219	-88.500000	-148.000000	-23.400391	11.365801	10.446599	68.622078	2.044633	3.161284	-0.653178	0	0	0	0	0	0
5805453853	882.199219	1189.398438	593.398438	1363.398438	-1662.599609	1365.199219	26.115950	-57.949863	-22.362741	2.108741	0.681247	12.347228	0	0	0	0	0	0
6182681897	765.601562	-14.400391	96.601562	81.500000	-1099.400391	11.699219	-0.970532	-30.412796	-45.887177	3.429326	1.311126	0.048965	0	0	0	0	0	0
6568317142	130.601562	-741.500000	411.101562	-671.599609	-585.500000	-646.000000	-0.971362	3.722338	-18.342775	3.932312	3.388494	-6.397147	0	0	0	0	0	0
6979986570	40.398438	-922.400391	416.699219	-861.199219	-462.599609	-837.300781	-2.461250	9.372351	-11.705881	3.857200	3.815382	-8.171996	0	0	0	0	0	0
7318994609	1264.000000	218.101562	314.800781	379.300781	-1772.099609	278.300781	3.598479	-64.351463	-34.563663	3.816282	2.045982	3.131929	0	0	0	0	0	0
7648995436	1106.898438	-15.699219	-414.699219	24.398438	-865.199219	-159.300781	-22.081251	-34.572193	-36.360985	2.762189	0.531327	-0.606984	0	0	0	0	0	0
8020706556	-1345.800781	-468.400391	561.699219	-593.599609	960.300781	-391.199219	13.277031	68.601387	31.585384	0.041672	1.618021	-4.486796	0	0	0	0	0	0
8392992270	-462.400391	189.101562	1335.101562	348.398438	-728.000000	538.500000	36.739147	1.834835	28.442728	1.816866	4.207678	3.373573	0	0	0	0	0	0
8762974859	1935.601562	836.898438	-108.000000	962.300781	-1984.599609	737.601562	-10.266452	-91.064674	-19.246420	3.063085	0.896481	8.440902	0	0	0	0	0	0
9129123635	1191.300781	2039.000000	-134.500000	2114.398438	-1395.699219	2002.101562	0.141353	-64.959724	-38.427879	0.211750	-1.074110	19.245792	0	0	0	0	0	0
9523602609	91.398438	-241.900391	429.398438	-160.000000	-660.300781	-127.500000	6.354496	0.243946	-27.056530	2.664599	2.268685	-1.833836	0	0	0	0	0	0
9898846093	-1376.900391	-407.099609	1309.000000	-353.300781	183.898438	-94.599609	35.025391	58.481792	20.078485	1.564998	4.256083	-2.739619	0	0	0	0	0	0
10265128371	-1590.599609	305.601562	2357.199219	531.601562	-583.500000	911.699219	71.201599	38.908066	42.455994	1.319948	6.734014	5.180136	0	0	0	0	0	0
10627466399	566.601562	709.601562	943.800781	899.699219	-1574.199219	979.500000	27.014078	-40.059799	-3.651926	2.820251	2.724660	8.239511	0	0	0	0	0	0
11043022602	2012.699219	966.199219	-1293.400391	978.601562	-1199.000000	587.398438	-46.591152	-74.972282	-78.215279	1.811207	-2.722045	7.871838	0	0	0	0	0	0
11475863500	-734.599609	-502.900391	-303.000000	-647.699219	961.601562	-592.199219	-12.660578	55.650627	-19.620039	0.007542	-0.775342	-5.635609	0	0	0	0	0	0
11810883141	-1669.400391	-414.099609	961.898438	-502.099609	810.800781	-216.500000	29.175400	77.948257	17.370651	0.235362	2.417914	-3.633647	0	0	0	0	0	0
12142342759	-1281.800781	-96.500000	2016.199219	113.500000	-602.699219	452.601562	62.271290	31.295773	28.214231	1.568169	5.510583	1.373959	0	0	0	0	0	0
12492688165	1010.199219	801.199219	1153.199219	1033.199219	-2217.400391	1094.000000	32.188473	-67.233711	-0.949489	3.370147	3.587933	9.529799	0	0	0	0	0	0
12819663747	263.000000	757.601562	1515.398438	1016.800781	-1820.400391	1198.898438	52.545223	-41.926804	3.436749	1.865792	3.343293	9.304289	0	0	0	0	0	0
13160642284	-1826.500000	126.199219	1370.800781	107.898438	596.199219	440.101562	41.185368	73.178635	31.751364	-0.437157	3.308359	1.624266	0	0	0	0	0	0
13493834791	-844.300781	5.601562	-623.199219	-324.900391	1529.398438	-236.300781	-30.393572	70.820984	13.897655	-0.684878	-1.388697	-1.713764	0	0	0	0	0	0
13817628397	1327.199219	754.500000	-2175.599609	501.699219	685.101562	166.101562	-78.284386	-16.351675	-23.925144	-0.760178	-5.278991	4.505244	0	0	0	0	0	0
14153507537	2178.601562	869.500000	-2120.199219	774.800781	-316.400391	253.601562	-78.506912	-64.436783	-41.659161	0.283826	-4.718078	6.003118	0	0	0	0	0	0
14504046423	173.101562	991.000000	765.898438	1110.601562	-1054.300781	1179.699219	25.602051	-21.763371	-8.049940	0.954463	2.145843	10.132280	0	0	0	0	0	0
14887691476	-1548.699219	146.800781	2265.800781	344.898438	-599.500000	741.398438	65.486763	39.027557	26.158438	1.512530	7.044977	3.448937	0	0	0	0	0	0
15274796792	1008.199219	371.800781	903.398438	584.101562	-2024.199219	595.199219	17.130098	-59.658783	-16.232780	3.878521	3.992718	5.177816	0	0	0	0	0	0
15605951118	2341.601562	656.500000	-862.900391	719.300781	-1783.000000	318.101562	-46.444443	-91.605721	-51.251503	3.684492	0.151528	5.550453	0	0	0	0	0	0
15990847293	845.601562	-58.199219	-1252.699219	-166.099609	113.601562	-407.199219	-51.812309	-3.532895	-55.220451	1.704537	-1.600610	-2.242428	0	0	0	0	0	0
16328776986	-802.300781	-735.599609	-344.099609	-956.699219	1145.199219	-882.500000	-23.460945	71.134521	-6.392831	1.590623	0.409563	-8.117120	0	0	0	0	0	0
16665778894	-1710.900391	-601.300781	576.101562	-836.800781	1237.199219	-533.000000	9.375679	98.233780	16.534365	1.364209	2.313301	-6.208619	0	0	0	0	0	0
16989052761	-1385.300781	-458.500000	870.601562	-538.699219	609.601562	-289.400391	16.243177	72.161087	17.342524	2.109799	3.521427	-3.997651	0	0	0	0	0	0
17307285420	1991.800781	362.601562	-485.500000	448.500000	-1713.300781	155.699219	-34.406406	-77.428810	-39.882126	4.325620	1.294991	3.592747	0	0	0	0	0	0
17712200441	3373.500000	765.800781	-1041.099609	847.800781	-2752.699219	291.398438	-61.392616	-136.515503	-72.864441	5.961661	1.329056	6.367322	0	0	0	0	0	0
18091533476	3887.800781	1047.000000	-1596.699219	1115.199219	-2753.300781	389.398438	-78.406433	-153.360580	-80.030235	5.319715	-0.286738	8.145153	0	0	0	0	0	0
18506580717	58.500000	20.601562	-19.699219	22.601562	-36.400391	-7.699219	-5.731459	6.024312	1.800729	0.542203	0.134412	0.088722	0	0	0	0	0	0
18846371803	1022.199219	120.398438	-888.900391	189.398438	-947.000000	16.398438	-17.652683	-33.840210	-151.716370	2.973394	-3.162025	1.345327	0	0	0	0	0	0
19178828992	2349.300781	808.398438	-1988.199219	835.500000	-1456.500000	361.398438	-48.571991	-77.501488	-192.162827	4.891840	-6.372701	6.245156	0	0	0	0	0	0
19556817870	1673.699219	461.398438	-1294.500000	494.800781	-1345.800781	205.601562	-27.437393	-50.449024	-173.832443	5.472216	-4.310167	3.593479	0	0	0	0	0	0
19928514483	1158.101562	234.101562	-851.300781	303.000000	-1148.000000	119.898438	-10.777614	-35.143761	-153.864090	4.464733	-3.650728	2.073062	0	0	0	0	0	0
20295514706	2275.500000	777.199219	-1424.800781	830.699219	-1597.699219	449.601562	-31.627443	-77.406952	-132.264999	5.378775	-5.664959	6.631053	0	0	0	0	0	0
20700310169	1775.898438	636.398438	-1000.199219	687.000000	-1489.099609	409.500000	-23.860342	-57.159531	-129.693619	5.413075	-3.280011	5.291364	0	0	0	0	0	0
20979036024	820.300781	281.500000	-507.199219	301.601562	-925.000000	188.800781	-15.497798	-19.488132	-111.657997	4.376534	-0.634729	2.326382	0	0	0	0	0	0
21366088768	229.398438	-31.300781	-160.199219	21.000000	-886.500000	46.699219	8.029217	-2.311341	-147.657761	4.105400	-1.032469	0.073335	0	0	0	0	0	0
21749540990	385.699219	109.898438	-275.000000	101.500000	-540.099609	51.898438	-12.844949	-3.213905	-77.159714	3.175076	0.390934	0.880606	0	0	0	0	0	0
22156140852	868.898438	298.800781	-794.699219	310.300781	-653.300781	164.601562	-18.590038	-20.234833	-104.038879	3.086986	-2.376994	2.351919	0	0	0	0	0	0
22543738528	894.101562	216.800781	-1009.599609	203.199219	-552.599609	36.898438	-27.494247	-19.917511	-119.912155	3.043070	-2.761833	1.541748	0	0	0	0	0	0
22963268804	116.101562	66.199219	-764.699219	67.398438	-440.599609	65.699219	-0.179518	7.503989	-195.322021	2.954264	-3.758627	0.598792	0	0	0	0	0	0
23363287726	-263.900391	-172.800781	-460.900391	-151.500000	-250.900391	-113.199219	2.680122	12.883963	-175.261276	1.062642	-2.180833	-1.520977	0	0	0	0	0	0
23741995599	-312.699219	-83.300781	269.601562	-83.099609	-90.400391	-31.400391	-4.364441	19.029524	-20.041523	1.332174	2.572072	-0.665593	0	0	0	0	0	0
24025247514	482.898438	76.300781	-15.199219	39.699219	149.898438	-31.199219	-16.659769	2.820646	113.454811	1.261050	0.060502	0.247359	0	0	0	0	0	0
24409163643	391.300781	-228.199219	153.199219	-238.300781	135.898438	-283.000000	-8.363794	5.131903	113.115356	1.018949	0.248135	-2.438735	0	0	0	0	0	0
24796070103	-82.800781	-104.500000	-234.300781	-75.699219	33.000000	-111.900391	-2.185322	2.856004	-55.752754	-0.897358	-1.480861	-0.995506	0	0	0	0	0	0
25166005468	-741.800781	-299.900391	34.398438	-203.500000	-149.300781	-92.099609	26.970671	14.739948	-155.999130	-1.738408	-2.353046	-1.954824	0	0	0	0	0	0
25533866969	-867.800781	-255.599609	517.300781	-139.800781	67.300781	12.199219	42.619427	19.864508	-52.256176	-2.224798	-2.130112	-1.104825	0	0	0	0	0	0
25919773239	-1491.699219	-95.500000	2469.699219	288.601562	-1264.599609	768.000000	114.704254	15.202575	-47.913292	0.558817	1.898011	2.921055	0	0	0	0	0	0
26308401812	-1408.800781	-315.000000	2196.601562	28.398438	-1075.199219	439.199219	96.921745	17.731096	-51.223999	0.775134	2.137237	0.290937	0	0	0	0	0	0
26709583088	438.300781	110.300781	-790.199219	45.601562	-30.400391	-87.300781	-33.861515	-2.581434	-67.228111	0.884571	-0.680534	0.442858	0	0	0	0	0	0
27069442061	1422.699219	628.500000	-2672.199219	300.699219	813.101562	-154.599609	-111.278091	-7.670759	-70.490593	0.463549	-3.035934	2.399006	0	0	0	0	0	0
27454855770	-328.400391	-199.900391	-866.900391	-350.900391	824.000000	-413.699219	-28.974669	36.025578	-69.364670	-0.788516	-1.781818	-3.136173	0	0	0	0	0	0
27819254129	-1671.300781	-417.199219	423.000000	-499.800781	926.101562	-227.500000	28.556835	71.903542	-61.661446	-1.832037	-0.855727	-3.728840	0	0	0	0	0	0
28157068360	-2673.500000	-459.800781	2210.800781	-259.300781	128.101562	289.199219	105.745308	74.271507	-58.451557	-1.648336	1.345541	-1.528589	0	0	0	0	0	0
28614485495	-829.599609	368.101562	1646.898438	535.199219	-1235.699219	837.601562	45.735950	21.073130	-66.775536	5.500411	6.752525	5.369533	0	0	0	0	0	0
28958598364	-62.599609	9.101562	722.000000	84.800781	-1044.699219	194.199219	6.632332	9.049545	-70.590523	5.341461	5.264701	1.064330	0	0	0	0	0	0
29292333404	191.398438	-22.400391	-996.800781	9.898438	56.699219	32.601562	27.252092	2.641374	-137.450455	0.280554	-11.068923	0.112148	0	0	0	0	0	0
29645393220	174.000000	-25.300781	-795.699219	24.101562	-81.199219	76.601562	33.529190	0.334999	-128.229736	0.554943	-10.544179	0.282115	0	0	0	0	0	0
30009185165	489.800781	-3.599609	-579.400391	166.898438	-781.000000	212.199219	49.811371	-22.507582	-157.946198	1.870832	-11.071213	1.376805	0	0	0	0	0	0
30345163099	386.601562	41.398438	-398.300781	160.199219	-631.800781	199.000000	36.943901	-16.119955	-116.435684	1.537970	-8.231415	1.398872	0	0	0	0	0	0
30728717168	414.500000	9.500000	-487.800781	124.699219	-564.400391	147.398438	31.976053	-14.616429	-116.982758	1.716305	-8.173470	1.067690	0	0	0	0	0	0
31117438648	541.300781	107.601562	-342.800781	235.898438	-807.500000	256.800781	34.200481	-22.879332	-110.038918	2.335706	-7.558409	2.106851	0	0	0	0	0	0
31486280457	479.000000	58.199219	-756.099609	169.699219	-476.699219	187.898438	34.289898	-14.065521	-136.246124	1.575189	-10.372956	1.397896	0	0	0	0	0	0
31907285849	170.800781	111.398438	-517.699219	97.000000	83.101562	59.000000	-2.259703	1.624042	-44.916084	-0.326173	-3.587522	0.814643	0	0	0	0	0	0
32357009359	75.601562	16.699219	-441.400391	17.199219	-136.000000	-1.599609	-3.260576	1.765274	-95.257736	0.505792	-2.384064	0.278327	0	0	0	0	0	0
32738780807	-851.500000	40.500000	-307.800781	176.300781	-557.900391	437.000000	58.804985	20.947166	-307.603455	1.360162	-8.071373	2.068977	0	0	0	0	0	0
33108783705	-584.500000	-26.099609	-186.300781	134.898438	-836.099609	348.398438	54.055878	8.847200	-282.580566	1.883804	-6.436955	1.445408	0	0	0	0	0	0
33565907442	-77.699219	-25.099609	73.199219	-28.599609	-58.400391	-20.300781	-4.260881	8.052376	-9.620902	0.384391	0.801636	-0.234558	0	0	0	0	0	0
33959286615	481.199219	-87.400391	132.101562	-102.300781	171.000000	-118.099609	3.295421	9.315042	137.352127	2.101128	-2.362746	-0.879228	0	0	0	0	0	0
34349993775	664.000000	-104.000000	95.000000	-141.800781	271.800781	-159.000000	2.420020	10.187411	183.028503	2.597769	-3.033514	-1.236478	0	0	0	0	0	0
34693104310	589.101562	-128.900391	143.800781	-138.800781	207.000000	-154.099609	5.977962	8.688254	167.145416	2.449632	-3.048703	-1.250439	0	0	0	0	0	0
35026536563	229.199219	-49.000000	126.601562	-12.599609	-169.400391	-14.300781	2.435345	0.764722	30.983900	1.131189	-0.527822	-0.116347	0	0	0	0	0	0
35356283168	-52.199219	3.699219	-953.699219	50.398438	-224.900391	87.800781	21.454180	2.453791	-224.674759	0.307703	-8.602911	0.569056	0	0	0	0	0	0
35770640136	-581.800781	-68.900391	-325.099609	23.300781	-369.800781	176.500000	37.253895	12.672889	-219.894592	0.273134	-5.920366	0.414726	0	0	0	0	0	0
36163013125	761.199219	-87.300781	-691.400391	-127.800781	-296.000000	-294.500000	-39.357456	-11.335481	-43.036285	2.438189	0.625928	-1.387905	0	0	0	0	0	0
36562738584	1143.199219	-283.099609	-2496.300781	-509.800781	537.898438	-834.199219	-76.612961	2.760060	-153.098724	2.355086	-6.222711	-5.008640	0	0	0	0	0	0
36942051091	-1038.599609	-380.000000	-324.300781	-407.800781	496.800781	-175.599609	39.703281	50.507755	-161.638260	0.219671	-6.948869	-3.050823	0	0	0	0	0	0
37315750130	-1558.400391	-235.599609	1981.000000	109.300781	-1164.900391	665.601562	128.901993	33.679909	-133.487762	3.312362	-3.341848	1.819325	0	0	0	0	0	0
37653748311	-1471.199219	-46.300781	2423.898438	314.601562	-1549.199219	881.000000	127.643311	27.931915	-102.147026	4.542937	0.248077	3.693645	0	0	0	0	0	0
37976089079	-1758.800781	57.500000	2853.601562	459.601562	-1668.900391	1083.800781	138.586411	33.225071	-95.637695	4.745205	1.969937	5.007057	0	0	0	0	0	0
38303669274	-1883.699219	95.601562	3307.500000	557.601562	-2114.900391	1287.898438	158.239700	27.654896	-115.554314	5.490860	2.754753	6.088754	0	0	0	0	0	0
38649699626	483.500000	347.800781	990.300781	536.601562	-2107.300781	703.800781	42.872978	-28.524176	-105.947441	7.421893	1.819872	5.261539	0	0	0	0	0	0
38986915486	2037.300781	496.800781	-2305.900391	347.500000	-460.599609	-90.000000	-78.209305	-35.985008	-128.666931	5.596479	-5.221446	2.383698	0	0	0	0	0	0
39327693811	1886.300781	424.898438	-3487.099609	91.300781	807.699219	-386.199219	-104.201088	-9.809010	-144.641556	2.515935	-9.866488	0.204139	0	0	0	0	0	0
39654542088	180.601562	252.699219	-3197.000000	-234.099609	2139.199219	-387.300781	-65.656784	61.957413	-153.616959	-1.155063	-12.842724	-1.655873	0	0	0	0	0	0
39984479906	-1897.800781	-333.800781	17.699219	-412.000000	1150.800781	-1.300781	69.800850	82.940720	-133.372467	-1.949628	-9.547801	-2.538364	0	0	0	0	0	0
40312750384	-2225.500000	-336.800781	2169.500000	17.398438	-634.400391	623.300781	143.825623	51.623169	-119.230278	0.412095	-4.326545	0.850622	0	0	0	0	0	0
40624620689	-1198.300781	-253.000000	1110.898438	-54.000000	-537.599609	303.000000	77.307114	30.465485	-109.481857	1.298357	-2.809968	-0.003715	0	0	0	0	0	0
41021875592	1723.398438	486.500000	-3619.900391	23.898438	1384.199219	-469.900391	-127.754784	2.603132	-87.577774	0.860132	-7.965828	0.082362	0	0	0	0	0	0
41423628718	2391.000000	586.699219	-4609.800781	63.601562	1764.000000	-609.099609	-166.798828	-2.483186	-84.407539	1.384776	-9.528024	-0.196915	0	0	0	0	0	0
41755067399	2811.398438	627.398438	-5364.099609	29.898438	1943.500000	-712.000000	-187.086426	-6.624117	-106.903023	1.662153	-11.848351	-0.511296	0	0	0	0	0	0
42097240254	600.199219	233.398438	-1515.199219	67.000000	574.800781	-131.000000	-50.463993	9.520843	-65.217346	0.411585	-3.298606	0.341714	0	0	0	0	0	0
42487026680	-482.699219	-87.000000	-10.099609	4.601562	-513.400391	132.500000	24.393908	8.682971	-184.347855	0.804564	-1.740801	0.132588	0	0	0	0	0	0
42884142430	-720.599609	9.601562	-343.000000	139.699219	-824.699219	345.800781	45.516602	14.450988	-341.620514	1.953186	-5.563232	1.610116	0	0	0	0	0	0
43237701637	-340.699219	-103.400391	90.699219	-48.400391	-196.000000	12.500000	10.563803	9.694259	-73.819511	-0.065073	-0.389661	-0.453087	0	0	0	0	0	0
43647952166	-256.400391	13.500000	153.601562	37.898438	-190.199219	78.199219	3.053740	11.405982	-53.546558	0.578017	1.005549	0.391572	0	0	0	0	0	0
44099372518	-418.900391	200.300781	-1503.900391	343.898438	-652.099609	484.398438	48.731087	2.891972	-464.384674	0.733221	-13.761344	3.168986	0	0	0	0	0	0
44499070564	-185.599609	-43.199219	-140.099609	-21.699219	-172.500000	-15.300781	-0.240503	7.540466	-84.527191	0.286441	-0.272664	-0.252554	0	0	0	0	0	0
44918762003	-206.400391	-4.400391	-753.000000	31.898438	-110.300781	46.601562	9.908879	4.400160	-201.966614	-0.759785	-5.418936	0.392884	0	0	0	0	0	0
45238370844	-408.500000	77.601562	-1475.300781	219.398438	-587.099609	321.199219	40.719315	-4.559690	-434.879822	-1.178463	-12.276533	1.662092	0	0	0	0	0	0
45576321980	77.398438	64.101562	-119.699219	45.300781	32.199219	12.898438	-9.663280	4.761146	0.004129	0.442545	0.071439	0.329410	0	0	0	0	0	0
45937967595	-1.800781	1.699219	46.000000	12.000000	-78.599609	8.898438	-4.265804	7.535980	-4.388846	0.715398	0.543832	0.077525	0	0	0	0	0	0
46336657060	-903.000000	-82.800781	109.500000	-27.599609	-314.300781	92.300781	11.851374	21.889315	-200.036591	-0.397732	1.733967	0.033740	0	0	0	0	0	0
46744092559	-1009.900391	-190.300781	-1045.099609	-140.199219	1129.500000	-115.099609	23.971478	20.682487	-165.829300	-10.797751	-10.740849	-1.587189	0	0	0	0	0	0
47131946106	293.898438	-198.900391	-621.400391	-207.300781	-308.300781	-115.800781	20.223984	24.081915	-118.523285	6.794972	-6.873806	-1.546242	0	0	0	0	0	0
47510707023	526.000000	-118.800781	-619.300781	-127.300781	-511.000000	-50.599609	15.262635	16.460201	-113.511536	7.692575	-6.490652	-0.829716	0	0	0	0	0	0
47871146205	-1341.699219	-67.300781	634.101562	16.199219	166.601562	40.000000	-8.634885	5.321248	-94.193825	-7.480901	7.735583	-0.278179	0	0	0	0	0	0
48213531338	-276.599609	3.601562	153.898438	21.398438	-14.400391	66.398438	3.241149	16.536230	-25.589088	0.705959	0.480297	0.288629	0	0	0	0	0	0
48589791251	-343.900391	-25.099609	175.300781	-2.099609	-299.800781	66.500000	2.271450	18.689268	-82.871712	1.779868	1.983349	0.181657	0	0	0	0	0	0
49042578285	-189.900391	-68.599609	-242.800781	-72.900391	58.199219	-62.400391	-3.682687	15.092699	-67.102440	0.204231	-1.277200	-0.635113	0	0	0	0	0	0
49376848984	301.199219	39.101562	-1137.300781	19.199219	242.101562	-26.400391	0.239908	3.176914	-105.532326	-0.258935	-8.242318	0.187428	0	0	0	0	0	0
49715726298	-263.199219	108.000000	-543.400391	184.398438	-624.199219	282.898438	23.208973	8.684232	-256.623962	2.252495	-4.931218	1.884842	0	0	0	0	0	0
50055786483	-453.500000	122.000000	-597.800781	244.898438	-907.900391	432.500000	43.135338	12.132178	-349.956818	3.702452	-7.253421	2.573973	0	0	0	0	0	0
50392535488	-404.199219	-28.800781	92.101562	-1.500000	-305.099609	73.500000	4.697676	16.635742	-104.022377	1.179311	1.104294	0.025649	0	0	0	0	0	0
50719036877	9.398438	9.398438	-25.199219	3.398438	6.101562	-5.900391	-5.466756	7.843650	0.136631	0.390632	0.105246	0.075232	0	0	0	0	0	0
51126108364	-4.099609	4.800781	2.898438	8.898438	-0.099609	1.601562	-4.677024	7.983983	0.009263	0.371106	0.164049	0.042240	0	0	0	0	0	0
51495582522	-14.900391	-15.500000	80.199219	-9.500000	-8.000000	-10.099609	-1.406154	7.248196	12.722719	0.374548	0.204231	-0.139988	0	0	0	0	0	0
51873412589	233.000000	10.000000	426.699219	16.300781	99.601562	1.101562	-4.201923	3.765486	137.490234	0.197605	1.552419	-0.082429	0	0	0	0	0	0
52254872228	13.898438	-60.599609	829.800781	-42.300781	208.300781	17.601562	5.996355	18.620743	189.022217	1.328326	2.538542	-0.477230	0	0	0	0	0	0
52622622088	-31.000000	-72.699219	1036.000000	-39.900391	294.601562	16.300781	4.349301	17.016985	233.790619	0.553004	3.778600	-0.462249	0	0	0	0	0	0
52996550270	76.199219	-73.099609	1014.199219	-73.900391	370.199219	-32.699219	-3.238432	15.141191	263.155029	0.415783	4.387548	-0.772004	0	0	0	0	0	0
53407108429	-19.400391	-33.099609	1157.800781	-50.300781	446.199219	11.000000	-2.579283	19.256006	282.283539	0.244322	5.069254	-0.405752	0	0	0	0	0	0
53752403090	90.699219	-45.699219	1206.300781	-91.599609	503.101562	-43.000000	-7.862887	18.308218	322.873444	0.402294	5.757072	-0.748060	0	0	0	0	0	0
54138044236	-165.800781	-76.900391	693.800781	3.000000	26.101562	48.699219	8.640554	13.624689	96.879639	0.456770	2.290677	-0.203406	0	0	0	0	0	0
54528249500	34.199219	-24.300781	33.699219	32.699219	-34.000000	15.699219	-2.828580	6.637438	3.086376	0.432474	0.140461	-0.000040	0	0	0	0	0	0
54775152334	6.699219	-23.300781	342.699219	23.000000	117.601562	42.898438	3.424149	11.677261	86.542130	0.501973	0.440529	-0.063319	0	0	0	0	0	0
55160499733	276.500000	-31.599609	777.000000	-44.500000	417.398438	-35.300781	-5.943064	15.326404	254.765976	1.230502	2.919082	-0.523751	0	0	0	0	0	0
55439271385	8.500000	-24.800781	25.398438	32.500000	39.500000	21.699219	-4.036436	9.387555	10.941703	0.383103	0.152713	-0.014720	0	0	0	0	0	0
55811857214	-5.800781	-11.800781	14.898438	40.800781	11.398438	42.000000	-4.085467	7.880154	1.341111	0.371868	0.178612	0.012515	0	0	0	0	0	0
56220045062	107.601562	97.699219	-284.699219	113.898438	127.000000	74.898438	-11.197783	5.466317	-9.941143	-0.083148	-0.889141	0.822260	0	0	0	0	0	0
56596046340	-591.000000	100.300781	376.601562	206.699219	-346.699219	325.601562	16.076441	20.406736	-99.758690	1.398749	1.661929	1.847602	0	0	0	0	0	0
57004754571	-1445.400391	-167.199219	1739.699219	139.300781	-816.000000	500.800781	78.744865	25.622597	-96.264236	0.429775	2.635663	1.279212	0	0	0	0	0	0
57395754809	-1179.199219	-340.900391	2260.500000	55.199219	-1575.000000	450.101562	89.434174	4.213340	-84.008621	2.200934	4.870873	0.572965	0	0	0	0	0	0
57827880724	647.398438	336.000000	-1093.900391	333.601562	-349.599609	177.398438	-29.486004	-15.450095	-140.701981	0.953354	-2.478280	2.661016	0	0	0	0	0	0
58190052254	-2030.900391	-40.599609	308.898438	-43.400391	1067.699219	247.800781	49.303001	63.430019	-112.054405	-6.135939	-3.762993	0.203617	0	0	0	0	0	0
58569321670	-2647.800781	-282.500000	2686.699219	95.000000	-387.400391	652.398438	125.830269	46.824169	-58.404465	-3.599427	2.214430	1.122153	0	0	0	0	0	0
58950700849	-2339.699219	-238.000000	3577.601562	284.601562	-1554.599609	929.300781	147.119186	25.697996	-49.123383	0.318688	6.009737	2.935462	0	0	0	0	0	0
59328133578	-401.300781	152.101562	1103.800781	377.601562	-1251.500000	583.000000	50.305428	-9.207319	-95.735588	1.754731	1.516149	3.626502	0	0	0	0	0	0
59716627695	547.398438	484.800781	-1366.800781	422.898438	-176.599609	261.699219	-34.108929	-10.303785	-169.924591	0.502223	-3.681088	3.795867	0	0	0	0	0	0
60065956406	-1516.300781	-61.000000	479.601562	23.000000	365.000000	266.500000	52.731335	41.280792	-114.982513	-3.429719	-3.290889	0.470878	0	0	0	0	0	0
60470326044	-2197.599609	-99.199219	2529.199219	282.000000	-825.300781	839.300781	126.800430	33.452488	-80.827110	-1.687594	1.044459	3.018593	0	0	0	0	0	0
60856822602	-1871.199219	-148.400391	2759.300781	295.300781	-1363.300781	826.500000	126.276909	18.945700	-74.396629	0.198322	2.691030	2.871279	0	0	0	0	0	0
61245030384	259.300781	460.199219	-983.500000	360.101562	223.199219	239.601562	-32.591908	4.392498	-80.967796	-0.113434	-2.105321	3.366849	0	0	0	0	0	0
61660033892	1273.800781	928.500000	-3323.900391	521.000000	1416.898438	112.398438	-111.565948	3.372701	-106.308174	-1.626992	-7.643972	4.647470	0	0	0	0	0	0
62055032892	-1238.300781	327.199219	-382.900391	121.199219	1281.699219	274.199219	-4.815121	62.586983	-49.774437	-2.616067	-1.926086	1.961110	0	0	0	0	0	0
62448588310	-11.300781	-3.300781	2.601562	23.000000	17.898438	11.800781	-4.646493	8.017980	0.932784	0.365403	0.161720	0.048807	0	0	0	0	0	0
62810514185	-588.199219	-119.599609	285.101562	-79.800781	220.398438	-15.099609	5.134993	24.298128	-14.294625	-0.828586	1.016298	-0.859816	0	0	0	0	0	0
63208321078	-2285.000000	-493.900391	1541.398438	-390.000000	380.398438	7.000000	63.780018	68.264122	-68.980286	-2.387615	2.977830	-3.087966	0	0	0	0	0	0
63612096404	-276.300781	-257.900391	586.800781	-178.500000	-185.000000	-101.400391	14.439277	12.371891	25.615170	0.983937	1.348860	-1.585698	0	0	0	0	0	0
63985617367	355.601562	9.199219	140.300781	-40.699219	531.898438	-112.699219	-13.411331	10.464503	184.714081	-0.019906	-0.014804	-0.538498	0	0	0	0	0	0
64368764998	1558.601562	-38.599609	-1365.900391	-207.599609	656.699219	-489.900391	-53.298988	-4.463840	143.609726	2.769961	-5.676783	-2.163221	0	0	0	0	0	0
64759039058	2444.101562	531.398438	-4160.400391	141.300781	1111.699219	-399.199219	-115.290344	-11.690052	-108.943626	3.882128	-13.936327	0.765126	0	0	0	0	0	0
65141789986	1003.601562	679.300781	-3750.000000	241.398438	1639.000000	-111.599609	-103.159752	22.221304	-194.073608	-0.757207	-10.726086	2.065438	0	0	0	0	0	0
65511492919	-2242.800781	-500.800781	401.699219	-515.300781	923.398438	-218.500000	33.570004	67.580223	-162.934631	-5.096954	0.141213	-4.205986	0	0	0	0	0	0
65899958685	-3319.300781	-1102.300781	2660.601562	-782.300781	-84.400391	-174.500000	117.798126	70.427193	-130.289566	-4.030048	4.241445	-6.527038	0	0	0	0	0	0
66261099606	-2425.599609	-1016.500000	3473.101562	-551.400391	-1286.699219	99.101562	139.214340	45.682755	-42.111465	2.096717	6.283169	-4.455644	0	0	0	0	0	0
66635851860	-1924.199219	-802.500000	3088.800781	-419.699219	-1222.599609	163.398438	122.037079	38.951408	-11.949071	2.901810	4.603713	-3.202198	0	0	0	0	0	0
67008913368	521.699219	126.500000	-1649.300781	-97.900391	601.101562	-275.300781	-46.257282	15.320002	-90.392982	1.413941	-5.505294	-0.457917	0	0	0	0	0	0
67378787441	2232.500000	799.601562	-4599.599609	202.101562	1878.699219	-364.099609	-147.591385	4.851572	-80.681694	0.996432	-12.429107	1.818024	0	0	0	0	0	0
67752814768	2585.101562	829.601562	-5049.400391	254.101562	2026.398438	-431.500000	-162.132843	2.072858	-77.158180	1.229287	-13.621092	1.536087	0	0	0	0	0	0
68115633453	1322.699219	513.398438	-3377.300781	80.199219	1569.601562	-337.099609	-109.166260	12.011001	-91.379875	-0.574819	-8.389730	0.320283	0	0	0	0	0	0
68481568012	-929.500000	-241.599609	430.699219	-157.599609	-92.900391	30.800781	38.007935	31.647743	-110.302544	0.595636	-1.565229	-1.300536	0	0	0	0	0	0
68847292496	-1115.699219	-567.199219	1246.300781	-327.699219	-885.699219	-15.099609	73.987999	22.363451	-143.127197	2.158586	-0.443878	-2.765747	0	0	0	0	0	0
69208128257	-231.099609	-212.900391	84.199219	-142.500000	-451.900391	-70.400391	18.437737	9.627124	-106.052116	2.117444	-1.399082	-1.069991	0	0	0	0	0	0
69584314286	106.500000	35.199219	-14.000000	32.398438	-124.900391	8.699219	-2.764495	4.428051	-5.621191	0.967519	-0.127606	0.360340	0	0	0	0	0	0
69966095250	-4.400391	4.800781	6.500000	3.800781	2.898438	-16.300781	-4.604402	7.416004	0.258727	0.345968	0.154079	0.028151	0	0	0	0	0	0
70343835225	517.898438	203.300781	-280.900391	200.699219	-334.199219	103.199219	-12.841315	-12.809435	-19.296877	1.197062	-0.560553	1.724612	0	0	0	0	0	0
70705595391	492.398438	182.898438	-242.000000	189.398438	-690.300781	119.101562	-13.037368	-10.851776	-79.545235	3.108408	0.764123	1.779506	0	0	0	0	0	0
71094278580	878.000000	145.101562	-525.699219	167.699219	-683.900391	12.199219	-17.305914	-27.005516	-58.333244	2.207725	-1.274515	1.279319	0	0	0	0	0	0
71492277080	827.300781	117.800781	-605.300781	118.300781	-508.099609	-33.400391	-22.237906	-19.630600	-53.343216	2.373079	-1.163737	0.778407	0	0	0	0	0	0
71874547464	526.101562	-119.599609	-260.099609	-63.000000	-944.800781	-156.699219	-8.747530	-17.641745	-124.431381	3.436220	0.487772	-0.868388	0	0	0	0	0	0
72253572525	536.398438	15.000000	-525.699219	30.199219	-753.500000	-76.199219	-14.978803	-13.318754	-134.033646	2.977647	-0.411780	0.029022	0	0	0	0	0	0
72640319275	-77.500000	-37.900391	-414.500000	-67.400391	-242.400391	-81.400391	-13.074689	13.549634	-131.959763	2.047254	0.364725	-0.604855	0	0	0	0	0	0
73024344172	-143.699219	-83.099609	-135.500000	-79.400391	-311.099609	-81.699219	-5.572130	11.526015	-95.563889	1.599709	1.087101	-0.153399	0	0	0	0	0	0
73318901604	-67.800781	43.800781	141.300781	22.699219	-194.599609	26.300781	-7.372266	12.258818	-22.299784	1.856624	2.128645	0.318283	0	0	0	0	0	0
73694903904	21.800781	2.898438	114.898438	8.601562	-226.400391	-1.800781	-6.101767	7.425960	-15.810757	1.624525	1.549965	0.024517	0	0	0	0	0	0
74079175725	-30.099609	26.101562	-6.300781	14.800781	50.398438	1.398438	-4.834864	8.700747	1.201031	0.168710	0.072388	0.147394	0	0	0	0	0	0
74446047177	-98.800781	55.199219	66.000000	43.101562	-20.900391	31.800781	-6.796929	13.329184	-11.479184	0.992281	1.212092	0.416593	0	0	0	0	0	0
74862286866	634.199219	132.500000	-494.400391	128.101562	-448.300781	11.398438	-17.573343	-13.520768	-56.018627	2.201832	-0.990042	1.078185	0	0	0	0	0	0
75264248321	735.898438	148.800781	-652.800781	143.300781	-668.400391	0.000000	-21.616076	-16.611362	-105.294067	3.150891	-0.867213	1.115014	0	0	0	0	0	0
75659036790	338.699219	91.699219	-624.800781	89.000000	-261.800781	-21.699219	-16.688515	-3.591171	-97.644745	1.378088	-1.599085	0.564711	0	0	0	0	0	0
76065135984	697.398438	185.500000	-827.300781	203.500000	-707.699219	49.898438	-18.176512	-18.464199	-152.194580	2.946321	-2.116187	1.521479	0	0	0	0	0	0
76495011279	680.300781	158.199219	-906.500000	192.300781	-747.099609	35.101562	-16.194468	-20.494164	-175.204910	2.796403	-2.863491	1.389462	0	0	0	0	0	0
76835015656	611.800781	79.800781	-936.000000	123.898438	-723.099609	-28.099609	-13.181643	-18.469826	-189.626526	2.481004	-3.419269	0.703231	0	0	0	0	0	0
77189897490	-133.800781	-33.099609	41.398438	-18.800781	-126.699219	-30.699219	-1.763964	10.740260	-38.425255	0.815719	0.920327	-0.389212	0	0	0	0	0	0
77565147980	150.300781	19.500000	-82.300781	27.398438	-81.000000	-27.400391	-5.431920	3.401701	-2.946559	0.292375	-0.250901	0.158415	0	0	0	0	0	0
78016557120	337.199219	-86.599609	25.101562	-44.000000	-364.199219	-95.099609	-5.152567	-6.896469	-1.486196	1.480721	0.325804	-0.606765	0	0	0	0	0	0
78428216215	2645.101562	196.101562	-704.900391	306.601562	-2080.800781	-68.300781	-29.457048	-98.030777	-30.135777	5.897483	-1.672471	1.860214	0	0	0	0	0	0
78827153817	3869.500000	486.800781	-1177.000000	574.800781	-2887.500000	10.800781	-47.289230	-145.031128	-36.947872	8.020667	-2.839874	3.805535	0	0	0	0	0	0
79166045737	3481.398438	375.398438	-957.800781	480.601562	-2696.300781	-19.000000	-38.574631	-132.062119	-35.263901	7.287464	-2.450378	3.023920	0	0	0	0	0	0
79504789596	3932.398438	461.699219	-1110.500000	577.398438	-3005.099609	0.300781	-43.877766	-149.448837	-38.406712	8.005561	-2.920763	3.690987	0	0	0	0	0	0
79840656418	4023.101562	465.199219	-1090.300781	604.199219	-3112.199219	24.101562	-43.314415	-154.372650	-37.225155	8.267140	-2.856830	3.800350	0	0	0	0	0	0
80158562603	4193.500000	412.300781	-1140.500000	539.699219	-3243.199219	-64.800781	-45.094479	-160.881317	-37.413696	8.626297	-3.063477	3.326214	0	0	0	0	0	0
80491855610	4415.699219	388.000000	-1148.800781	539.398438	-3451.900391	-99.300781	-45.923714	-169.804886	-37.607388	9.216188	-3.047504	3.018640	0	0	0	0	0	0
80814731725	4566.898438	420.199219	-1176.900391	555.800781	-3598.599609	-89.099609	-47.759998	-175.151184	-38.474823	9.574449	-3.038423	3.281693	0	0	0	0	0	0
81154307992	4685.000000	414.601562	-1237.699219	551.101562	-3657.900391	-117.300781	-50.245495	-179.089493	-41.316624	9.996993	-3.082258	3.181745	0	0	0	0	0	0
81469773153	4983.500000	472.398438	-1326.800781	606.000000	-3858.199219	-101.400391	-54.490135	-190.026291	-43.740910	10.613486	-3.276935	3.572655	0	0	0	0	0	0
81862526468	2808.300781	284.300781	-727.800781	388.000000	-2170.900391	-9.400391	-31.273817	-96.771797	-23.411800	6.198679	-1.376014	2.051742	0	0	0	0	0	0
82270522400	-160.000000	-6.800781	57.699219	-9.599609	113.398438	-19.500000	-4.239530	14.955903	-0.472411	0.189429	0.550956	-0.274030	0	0	0	0	0	0
82674541762	-1811.800781	-274.099609	665.300781	-413.000000	1087.800781	-150.900391	16.374722	78.986191	-4.951734	-1.759509	2.171036	-2.774369	0	0	0	0	0	0
83062790027	-2014.500000	-206.699219	822.500000	-390.000000	1168.898438	-83.599609	17.688597	88.926704	-0.990022	-1.447853	3.219953	-2.343024	0	0	0	0	0	0
83467692611	-2157.800781	-170.099609	867.898438	-400.699219	1269.398438	-46.400391	17.631062	96.512192	2.100992	-1.392692	3.579190	-2.126250	0	0	0	0	0	0
83889798029	-2303.000000	-212.699219	928.101562	-472.500000	1358.101562	-84.000000	20.166342	103.055550	1.268239	-1.489624	3.642463	-2.587290	0	0	0	0	0	0
84278669430	-2437.400391	-263.800781	984.000000	-532.800781	1420.199219	-112.900391	22.732479	107.891083	1.816298	-1.621412	3.706460	-3.035223	0	0	0	0	0	0
84616348124	-2456.300781	-227.800781	980.601562	-505.599609	1450.699219	-79.000000	22.170385	109.592400	2.044669	-1.549829	3.684501	-2.711149	0	0	0	0	0	0
84949270727	-2455.400391	-212.500000	996.398438	-497.900391	1445.199219	-55.800781	22.405275	110.024818	3.052599	-1.440797	3.783646	-2.579376	0	0	0	0	0	0
85282364178	-2490.099609	-248.599609	1033.500000	-532.500000	1433.000000	-91.099609	24.183706	111.282906	2.832738	-1.436167	3.802049	-2.838361	0	0	0	0	0	0
85685169692	-2516.500000	-255.599609	1049.199219	-540.000000	1454.500000	-86.699219	24.663145	112.451530	2.892228	-1.377315	3.850352	-2.970548	0	0	0	0	0	0
86075796238	-2524.400391	-280.400391	1051.398438	-570.000000	1456.300781	-116.400391	24.701796	112.982864	3.625891	-1.330751	3.889856	-3.168757	0	0	0	0	0	0
86461670021	-2443.000000	-251.699219	1005.500000	-539.800781	1426.300781	-109.900391	22.746597	109.899956	2.800114	-1.225370	3.829629	-2.958725	0	0	0	0	0	0
86896829294	-2489.699219	-241.800781	1023.500000	-539.099609	1454.398438	-91.000000	23.622185	112.079285	3.831635	-1.337095	3.816038	-2.859753	0	0	0	0	0	0
87319175940	-2455.400391	-264.800781	1009.101562	-548.599609	1425.601562	-112.500000	23.945929	109.751617	2.387387	-1.362512	3.640736	-3.060742	0	0	0	0	0	0
87726740893	-2333.300781	-280.500000	950.601562	-544.099609	1368.101562	-126.699219	21.976110	104.614807	1.189671	-1.281644	3.422079	-3.081950	0	0	0	0	0	0
88114725247	-2238.300781	-235.599609	882.898438	-481.800781	1335.101562	-95.500000	20.887609	101.328255	0.336735	-1.284607	3.134863	-2.661792	0	0	0	0	0	0
88501888095	-2145.199219	-188.800781	814.898438	-427.900391	1298.000000	-63.099609	19.242075	97.650642	-1.565438	-1.323758	2.855771	-2.226665	0	0	0	0	0	0
88909636999	-1682.900391	-148.500000	619.800781	-317.599609	1029.398438	-44.099609	13.617192	77.105583	-4.509832	-0.973730	2.130855	-1.724788	0	0	0	0	0	0
89242184261	-3.900391	-10.599609	9.000000	4.199219	5.000000	-17.099609	-4.986374	7.225179	-0.306150	0.353599	0.167388	0.027496	0	0	0	0	0	0
89591351421	44.000000	27.800781	-38.400391	40.398438	-1.599609	13.699219	-6.151187	5.791764	0.056660	0.434570	-0.039243	0.292686	0	0	0	0	0	0
89920803218	1006.601562	-181.800781	-43.800781	-58.599609	-978.500000	-186.400391	-7.842468	-37.852005	-7.298570	2.886718	0.106570	-0.816575	0	0	0	0	0	0
90239289047	3198.199219	-109.500000	-297.500000	82.101562	-2928.900391	-279.300781	-17.654331	-125.212883	-18.615349	8.075389	-0.635708	-0.281977	0	0	0	0	0	0
90624685612	3844.898438	-23.000000	-265.900391	185.398438	-3642.099609	-227.300781	-17.312473	-154.644470	-21.807440	9.787637	-0.676585	0.518667	0	0	0	0	0	0
90958994299	4093.800781	-2.500000	-275.000000	204.601562	-3904.599609	-237.099609	-17.296944	-165.873901	-22.662960	10.459309	-0.806156	0.678618	0	0	0	0	0	0
91290787225	4340.398438	29.898438	-308.699219	237.000000	-4075.800781	-218.300781	-18.956392	-174.484818	-23.443716	10.932378	-0.906020	0.914809	0	0	0	0	0	0
91615125494	4248.500000	-10.800781	-264.900391	202.398438	-4061.800781	-233.900391	-17.132553	-172.153687	-22.842545	10.849896	-0.811235	0.575744	0	0	0	0	0	0
91945315549	4475.500000	23.398438	-250.500000	233.699219	-4301.500000	-233.400391	-17.637352	-181.997803	-22.897724	11.475143	-0.757619	0.936324	0	0	0	0	0	0
92280147263	4403.699219	74.898438	-251.500000	281.699219	-4230.400391	-179.800781	-17.034809	-179.430893	-22.449942	11.237107	-0.781306	1.372517	0	0	0	0	0	0
92621308181	4504.800781	70.898438	-257.300781	272.101562	-4347.699219	-186.599609	-16.967707	-184.127975	-24.051081	11.487685	-0.847850	1.293250	0	0	0	0	0	0
92954229405	4482.601562	87.398438	-313.699219	294.000000	-4267.699219	-182.699219	-17.969164	-182.404984	-25.183096	11.184493	-1.074528	1.442578	0	0	0	0	0	0
93297685105	2690.398438	69.898438	-230.099609	256.500000	-2528.699219	-47.400391	-12.859278	-103.491325	-18.318398	6.474094	-0.518957	1.246815	0	0	0	0	0	0
93568931449	50.398438	8.300781	30.300781	49.300781	-93.400391	10.898438	-3.894473	2.430942	-5.771951	0.133193	0.217813	0.042034	0	0	0	0	0	0
93905685800	-670.500000	-83.699219	170.601562	-115.400391	477.101562	-55.599609	2.065171	34.677921	-5.248427	-0.957077	0.490684	-0.978143	0	0	0	0	0	0
94291372689	-1772.900391	-120.000000	407.800781	-342.500000	1351.601562	-85.000000	8.273952	82.441887	2.113968	-2.427138	1.237537	-1.901225	0	0	0	0	0	0
94643259421	-2107.199219	-125.500000	450.398438	-444.599609	1656.101562	-121.400391	7.721358	99.056419	3.839703	-3.034771	1.667816	-2.360554	0	0	0	0	0	0
94997273228	-2337.500000	-128.900391	463.699219	-514.300781	1834.500000	-128.199219	8.559323	109.150444	7.934888	-3.234480	1.714151	-2.532174	0	0	0	0	0	0
95345345353	-2430.800781	-239.900391	617.500000	-621.199219	1828.800781	-195.000000	13.183742	112.608604	9.317668	-3.223538	1.962464	-3.444512	0	0	0	0	0	0
95734345102	-2624.199219	-277.500000	725.800781	-668.199219	1906.300781	-200.000000	16.983828	118.217827	10.759360	-3.455275	2.238511	-3.770639	0	0	0	0	0	0
96151131106	-2640.400391	-299.000000	695.898438	-704.000000	1945.699219	-248.000000	16.913855	118.338638	8.406048	-3.633748	2.134151	-4.024146	0	0	0	0	0	0
96533399396	-2564.500000	-321.300781	638.000000	-723.500000	1944.800781	-277.000000	14.456779	116.499115	8.370638	-3.592505	1.915440	-4.264232	0	0	0	0	0	0
96909878695	-2513.099609	-285.099609	568.898438	-695.300781	1946.300781	-253.000000	12.544696	115.840515	6.425631	-3.657451	1.761453	-3.957254	0	0	0	0	0	0
97307096824	-2600.699219	-260.800781	561.000000	-686.900391	1992.601562	-225.800781	12.928026	118.051331	6.793665	-3.720830	1.661310	-3.842519	0	0	0	0	0	0
97715809401	-2560.199219	-267.000000	532.000000	-688.000000	1973.898438	-230.500000	12.451399	116.283577	5.862931	-3.751159	1.522421	-3.854349	0	0	0	0	0	0
98048645257	-2487.400391	-249.699219	507.199219	-662.000000	1970.199219	-228.000000	11.378731	115.274948	5.500020	-3.673718	1.515407	-3.721481	0	0	0	0	0	0
98432856895	-2389.800781	-231.599609	451.199219	-629.699219	1928.300781	-215.000000	9.733530	111.899414	4.772049	-3.630853	1.315697	-3.493538	0	0	0	0	0	0
98799950726	-2452.599609	-237.099609	470.398438	-653.400391	1975.101562	-231.599609	9.977549	114.173233	5.384143	-3.681519	1.405770	-3.596335	0	0	0	0	0	0
99160582418	-2396.400391	-242.699219	453.800781	-637.900391	1933.699219	-219.300781	9.907972	111.999352	3.757956	-3.681143	1.309275	-3.596017	0	0	0	0	0	0
99522568363	-2413.699219	-266.099609	437.000000	-664.800781	1943.699219	-246.400391	9.745484	111.213776	2.971500	-3.723080	1.257976	-3.802916	0	0	0	0	0	0
99948318173	-2053.099609	-213.000000	381.898438	-539.300781	1657.800781	-195.699219	8.298725	93.675171	0.739748	-3.229394	0.987393	-2.959025	0	0	0	0	0	0
100324274557	-266.599609	9.199219	100.800781	17.398438	154.898438	16.199219	-4.754488	15.280082	-3.399199	-0.234215	0.853171	0.225331	0	0	0	0	0	0
100693364148	832.500000	97.800781	-416.300781	176.898438	-537.199219	7.500000	-17.951599	-33.399857	-24.863684	0.381035	-1.043100	1.222095	0	0	0	0	0	0
101071550803	1869.699219	522.300781	-1335.000000	566.500000	-892.599609	179.601562	-40.643055	-72.001701	-64.276283	0.371438	-4.136899	4.183989	0	0	0	0	0	0
101440532410	2570.601562	958.000000	-2042.000000	985.800781	-1059.500000	418.601562	-57.870682	-98.928978	-91.922813	0.125914	-6.822959	7.455248	0	0	0	0	0	0
101815778466	1574.000000	405.699219	-1527.900391	450.601562	-613.800781	29.898438	-46.345310	-62.672592	-102.519066	-1.119352	-4.274683	2.437116	0	0	0	0	0	0
102180846081	203.300781	-211.300781	-1097.500000	-222.900391	301.500000	-418.300781	-27.968828	-12.388670	-109.767921	-3.950870	-3.431774	-2.877219	0	0	0	0	0	0
102561423395	-847.900391	-858.800781	-298.900391	-891.000000	790.101562	-900.800781	-9.887698	33.701973	-74.189476	-3.458162	-0.345454	-8.419026	0	0	0	0	0	0
102944820808	-1640.800781	-1015.800781	549.898438	-1075.400391	938.199219	-899.000000	7.774307	62.753090	-34.407887	-2.631574	3.166347	-9.427031	0	0	0	0	0	0
103333925782	-240.599609	-196.699219	363.300781	-146.900391	-118.099609	-127.699219	0.906321	8.476147	1.886159	0.515111	2.177069	-1.354673	0	0	0	0	0	0
103733743193	-45.000000	-36.099609	34.199219	-2.699219	-0.300781	-20.500000	-1.378659	5.141803	-2.304788	-0.021329	0.051650	-0.164498	0	0	0	0	0	0
104029842459	413.199219	-24.199219	-231.199219	5.601562	-426.300781	-60.199219	-8.263500	-9.498409	-49.588974	1.852496	-0.307031	-0.073416	0	0	0	0	0	0
104399588885	798.800781	159.699219	-738.199219	209.601562	-937.699219	61.601562	-14.544338	-23.834049	-158.752304	3.767859	-1.806994	1.542113	0	0	0	0	0	0
104772294981	867.000000	123.898438	-820.199219	167.898438	-985.699219	15.898438	-14.614614	-26.753351	-170.390381	3.836732	-2.206888	1.094870	0	0	0	0	0	0
105140386671	891.101562	95.800781	-1004.000000	148.101562	-898.599609	-28.300781	-15.776170	-27.351101	-184.537628	3.438859	-3.412017	0.830516	0	0	0	0	0	0
105537284046	746.800781	182.000000	-903.800781	221.000000	-833.300781	75.699219	-13.217732	-23.813431	-179.257904	2.880779	-2.857919	1.691139	0	0	0	0	0	0
105905310742	254.800781	-25.699219	-407.199219	0.699219	-516.699219	-72.699219	-9.265544	-7.292633	-120.672356	1.735160	-0.491071	-0.193303	0	0	0	0	0	0
106280577323	339.898438	-12.500000	-396.699219	19.300781	-542.900391	-65.800781	-10.445049	-8.626435	-105.552559	1.842060	-0.115159	-0.191310	0	0	0	0	0	0
106610875863	-86.300781	-128.599609	133.199219	-109.599609	-83.800781	-108.400391	-0.979338	7.205062	-7.784649	0.487736	0.875933	-1.180061	0	0	0	0	0	0
106987288496	-137.500000	-259.800781	459.101562	-233.300781	295.898438	-217.300781	4.882058	12.539221	105.587097	-0.447387	0.647613	-2.250634	0	0	0	0	0	0
107386789929	193.101562	-135.300781	204.199219	-116.900391	295.199219	-156.099609	-3.750190	4.276614	118.829308	-0.410829	-0.077084	-1.308273	0	0	0	0	0	0
107809626251	487.800781	-32.199219	-78.300781	-37.400391	40.699219	-99.900391	-12.071969	-2.088283	73.887527	1.323640	-0.276838	-0.472036	0	0	0	0	0	0
108195291431	6.898438	-15.000000	-19.099609	9.800781	30.398438	-4.599609	-4.382754	6.079422	1.455156	0.189180	0.119130	-0.021327	0	0	0	0	0	0
108623041751	35.101562	47.398438	-34.599609	54.699219	-14.199219	50.500000	-3.534988	5.357594	-2.323758	0.463312	-0.260951	0.453249	0	0	0	0	0	0
109008302976	1777.398438	131.601562	-1533.800781	114.800781	-841.000000	-39.000000	-2.813584	-19.388157	-116.570274	10.408071	-11.146203	0.878876	0	0	0	0	0	0
109386878087	1575.398438	158.699219	-1258.599609	133.699219	-860.099609	4.000000	-3.142092	-15.684412	-100.627487	9.376798	-8.316761	0.951253	0	0	0	0	0	0
109709254336	54.898438	-20.099609	987.800781	12.898438	-1668.300781	150.000000	-4.738852	9.427620	-111.865067	9.683864	10.370684	0.544633	0	0	0	0	0	0
110040651331	401.699219	8.199219	-429.400391	35.601562	-608.699219	36.500000	1.639444	1.158796	-115.759399	4.826402	-3.012515	0.352951	0	0	0	0	0	0
110370545485	729.300781	168.199219	-1265.099609	141.199219	8.800781	22.199219	-7.872669	-9.482053	-93.742798	1.343508	-7.789247	0.895285	0	0	0	0	0	0
110711333774	-192.599609	-28.800781	295.199219	16.500000	-481.199219	29.500000	-8.176696	-0.467180	-68.521011	0.853873	4.347490	-0.018264	0	0	0	0	0	0
111028638995	-468.199219	-37.599609	584.699219	37.000000	-550.599609	81.398438	-1.647277	-0.249468	-78.906517	-0.451225	5.967867	0.287312	0	0	0	0	0	0
111347543686	-897.000000	38.898438	277.300781	61.398438	178.800781	58.300781	-14.663768	2.005376	-77.687294	-5.513292	5.402362	0.244538	0	0	0	0	0	0
111671919670	-471.500000	-36.300781	396.000000	10.898438	-335.300781	34.800781	-10.060423	0.762765	-71.707932	-1.107402	5.833547	-0.020540	0	0	0	0	0	0
112029856123	349.500000	-134.199219	751.300781	-96.699219	-1704.900391	-6.400391	-9.558649	1.557792	-109.481148	9.907313	9.253591	-0.502378	0	0	0	0	0	0
112392545380	763.101562	14.398438	-848.300781	26.500000	-560.099609	-42.900391	-2.822072	-9.300161	-119.687195	4.506754	-5.510978	0.185901	0	0	0	0	0	0
112767111778	627.300781	180.199219	-919.400391	169.000000	-117.400391	87.898438	1.031052	-8.722795	-74.410080	1.533102	-6.846870	1.327990	0	0	0	0	0	0
113136399438	-131.699219	-23.000000	245.101562	6.398438	-412.199219	39.601562	-2.975079	1.989781	-54.986221	1.282661	3.111071	0.018664	0	0	0	0	0	0
113548705917	246.398438	-61.900391	108.898438	-10.400391	-658.199219	-36.099609	-8.363640	-9.582252	-56.034302	2.139013	2.576852	-0.236866	0	0	0	0	0	0
113911244465	1854.000000	147.000000	-1624.199219	120.601562	-926.199219	12.398438	3.942509	-18.987085	-132.561462	11.594057	-12.666202	1.063071	0	0	0	0	0	0
114304879416	6.898438	-33.500000	-111.000000	-34.900391	-193.199219	-26.500000	-3.460299	6.553938	-53.052456	1.401116	0.025691	-0.462300	0	0	0	0	0	0
114691301085	39.500000	-73.300781	20.398438	-45.800781	-458.500000	-56.599609	-7.350709	-1.264113	-73.044075	1.669672	1.977566	-0.559131	0	0	0	0	0	0
115095277146	217.699219	-5.500000	-417.900391	-4.500000	-92.000000	-29.900391	-2.551911	1.428560	-52.273182	1.178405	-2.815597	-0.278579	0	0	0	0	0	0
115518239289	49.300781	26.699219	-77.800781	23.601562	17.101562	12.699219	-4.877037	3.012993	-2.608281	0.123842	-0.252977	0.085988	0	0	0	0	0	0
115950783403	-274.099609	-42.199219	356.898438	-28.300781	196.800781	-12.800781	1.274023	11.621775	50.990601	-1.034536	1.423219	-0.438953	0	0	0	0	0	0
116351028238	49.101562	-1.400391	-32.800781	17.898438	-14.500000	-6.500000	-5.106633	2.118969	0.022176	0.106221	0.073038	0.032674	0	0	0	0	0	0
116733968528	-5.800781	-9.099609	26.699219	12.000000	-22.400391	0.500000	-2.760738	4.131300	-0.223657	0.205357	0.156293	-0.044993	0	0	0	0	0	0
117116279878	572.300781	-41.800781	-843.500000	-16.800781	-385.099609	-103.699219	-8.855820	-13.952941	-123.150826	1.745919	-4.158676	-0.375105	0	0	0	0	0	0
117480614189	1208.398438	-10.000000	-1379.900391	69.000000	-921.800781	-130.400391	-12.849706	-37.901627	-200.553436	3.664386	-6.751301	-0.047689	0	0	0	0	0	0
117844772799	1182.199219	39.398438	-1335.300781	101.800781	-912.099609	-93.000000	-11.628366	-35.245899	-192.185913	3.878115	-6.610821	0.267420	0	0	0	0	0	0
118197040388	1127.601562	65.800781	-1323.500000	103.398438	-805.500000	-65.300781	-10.620299	-32.529369	-186.095901	3.561338	-6.813484	0.428712	0	0	0	0	0	0
118558696081	1142.199219	40.000000	-1337.199219	87.101562	-806.000000	-92.699219	-11.659461	-32.141792	-182.576355	3.733581	-6.811857	0.174246	0	0	0	0	0	0
118925869248	1153.300781	28.199219	-1350.099609	71.398438	-791.500000	-112.099609	-12.692453	-32.207584	-179.387115	3.780760	-6.803887	0.070690	0	0	0	0	0	0
119277535003	1219.500000	23.601562	-1420.800781	66.398438	-787.900391	-134.800781	-15.211427	-33.788010	-185.488464	3.796063	-7.035208	-0.070911	0	0	0	0	0	0
119645895049	1025.398438	-19.099609	-1206.500000	17.199219	-767.800781	-149.900391	-13.453935	-29.614206	-171.723663	3.350644	-5.725531	-0.393192	0	0	0	0	0	0
120023970756	1055.000000	-9.199219	-1168.699219	36.500000	-778.400391	-140.300781	-13.758107	-31.719194	-162.908310	3.193499	-5.468976	-0.254195	0	0	0	0	0	0
120385244317	1191.199219	12.199219	-1289.500000	52.898438	-858.599609	-149.599609	-16.519785	-34.981861	-172.843262	3.834786	-5.806420	-0.100859	0	0	0	0	0	0
120761824341	1389.601562	62.000000	-1417.400391	131.398438	-1076.400391	-90.800781	-14.454747	-43.322220	-202.469086	4.601425	-6.903133	0.378117	0	0	0	0	0	0
121131247266	1227.898438	29.300781	-1248.099609	85.398438	-1029.000000	-125.599609	-15.031549	-37.832886	-189.346207	3.893895	-5.330045	0.079542	0	0	0	0	0	0
121481349439	-254.599609	-28.599609	-63.300781	-30.099609	39.000000	18.101562	3.691066	14.812009	-49.325939	0.501339	-0.843070	-0.270889	0	0	0	0	0	0
121842036186	-250.300781	-86.400391	-202.800781	-92.300781	122.800781	-41.199219	6.929087	16.432758	-57.761566	0.273327	-2.322474	-0.851614	0	0	0	0	0	0
122212914124	593.800781	44.699219	-608.699219	79.101562	-429.699219	-16.500000	-10.109586	-16.803659	-83.065079	1.807787	-2.694769	0.437310	0	0	0	0	0	0
122600377948	1337.601562	183.398438	-1092.199219	216.101562	-783.699219	-20.800781	-23.626703	-42.070545	-97.667358	2.706282	-4.284575	1.292808	0	0	0	0	0	0
122933440700	1871.800781	238.699219	-1547.800781	243.199219	-828.099609	-123.599609	-42.754795	-59.460464	-91.909584	2.734214	-4.949344	1.315967	0	0	0	0	0	0
123268538573	1366.800781	264.601562	-1064.699219	285.398438	-608.000000	16.300781	-30.040932	-43.370823	-56.932045	1.545164	-3.252846	1.824002	0	0	0	0	0	0
123681333748	-3.099609	38.300781	-269.099609	46.800781	-89.400391	47.601562	3.062667	4.337449	-66.999313	0.513969	-2.119496	0.285702	0	0	0	0	0	0
124075295095	-335.900391	85.500000	-347.900391	116.199219	-289.500000	198.800781	13.159988	12.925514	-177.378677	1.454651	-2.859791	1.176073	0	0	0	0	0	0
124418263792	-393.699219	85.300781	-656.800781	129.601562	-326.400391	246.000000	21.278612	15.627241	-246.442230	1.589931	-5.531082	1.379863	0	0	0	0	0	0
124774794141	-395.000000	13.500000	-545.000000	84.199219	-551.900391	216.500000	27.300264	12.455266	-269.144073	2.334002	-5.234897	1.017715	0	0	0	0	0	0
125159706073	-572.699219	-15.400391	-694.300781	36.800781	-292.300781	229.699219	35.655548	25.026628	-277.631012	2.217861	-7.652281	0.619243	0	0	0	0	0	0
125533294671	15.000000	-5.300781	-150.099609	-19.300781	35.601562	-37.500000	-2.311334	5.022259	-18.330563	0.037805	-0.963699	-0.246207	0	0	0	0	0	0
125948535183	119.800781	-5.099609	-388.199219	-6.099609	67.601562	-24.599609	-1.106804	3.981410	-36.477661	0.306591	-2.996691	-0.110605	0	0	0	0	0	0
126306503762	231.000000	38.101562	-415.800781	18.000000	28.199219	-26.699219	-7.412844	-0.432892	-27.393518	0.323133	-2.254770	0.080908	0	0	0	0	0	0
126617243689	293.101562	50.199219	-535.099609	10.898438	120.199219	-66.800781	-15.015541	-0.660241	-22.330347	0.038297	-2.126138	-0.009158	0	0	0	0	0	0
126944358020	326.601562	67.601562	-365.300781	83.300781	-134.199219	37.101562	-2.622278	-6.990082	-31.072905	0.435788	-2.541644	0.598654	0	0	0	0	0	0
127265338979	233.199219	49.601562	-239.500000	87.898438	-211.000000	74.898438	5.918102	-5.244981	-39.946941	0.763670	-2.767494	0.684006	0	0	0	0	0	0
127607774104	257.101562	33.000000	-453.599609	31.199219	-53.900391	4.898438	-0.486257	-1.242922	-45.193542	0.666336	-3.505767	0.198519	0	0	0	0	0	0
127968564382	201.300781	12.101562	-542.400391	-8.400391	104.898438	-45.300781	-3.951934	2.132669	-43.338211	0.137215	-3.637548	-0.169456	0	0	0	0	0	0
128356527955	98.300781	-53.000000	-444.800781	-36.300781	89.800781	-54.900391	3.197493	1.795895	-46.632206	-0.359880	-3.889037	-0.507007	0	0	0	0	0	0
128740484642	48.800781	14.500000	-204.599609	-4.500000	98.300781	-30.500000	-6.303062	5.526532	-9.965281	0.049282	-0.957888	-0.171960	0	0	0	0	0	0
129109764872	-136.500000	-87.099609	223.000000	9.699219	-240.199219	79.300781	23.596596	1.328685	-29.314508	0.047230	-2.043287	-0.040054	0	0	0	0	0	0
129500315789	-452.199219	-219.400391	694.601562	-25.699219	-502.199219	171.500000	59.988907	0.991895	-51.820229	-0.177740	-3.846117	-0.293570	0	0	0	0	0	0
129774992365	-621.400391	-263.400391	897.699219	-24.000000	-581.699219	209.199219	74.237679	2.804127	-57.628944	-0.304657	-4.390336	-0.241112	0	0	0	0	0	0
130120710705	-720.300781	-260.500000	1002.199219	12.199219	-648.599609	293.101562	86.997421	2.302256	-69.121948	-0.509013	-5.563145	0.090780	0	0	0	0	0	0
130488912490	-727.400391	-279.000000	1050.101562	7.000000	-697.300781	307.601562	88.973267	2.577392	-68.175346	-0.327517	-5.439740	0.057002	0	0	0	0	0	0
130907287333	-833.400391	-319.300781	1297.601562	7.800781	-801.400391	326.800781	96.745796	2.912515	-63.110825	-0.227886	-4.704395	-0.005551	0	0	0	0	0	0
131299783809	-1006.000000	-425.400391	1477.699219	-90.400391	-807.199219	277.699219	105.610428	7.654795	-66.514946	-0.246136	-4.716645	-0.804774	0	0	0	0	0	0
131696783335	-1192.500000	-492.400391	1842.101562	-95.300781	-965.900391	321.800781	119.196442	8.064946	-62.789494	-0.182377	-3.956899	-0.822603	0	0	0	0	0	0
132071784489	-922.400391	-317.300781	1423.000000	-15.099609	-763.599609	298.300781	87.122810	4.450973	-44.195000	-0.447226	-2.560622	-0.110290	0	0	0	0	0	0
132462387332	-67.699219	-22.300781	-136.300781	-49.400391	156.800781	-48.800781	-6.090197	9.158835	-7.267445	-0.080899	-0.472457	-0.376919	0	0	0	0	0	0
132859368893	570.500000	203.101562	-936.199219	104.300781	243.699219	-41.099609	-34.177944	-3.142451	-19.695066	0.373146	-2.332827	0.898889	0	0	0	0	0	0
133255914736	796.300781	293.101562	-1314.699219	151.300781	378.898438	-64.599609	-47.294682	-6.198884	-23.097145	0.318137	-3.112284	1.180716	0	0	0	0	0	0
133595791693	959.199219	337.699219	-1687.599609	137.000000	573.500000	-122.400391	-61.863960	-5.567128	-25.497784	0.263357	-3.819928	1.138845	0	0	0	0	0	0
133977036354	1161.898438	407.199219	-1958.000000	166.601562	634.398438	-141.300781	-72.134148	-9.106699	-27.159039	0.247254	-4.285285	1.342179	0	0	0	0	0	0
134387203097	1202.398438	416.800781	-2152.400391	151.601562	790.699219	-170.699219	-79.023071	-6.440533	-28.288088	0.177955	-4.694414	1.187484	0	0	0	0	0	0
134799728841	1256.601562	441.601562	-2184.699219	178.898438	773.800781	-169.800781	-82.111588	-7.914659	-26.034981	0.299240	-4.492441	1.403175	0	0	0	0	0	0
135180837199	1416.398438	490.800781	-2496.900391	178.000000	902.101562	-194.500000	-93.210808	-8.603040	-29.734236	0.317354	-5.139472	1.493083	0	0	0	0	0	0
135533846711	1651.500000	582.800781	-3016.300781	242.898438	1182.699219	-265.900391	-114.721939	-6.799199	-30.342127	0.331661	-5.937259	1.586664	0	0	0	0	0	0
135904729175	1902.800781	742.601562	-3117.300781	363.800781	1033.500000	-124.500000	-116.614761	-17.086281	-31.896868	0.575006	-6.321104	2.920537	0	0	0	0	0	0
136311662492	17.199219	-61.300781	96.101562	37.300781	-290.199219	77.300781	24.709833	-4.191003	-33.975334	0.142675	-2.935164	0.084078	0	0	0	0	0	0
136658123605	-678.900391	-388.599609	1514.101562	-29.900391	-1106.000000	283.000000	99.234024	-5.951510	-54.650040	0.528102	-3.472741	-0.368172	0	0	0	0	0	0
136918156292	-823.400391	-463.000000	1847.101562	-41.199219	-1351.000000	344.898438	117.719543	-9.013735	-59.708588	0.526337	-3.639675	-0.351452	0	0	0	0	0	0
137296520888	-958.599609	-535.300781	1860.101562	-116.699219	-1219.000000	282.601562	120.271820	-3.195838	-61.924068	0.205932	-3.993234	-1.066198	0	0	0	0	0	0
137680791073	-978.800781	-515.699219	1937.000000	-100.300781	-1247.800781	305.199219	120.549553	-3.783920	-57.325954	0.170885	-3.440283	-0.836395	0	0	0	0	0	0
138011146585	-1120.099609	-567.300781	2186.300781	-106.699219	-1367.900391	349.000000	132.777573	-3.607210	-56.752697	0.178713	-3.400619	-0.898578	0	0	0	0	0	0
138376039889	-1099.300781	-533.900391	2193.898438	-92.699219	-1387.000000	360.199219	129.681274	-4.526072	-52.242504	0.223622	-2.833426	-0.634118	0	0	0	0	0	0
138754814113	-948.400391	-425.000000	1945.699219	-46.099609	-1203.300781	336.398438	104.713409	-3.819124	-39.718296	0.117253	-1.206573	-0.266798	0	0	0	0	0	0
139120159418	32.500000	-37.800781	95.800781	-4.599609	-178.199219	-6.099609	3.157042	-1.643385	-7.252040	0.087339	0.046556	-0.031878	0	0	0	0	0	0
139475211365	440.300781	-7.900391	87.800781	82.699219	-595.599609	35.398438	5.046222	-22.131256	-11.551025	0.692876	-0.328985	0.584748	0	0	0	0	0	0
139878042777	1980.101562	384.398438	-577.800781	468.300781	-1411.500000	191.699219	-21.346443	-74.156784	-3.593454	3.232099	-1.505713	3.572445	0	0	0	0	0	0
140255044429	2778.800781	454.199219	-912.900391	544.300781	-1839.800781	120.500000	-38.439964	-104.651436	6.004744	4.518029	-1.896538	3.908654	0	0	0	0	0	0
140575731278	2707.199219	431.300781	-935.099609	530.398438	-1760.400391	117.398438	-37.208229	-101.563522	3.717960	4.445135	-2.246462	3.603611	0	0	0	0	0	0
140936383440	3397.800781	701.500000	-1231.099609	785.199219	-2142.599609	249.898438	-50.348160	-126.844124	7.944695	5.291251	-2.723020	5.772191	0	0	0	0	0	0
141316530461	3497.699219	746.898438	-1286.699219	822.601562	-2155.599609	269.199219	-54.455059	-129.616623	12.481730	5.274579	-2.525162	6.010489	0	0	0	0	0	0
141691650685	3639.601562	772.000000	-1307.900391	850.300781	-2249.800781	274.300781	-56.693523	-135.520981	16.260504	5.411275	-2.451779	6.173965	0	0	0	0	0	0
142026631127	3699.000000	810.500000	-1307.599609	880.101562	-2312.599609	297.000000	-58.187859	-138.799835	18.491837	5.483018	-2.307740	6.467381	0	0	0	0	0	0
142368629144	2845.398438	575.199219	-871.199219	655.199219	-1871.400391	224.300781	-40.168594	-105.333427	18.964577	4.088403	-1.250938	4.529148	0	0	0	0	0	0
142694345381	424.699219	-20.400391	1.898438	35.000000	-408.400391	-17.500000	-4.193246	-15.145966	4.215966	0.870043	0.195295	-0.058025	0	0	0	0	0	0
143019717938	48.898438	1.398438	50.699219	17.898438	-97.800781	6.500000	-2.018601	2.820822	0.013359	0.228000	0.252894	-0.034241	0	0	0	0	0	0
143367735180	247.800781	-15.199219	-36.599609	24.101562	-236.300781	-18.699219	-4.858368	-6.732860	-4.113865	0.503475	-0.037806	-0.053151	0	0	0	0	0	0
143774241865	1630.699219	30.800781	-120.800781	178.101562	-1426.300781	-27.199219	-16.143919	-68.241272	11.678692	2.235186	0.352366	0.857432	0	0	0	0	0	0
144174786161	2453.000000	232.898438	-189.199219	393.699219	-2129.599609	93.800781	-18.659111	-104.814728	23.888216	3.849740	0.558115	2.648781	0	0	0	0	0	0
144555013467	2188.500000	135.699219	-128.500000	310.601562	-1923.400391	30.199219	-16.455994	-96.620674	23.371714	3.035852	0.672704	1.788191	0	0	0	0	0	0
144895539892	2259.898438	167.601562	-125.400391	340.699219	-1998.699219	66.699219	-16.287514	-99.522423	22.092701	3.219184	0.612162	2.123410	0	0	0	0	0	0
145247132706	2660.898438	246.398438	-274.800781	422.000000	-2247.500000	74.898438	-22.030264	-115.594398	22.181057	3.754450	0.266624	2.726114	0	0	0	0	0	0
145693151754	2739.199219	292.800781	-268.199219	468.199219	-2322.699219	125.898438	-22.917387	-118.719734	25.028614	3.904273	0.458354	3.136246	0	0	0	0	0	0
146051066988	1532.500000	63.800781	-143.800781	190.398438	-1300.000000	-15.699219	-13.705121	-63.288048	13.530775	1.924112	0.460439	0.832779	0	0	0	0	0	0
146383534447	54.000000	-10.699219	29.398438	12.101562	-77.199219	-6.300781	-2.533400	1.349321	0.644116	0.268166	0.181070	-0.139750	0	0	0	0	0	0
146803283999	5.898438	5.398438	9.699219	21.199219	-10.000000	-2.699219	-3.192354	4.288819	1.360064	0.195442	0.131460	-0.033012	0	0	0	0	0	0
147197290176	871.601562	-64.699219	6.898438	88.300781	-950.099609	-7.800781	4.395905	-41.723404	-15.593678	0.704792	-1.220835	0.217478	0	0	0	0	0	0
147580552753	1957.101562	61.898438	-275.599609	287.898438	-1786.699219	21.601562	-4.012007	-89.593605	-23.580389	1.542311	-2.090406	1.430214	0	0	0	0	0	0
147910012587	1866.601562	46.800781	-224.900391	277.300781	-1766.599609	14.898438	-3.001954	-87.429520	-30.663477	1.243647	-1.768650	1.313283	0	0	0	0	0	0
148289785397	2020.101562	93.699219	-328.800781	316.000000	-1820.199219	13.199219	-5.626495	-93.462204	-30.380123	1.320961	-2.004713	1.588050	0	0	0	0	0	0
148618383605	2156.199219	121.500000	-377.699219	354.199219	-1923.000000	38.898438	-7.542504	-98.237328	-30.224951	1.403284	-2.004340	1.805906	0	0	0	0	0	0
148943125821	2264.398438	128.300781	-351.699219	366.898438	-2056.000000	29.000000	-7.218073	-103.359680	-32.309277	1.509904	-1.783513	1.894037	0	0	0	0	0	0
149264036818	2070.398438	103.398438	-285.599609	341.199219	-1962.199219	40.398438	-4.572704	-98.022041	-36.118385	1.304545	-1.772931	1.824295	0	0	0	0	0	0
149589601533	2236.300781	127.199219	-311.400391	375.601562	-2092.900391	49.500000	-5.481811	-105.981949	-35.213154	1.533185	-1.777231	1.976281	0	0	0	0	0	0
149903330896	1644.500000	79.500000	-183.800781	280.500000	-1597.699219	48.800781	-3.062455	-76.457687	-27.415844	1.158902	-1.262202	1.384491	0	0	0	0	0	0
150245938610	52.699219	8.101562	-6.900391	15.500000	-36.300781	-3.000000	-4.025411	2.398100	1.287143	0.274928	0.097668	-0.043201	0	0	0	0	0	0
150591142834	-503.300781	30.500000	-10.900391	-43.000000	505.800781	1.101562	-3.752972	31.881607	-1.840489	-0.341380	-0.010556	-0.272578	0	0	0	0	0	0
150928563822	-1240.800781	-34.599609	68.601562	-220.699219	1131.699219	-68.900391	-1.920937	63.956387	-3.069847	-1.477207	0.329108	-1.265302	0	0	0	0	0	0
151266738260	-1519.500000	-50.500000	102.300781	-308.800781	1370.898438	-109.000000	-1.285291	76.658737	-2.356397	-1.874032	0.442513	-1.627703	0	0	0	0	0	0
151594392947	-1214.800781	-21.699219	-34.800781	-247.000000	1221.300781	-89.800781	-6.396932	65.875671	-0.889943	-1.371467	0.153808	-1.260037	0	0	0	0	0	0
151918629264	-220.099609	2.101562	-315.000000	-29.900391	346.601562	-19.199219	-1.132909	16.300219	-35.317024	-0.600942	-2.387107	-0.200449	0	0	0	0	0	0
152240688519	-214.400391	-96.199219	-457.699219	-39.400391	151.101562	10.000000	20.571016	5.796069	-93.948128	-1.375707	-6.138016	-0.472924	0	0	0	0	0	0
152585574194	-321.199219	-160.300781	-204.199219	-60.900391	-41.599609	30.000000	32.947308	3.417110	-104.379852	-1.372279	-5.966835	-0.641796	0	0	0	0	0	0
152869993398	-294.099609	-153.199219	-192.199219	-45.300781	-114.800781	49.199219	35.559498	0.960109	-112.527641	-1.289395	-6.338147	-0.449379	0	0	0	0	0	0
153210542190	-304.900391	-180.599609	-514.300781	-76.400391	68.300781	15.699219	36.368542	3.747558	-140.274796	-1.944139	-8.556415	-0.812267	0	0	0	0	0	0
153591169017	-44.699219	-119.800781	-1006.599609	-38.599609	144.300781	-11.800781	26.792320	-2.738723	-165.927490	-2.153913	-10.566636	-0.573279	0	0	0	0	0	0
153976151142	-274.400391	-196.099609	-955.099609	-112.099609	243.800781	-39.599609	34.808880	3.516196	-181.084915	-2.766583	-11.254545	-1.220842	0	0	0	0	0	0
154327005397	180.898438	-36.300781	-1089.000000	67.800781	-71.900391	67.699219	30.336565	-14.664814	-177.285553	-1.836540	-11.389151	0.253338	0	0	0	0	0	0
154709751104	-17.400391	-80.500000	-767.599609	31.699219	-57.699219	45.898438	29.166044	-9.550210	-153.395996	-2.025655	-9.100959	-0.112979	0	0	0	0	0	0
155087531492	86.300781	-64.599609	9.500000	-54.300781	6.601562	-84.400391	-2.999770	5.355066	18.729404	0.158892	-0.253805	-0.717209	0	0	0	0	0	0
155402619782	109.000000	-178.599609	285.398438	-136.400391	-8.199219	-133.400391	7.970449	2.162122	68.549820	0.365799	-0.443191	-1.461998	0	0	0	0	0	0
155762278811	207.300781	-165.400391	446.601562	-92.400391	-153.000000	-76.699219	13.803071	-4.089008	91.425697	0.630554	-0.399570	-1.065714	0	0	0	0	0	0
156180276571	261.398438	-158.000000	355.000000	-88.099609	-172.400391	-76.400391	9.937435	-5.986912	77.801170	0.671292	-0.339161	-1.014386	0	0	0	0	0	0
156542609430	507.000000	-166.800781	295.800781	-96.699219	-257.300781	-129.099609	5.534184	-14.139758	95.208893	0.819306	-0.343859	-1.187297	0	0	0	0	0	0
156966026811	490.398438	-173.599609	194.500000	-101.800781	-266.300781	-143.000000	3.497919	-13.323134	71.286865	0.821722	-0.493621	-1.222739	0	0	0	0	0	0
157404089495	282.601562	-52.599609	-131.000000	-24.500000	-144.800781	-73.400391	-4.626241	-6.316370	0.091850	0.412649	-0.784468	-0.387883	0	0	0	0	0	0
157792740189	88.101562	-146.699219	-826.800781	-119.900391	126.000000	-122.500000	13.132130	2.758805	-116.003586	-0.613894	-7.781904	-1.179165	0	0	0	0	0	0
158226761980	-75.199219	-247.099609	-1447.400391	-226.300781	410.500000	-155.900391	34.654385	12.649503	-205.278763	-0.962539	-14.509921	-2.004796	0	0	0	0	0	0
158615737807	-115.500000	-271.300781	-1447.199219	-239.400391	379.101562	-156.699219	36.750248	13.826006	-216.644379	-0.868180	-14.677528	-2.163511	0	0	0	0	0	0
159053891718	115.699219	-192.500000	-1577.900391	-168.900391	331.500000	-147.800781	28.633087	7.561525	-208.878128	-0.641375	-14.578269	-1.657162	0	0	0	0	0	0
159339524946	-42.000000	-223.900391	-1514.500000	-215.900391	445.199219	-162.800781	27.915293	12.969618	-204.174835	-0.907758	-14.039941	-1.989073	0	0	0	0	0	0
159690783706	17.800781	-211.199219	-1542.300781	-197.500000	388.800781	-163.500000	27.855644	10.670942	-206.849319	-0.755797	-14.205629	-1.859356	0	0	0	0	0	0
160049094982	165.300781	-177.900391	-1837.800781	-172.800781	414.898438	-137.800781	29.825825	9.230528	-227.970825	-0.634132	-16.394278	-1.581287	0	0	0	0	0	0
160448232917	73.601562	12.800781	-112.300781	-1.699219	30.101562	-41.500000	-8.474561	3.087487	0.245933	0.222552	-0.080192	-0.092846	0	0	0	0	0	0
160803120270	-0.900391	7.898438	-2.900391	7.300781	0.500000	-10.800781	-3.443907	4.296030	1.046792	0.209074	0.086100	-0.020664	0	0	0	0	0	0
161132800757	4.300781	3.800781	-2.800781	4.500000	-5.099609	-13.699219	-3.370302	4.480089	0.782447	0.211792	0.102151	-0.014024	0	0	0	0	0	0
161469934216	5.699219	6.101562	-4.099609	12.500000	-8.000000	-14.000000	-3.442977	4.533779	0.967205	0.212242	0.106277	-0.019087	0	0	0	0	0	0
161861223906	10.898438	9.898438	1.898438	0.800781	-6.199219	-3.900391	-3.426679	4.250289	1.001083	0.217549	0.114495	-0.014591	0	0	0	0	0	0
162246915599	2.699219	7.199219	-4.900391	8.800781	-2.400391	-1.099609	-3.511253	4.379026	1.814482	0.211255	0.113914	-0.023471	0	0	0	0	0	0
162570978074	2.800781	7.898438	-4.699219	6.699219	2.101562	-8.300781	-3.361654	4.374882	1.080955	0.211815	0.115528	-0.016958	0	0	0	0	0	0
162924921776	3.300781	4.699219	3.898438	6.500000	-3.199219	3.000000	-3.493177	4.338506	2.005684	0.214205	0.111921	-0.024596	0	0	0	0	0	0
163242101130	2.300781	11.601562	0.101562	8.300781	-2.800781	3.199219	-3.494489	4.396316	1.120528	0.214087	0.120369	-0.015842	0	0	0	0	0	0
163656594853	1.898438	7.398438	-0.300781	8.000000	-3.800781	-11.500000	-3.390195	4.342315	0.538426	0.214291	0.118691	-0.012110	0	0	0	0	0	0
164059196440	8.199219	11.101562	4.199219	4.800781	-0.800781	1.601562	-3.386711	4.443500	1.081914	0.211025	0.117862	-0.017260	0	0	0	0	0	0
164445246154	6.898438	4.300781	1.800781	8.500000	2.101562	-2.900391	-3.461222	4.448754	2.200670	0.213684	0.117427	-0.025507	0	0	0	0	0	0
164779580618	7.199219	12.699219	3.601562	5.601562	-1.000000	-8.000000	-3.419220	4.381082	1.313883	0.216522	0.119054	-0.016164	0	0	0	0	0	0
165137291274	-0.500000	8.699219	6.500000	8.000000	3.699219	-11.400391	-3.437544	4.427770	0.168501	0.207737	0.117248	-0.005687	0	0	0	0	0	0
165509293947	1.800781	8.898438	-0.400391	5.500000	-1.699219	-12.000000	-3.376677	4.486783	1.234313	0.215248	0.118424	-0.018333	0	0	0	0	0	0
165911542775	11.000000	9.101562	-1.800781	7.601562	-2.000000	-14.000000	-3.479566	4.566939	1.316050	0.217223	0.120484	-0.017190	0	0	0	0	0	0
166142341848	11.601562	11.398438	2.000000	12.500000	4.898438	-3.500000	-3.325779	4.460970	1.243802	0.213727	0.118038	-0.014197	0	0	0	0	0	0
166516219355	-25.000000	-12.500000	-7.400391	-9.300781	-189.599609	-11.400391	-4.172043	5.575302	-40.002018	1.194351	0.862018	-0.051001	0	0	0	0	0	0
166915266157	-290.800781	-60.199219	-47.099609	-51.900391	-271.300781	-5.599609	0.376408	11.785191	-109.732826	1.204574	0.666199	-0.328965	0	0	0	0	0	0
167278482055	-414.800781	-119.400391	-253.800781	-71.099609	-363.199219	1.601562	10.230370	10.589779	-186.914291	0.939327	-1.441806	-0.522925	0	0	0	0	0	0
167677799204	-452.400391	-105.699219	-187.900391	-17.800781	-389.099609	57.398438	20.721855	5.105647	-186.611313	-0.177326	-2.556131	-0.150857	0	0	0	0	0	0
167989793223	-557.699219	-89.300781	-729.800781	-90.400391	181.699219	-38.900391	3.277041	17.350737	-197.046860	-1.394438	-3.978189	-0.665191	0	0	0	0	0	0
168372123251	-609.099609	-76.300781	-1046.300781	-110.000000	311.300781	-39.000000	4.627271	21.790880	-243.755249	-1.726535	-6.182085	-0.713422	0	0	0	0	0	0
168757283173	-558.099609	-92.699219	-888.000000	-77.699219	68.000000	-16.199219	12.072383	15.491010	-250.612778	-1.308709	-5.869967	-0.635419	0	0	0	0	0	0
169100608097	-363.900391	-7.400391	-226.599609	-43.199219	-259.400391	36.601562	-1.738218	25.420328	-153.659195	2.994048	0.579667	-0.064408	0	0	0	0	0	0
169529524117	-166.099609	-71.000000	-190.300781	-48.000000	-501.199219	-5.099609	-0.462611	8.136310	-153.117447	2.717796	0.479184	-0.325652	0	0	0	0	0	0
169913027194	-235.199219	-53.199219	-592.500000	-24.000000	-633.900391	4.699219	-1.515254	7.829140	-264.835571	2.761426	-1.005928	-0.098015	0	0	0	0	0	0
170227825479	-273.500000	-110.500000	-819.500000	-30.500000	-1040.900391	0.300781	0.712656	2.201662	-385.422791	3.476216	-1.359124	-0.312105	0	0	0	0	0	0
170562046303	-311.099609	-173.400391	-822.400391	-107.900391	-1047.599609	-56.099609	1.898892	5.799693	-393.485901	3.975433	-1.393365	-0.971811	0	0	0	0	0	0
170887237730	-298.300781	-177.199219	-762.300781	-122.800781	-991.699219	-53.599609	2.611238	8.470268	-368.410095	4.286188	-1.454224	-1.056370	0	0	0	0	0	0
171234620518	-341.199219	-205.599609	-749.500000	-158.599609	-933.599609	-87.199219	2.487436	11.763781	-361.259186	4.342687	-1.416822	-1.295463	0	0	0	0	0	0
171579947234	-354.400391	-167.099609	-688.900391	-111.099609	-953.699219	-34.699219	3.398664	9.907433	-359.104218	4.026863	-1.088165	-0.908045	0	0	0	0	0	0
171925571253	-454.000000	-167.199219	-575.699219	-121.599609	-900.199219	-24.199219	5.916381	13.074231	-346.734802	3.845380	-0.758152	-0.913229	0	0	0	0	0	0
172275115595	-424.300781	-176.300781	-545.400391	-120.800781	-936.300781	-34.699219	6.215175	11.047069	-342.020874	3.793546	-0.666217	-0.971585	0	0	0	0	0	0
172674284772	-458.099609	-181.800781	-538.400391	-124.699219	-887.199219	-31.300781	6.814540	12.891654	-337.311768	3.784621	-0.688147	-0.982685	0	0	0	0	0	0
173043277851	-430.900391	-155.199219	-562.800781	-110.199219	-902.300781	-20.599609	5.345080	12.134907	-338.840973	3.831193	-0.649377	-0.850234	0	0	0	0	0	0
173425785190	-343.000000	-152.500000	-658.300781	-115.199219	-872.599609	-43.199219	1.438734	10.296901	-335.756744	3.799420	-0.874515	-0.920091	0	0	0	0	0	0
173804763698	-238.900391	-151.900391	-1099.099609	-106.800781	-1049.500000	-84.599609	-6.372241	6.924727	-430.030273	4.675204	-1.755369	-0.979615	0	0	0	0	0	0
174160533357	-202.800781	-142.000000	-664.500000	-80.300781	-1007.699219	-48.099609	2.189029	0.212641	-332.876343	3.453977	-1.129977	-0.756775	0	0	0	0	0	0
174533157319	-50.199219	12.800781	-277.500000	40.398438	-493.199219	32.699219	-0.833277	-1.140105	-143.295105	1.351270	-0.258651	0.302519	0	0	0	0	0	0
174912914115	-54.400391	25.101562	-145.400391	0.300781	25.699219	-8.400391	-6.278374	7.757766	-27.992912	0.341098	-0.127006	0.018765	0	0	0	0	0	0
175243380326	-15.099609	29.898438	-226.599609	4.199219	-38.300781	-8.199219	-6.837627	6.859203	-48.764656	0.646886	-0.423682	0.065887	0	0	0	0	0	0
175625642952	-14.500000	11.000000	-253.599609	-3.400391	-66.699219	-19.800781	-7.225971	7.069070	-57.858444	0.788441	-0.440058	-0.063917	0	0	0	0	0	0
176017744925	40.398438	5.898438	-346.699219	-28.800781	-46.800781	-61.800781	-11.116833	6.559078	-60.898041	0.891487	-0.532348	-0.219957	0	0	0	0	0	0
176363592560	108.300781	1.199219	-316.599609	-18.099609	-163.300781	-45.500000	-9.354904	2.076754	-63.903561	1.063768	-0.497472	-0.158260	0	0	0	0	0	0
176762683970	44.898438	0.699219	-243.099609	-5.199219	-188.400391	-30.900391	-6.196798	2.783521	-67.960854	0.980278	-0.401963	-0.083752	0	0	0	0	0	0
177151043418	-83.500000	-20.699219	-161.500000	-18.400391	-205.900391	-12.800781	-1.985278	6.360783	-77.431458	1.028335	-0.164141	-0.143293	0	0	0	0	0	0
177493873403	-203.400391	-47.599609	-94.099609	-34.900391	-235.400391	-9.699219	1.744534	7.085791	-91.621681	0.679049	-0.038696	-0.254336	0	0	0	0	0	0
177889204959	-252.000000	-16.800781	-401.500000	-41.000000	5.199219	-34.000000	-7.077955	11.240120	-111.884674	-0.071312	-0.793151	-0.328981	0	0	0	0	0	0
178269079404	-492.300781	-150.199219	-428.800781	-127.599609	-302.199219	-72.800781	2.373457	13.919451	-221.606781	0.635340	-0.705156	-1.098819	0	0	0	0	0	0
178649112896	-254.099609	-259.099609	-949.800781	-218.400391	-842.699219	-191.199219	-7.860598	7.643104	-367.188019	3.599573	-1.390165	-2.003771	0	0	0	0	0	0
179026830829	-60.199219	-229.900391	-1127.900391	-207.599609	-857.400391	-222.800781	-13.970775	2.835975	-367.794434	3.849604	-1.736047	-1.942316	0	0	0	0	0	0
179353559125	1.101562	-237.500000	-1190.599609	-214.199219	-872.000000	-248.900391	-15.370551	0.618608	-372.153198	3.832705	-1.971265	-2.059189	0	0	0	0	0	0
179726792518	-33.599609	-249.800781	-1194.099609	-233.000000	-885.199219	-252.800781	-14.257245	3.163554	-383.459564	4.118759	-2.014963	-2.212564	0	0	0	0	0	0
180095382213	64.300781	-233.599609	-1265.000000	-208.199219	-867.500000	-261.099609	-16.829893	0.605569	-373.775208	4.121010	-2.349294	-2.085236	0	0	0	0	0	0
180440551599	6.699219	-208.699219	-1265.800781	-182.599609	-880.099609	-228.099609	-15.211200	-0.205820	-387.551727	3.730092	-2.346726	-1.829053	0	0	0	0	0	0
180816315953	-40.099609	-228.099609	-1196.500000	-211.000000	-875.000000	-240.300781	-13.376000	0.465748	-379.346863	3.577350	-2.206523	-1.974795	0	0	0	0	0	0
181179400331	-47.599609	-221.599609	-1182.699219	-199.300781	-834.900391	-233.699219	-13.737752	1.602206	-373.296753	3.516242	-2.143979	-1.890695	0	0	0	0	0	0
181536542920	-63.400391	-224.599609	-1170.699219	-197.900391	-857.500000	-229.400391	-13.430990	0.712012	-376.341888	3.499262	-2.024445	-1.870765	0	0	0	0	0	0
181914292481	-86.599609	-218.199219	-1120.099609	-170.500000	-872.599609	-216.699219	-12.975238	1.069533	-376.690796	3.359997	-1.689607	-1.816218	0	0	0	0	0	0
182265300115	-64.199219	-257.699219	-1122.199219	-220.199219	-900.699219	-249.900391	-12.952789	0.848306	-376.608368	3.644455	-1.723759	-2.162136	0	0	0	0	0	0
182646793113	-153.699219	-231.000000	-1041.400391	-200.800781	-856.500000	-216.500000	-11.672419	1.770846	-370.183014	3.062320	-1.432559	-1.957342	0	0	0	0	0	0
183017546602	-130.599609	-265.199219	-1019.099609	-230.699219	-916.500000	-239.599609	-10.028844	3.818448	-374.723755	3.866578	-1.445433	-2.149328	0	0	0	0	0	0
183397069410	-83.500000	-241.699219	-1068.199219	-212.500000	-921.699219	-228.099609	-11.672235	2.325777	-373.489349	3.921004	-1.495676	-2.016291	0	0	0	0	0	0
183754529740	-111.699219	-230.400391	-1088.699219	-204.500000	-889.800781	-234.000000	-12.783961	2.888868	-373.239044	3.699180	-1.511042	-1.973239	0	0	0	0	0	0
184112983737	-81.800781	-231.099609	-1141.800781	-216.300781	-887.699219	-241.300781	-14.713427	2.971810	-378.372040	3.839542	-1.507190	-2.017609	0	0	0	0	0	0
184382183746	-59.300781	-222.400391	-1122.400391	-202.400391	-937.300781	-228.800781	-15.528094	2.768217	-384.597382	4.145761	-1.179637	-1.899590	0	0	0	0	0	0
184739052177	-186.400391	-204.500000	-1120.699219	-170.900391	-916.900391	-202.300781	-13.619115	2.123325	-399.215240	3.157679	-1.168833	-1.669509	0	0	0	0	0	0
185129776492	-172.900391	-185.500000	-738.199219	-134.699219	-849.599609	-113.800781	-0.601368	1.329728	-314.215729	2.894484	-1.475576	-1.266353	0	0	0	0	0	0
185518767055	3.199219	-4.699219	-36.099609	-12.500000	-139.900391	-10.699219	-2.290670	4.579502	-28.640335	0.862184	0.134679	-0.083196	0	0	0	0	0	0
185934825896	4.000000	12.601562	-6.900391	1.500000	-6.599609	-12.300781	-3.551209	4.525019	1.085936	0.222276	0.123102	-0.012362	0	0	0	0	0	0
186281028137	4.199219	10.601562	-5.099609	2.601562	-16.099609	-8.900391	-3.454360	4.400503	0.428855	0.226013	0.128668	-0.003652	0	0	0	0	0	0
186664317986	-1.400391	8.199219	-2.400391	6.800781	-3.099609	-9.099609	-3.549824	4.547812	1.361862	0.216567	0.127079	-0.013196	0	0	0	0	0	0
187048843792	4.601562	12.199219	-3.400391	3.800781	-1.800781	-5.699219	-3.582047	4.495350	1.639861	0.211613	0.124765	-0.013285	0	0	0	0	0	0
187390531087	3.699219	14.000000	-9.000000	4.800781	-9.800781	-1.199219	-3.666745	4.308640	2.363455	0.215591	0.126000	-0.019607	0	0	0	0	0	0
187762263183	7.800781	13.500000	-0.400391	1.800781	-4.000000	-4.199219	-3.511143	4.380786	0.518378	0.214107	0.126271	-0.003034	0	0	0	0	0	0
188132035620	4.300781	12.398438	-5.500000	4.500000	-3.599609	-3.199219	-3.543066	4.486947	2.641332	0.214104	0.125754	-0.020544	0	0	0	0	0	0
188488280963	6.101562	7.699219	-0.099609	7.601562	-5.800781	-3.900391	-3.595208	4.512416	1.990882	0.213731	0.127991	-0.013226	0	0	0	0	0	0
188869282170	1.898438	9.898438	-3.699219	14.101562	-2.400391	-3.599609	-3.575441	4.525479	2.030110	0.215122	0.128541	-0.012773	0	0	0	0	0	0
189240485689	0.699219	8.898438	1.699219	2.800781	-4.199219	-7.599609	-3.553364	4.441110	0.753531	0.211933	0.126521	-0.004740	0	0	0	0	0	0
189640426747	1.699219	5.300781	0.601562	5.398438	-4.500000	-7.800781	-3.556238	4.435106	1.215300	0.214491	0.126433	-0.007984	0	0	0	0	0	0
189975535078	4.398438	4.699219	-7.099609	-1.300781	-4.699219	-1.599609	-3.519746	4.444530	1.792514	0.211225	0.127236	-0.014026	0	0	0	0	0	0
190338368872	7.800781	10.300781	0.398438	-0.599609	-7.199219	-3.000000	-3.498857	4.487960	1.867714	0.213472	0.127407	-0.015199	0	0	0	0	0	0
190713704039	-0.300781	14.800781	-3.500000	4.800781	-5.099609	-0.800781	-3.474429	4.540654	2.509097	0.208715	0.140789	-0.008764	0	0	0	0	0	0
191050787389	0.000000	16.300781	0.101562	5.898438	-8.400391	-2.099609	-3.669322	4.548564	1.836058	0.212046	0.124569	-0.014165	0	0	0	0	0	0
191443191159	4.898438	7.601562	5.601562	10.000000	-8.300781	-3.500000	-3.618085	4.595586	0.525439	0.211790	0.129117	-0.003101	0	0	0	0	0	0
191792805750	2.300781	3.398438	-8.199219	3.101562	-7.900391	-1.900391	-3.628892	4.524015	3.072418	0.213794	0.128760	-0.021114	0	0	0	0	0	0
192199391390	5.500000	7.898438	-0.300781	6.398438	-1.300781	-6.599609	-3.485026	4.570489	1.680123	0.214058	0.127999	-0.012011	0	0	0	0	0	0
192627416073	3.300781	9.898438	3.000000	7.601562	-0.900391	-1.099609	-3.589561	4.540532	1.715355	0.213275	0.128396	-0.013955	0	0	0	0	0	0
193057481059	6.800781	8.101562	-2.699219	7.000000	0.601562	-0.699219	-3.473901	4.500339	1.716346	0.217476	0.126445	-0.011652	0	0	0	0	0	0
193395580097	0.800781	4.300781	-7.599609	-0.900391	-6.699219	-7.000000	-3.579093	4.511888	1.635417	0.212986	0.120406	-0.015863	0	0	0	0	0	0
193767043732	9.300781	13.500000	0.199219	6.601562	-1.800781	-2.199219	-3.437286	4.517888	1.752799	0.212322	0.127007	-0.014548	0	0	0	0	0	0
194118482113	2.601562	4.898438	5.800781	-0.599609	-9.000000	-7.400391	-3.706807	4.550040	1.523058	0.212795	0.128876	-0.012765	0	0	0	0	0	0
194489645113	8.500000	14.000000	-2.199219	2.199219	-3.199219	-4.900391	-3.552759	4.564775	1.518525	0.212734	0.125671	-0.015090	0	0	0	0	0	0
194871384974	5.101562	14.101562	-0.599609	3.000000	-7.800781	-5.400391	-3.637273	4.486491	2.440101	0.216188	0.130439	-0.021465	0	0	0	0	0	0
195172780500	5.398438	15.000000	-6.300781	2.500000	-4.599609	-2.199219	-3.610763	4.559042	2.523633	0.211399	0.127367	-0.022193	0	0	0	0	0	0
195537099906	4.300781	14.800781	-2.900391	-1.199219	-9.199219	-7.500000	-3.658423	4.649557	1.761348	0.214086	0.127325	-0.012487	0	0	0	0	0	0
195907044477	-33.199219	-6.599609	7.300781	-3.199219	0.699219	-5.500000	-0.333617	4.437501	-2.544412	-0.012700	-0.242648	-0.121892	0	0	0	0	0	0
196265004254	-563.500000	-297.099609	1341.500000	-22.400391	-865.599609	202.000000	70.317520	-7.742530	-18.784445	-0.450415	-0.518090	-0.377852	0	0	0	0	0	0
196605022917	-1588.500000	-784.300781	2974.601562	-251.099609	-1501.800781	295.398438	146.631592	0.138450	-23.797020	-0.769316	0.382863	-2.301115	0	0	0	0	0	0
196988373936	-1517.300781	-722.300781	2955.898438	-189.500000	-1553.199219	333.101562	143.227783	-2.959339	-19.433981	-0.659241	0.667893	-1.779169	0	0	0	0	0	0
197356304608	-1418.800781	-668.699219	2657.500000	-189.800781	-1372.099609	302.800781	132.620285	-1.591873	-22.379396	-0.826944	0.133149	-1.608079	0	0	0	0	0	0
197690444020	-1377.599609	-651.000000	2592.898438	-192.400391	-1318.000000	271.500000	126.051605	-0.462442	-17.464964	-0.667539	0.535987	-1.701815	0	0	0	0	0	0
198076049062	-1504.500000	-716.199219	2797.699219	-223.199219	-1401.900391	279.300781	136.199997	0.253168	-18.969728	-0.828871	0.608416	-1.964412	0	0	0	0	0	0
198414686935	-1260.900391	-597.400391	2361.398438	-170.099609	-1222.500000	249.699219	114.885925	-1.377225	-20.500385	-0.827714	0.064982	-1.494606	0	0	0	0	0	0
198735778108	-73.000000	-58.199219	73.800781	-33.400391	-63.099609	-18.699219	5.335316	3.161341	-7.371156	-0.103192	-0.539245	-0.191347	0	0	0	0	0	0
199062090926	19.800781	6.300781	16.601562	7.898438	-58.500000	-9.300781	-2.237763	2.177866	-0.993228	0.186070	0.085818	0.142026	0	0	0	0	0	0
199371778744	4.699219	-0.199219	2.500000	-5.000000	-25.000000	-18.400391	-3.116625	4.042338	0.477679	0.214651	0.119663	0.000708	0	0	0	0	0	0
199705237694	-32.000000	-18.699219	55.601562	-13.300781	-43.400391	-27.199219	1.192412	3.567279	-2.840717	0.122489	-0.162365	-0.056038	0	0	0	0	0	0
199971764145	-18.800781	-21.599609	2.398438	-17.099609	-16.000000	-24.599609	-1.236315	4.006797	-1.935305	0.075148	-0.148085	-0.081029	0	0	0	0	0	0
200345363048	-13.599609	-16.300781	-23.400391	-16.699219	0.601562	-30.099609	-1.077536	4.154437	-5.471875	-0.011458	-0.405733	-0.075410	0	0	0	0	0	0
200685077687	-51.199219	-2.300781	36.300781	6.500000	-26.099609	-3.699219	1.063835	4.016535	-5.343169	-0.022412	-0.239399	0.106936	0	0	0	0	0	0
201142761275	-8.300781	-16.599609	79.398438	-3.099609	-91.599609	-8.599609	0.802564	2.189629	-1.336435	0.230846	0.175350	0.084061	0	0	0	0	0	0
201492032831	-130.900391	-79.400391	371.398438	-24.199219	-239.800781	16.101562	12.101699	1.416181	2.779967	0.243828	0.568433	-0.190317	0	0	0	0	0	0
201881284773	-2.199219	0.101562	-0.800781	-16.000000	-8.199219	-31.500000	-3.605324	4.446974	1.310313	0.213957	0.130161	-0.017841	0	0	0	0	0	0
202236154102	-8.500000	2.199219	27.398438	-3.199219	-30.300781	-18.400391	-1.793453	4.038547	1.851680	0.261234	0.172600	0.013306	0	0	0	0	0	0
202591572034	-271.000000	-72.300781	473.398438	-7.099609	-217.000000	63.699219	19.302172	4.240937	-0.326492	-0.079264	0.461468	0.002307	0	0	0	0	0	0
202983037360	-833.699219	-326.199219	1640.500000	-47.300781	-865.199219	227.300781	74.926941	1.870608	-8.817289	0.053181	0.942007	-0.346589	0	0	0	0	0	0
203357495760	-1099.900391	-386.199219	2197.601562	-7.699219	-1196.300781	374.300781	103.309822	0.659408	-14.743751	0.162046	0.961499	-0.022225	0	0	0	0	0	0
203732846839	-956.500000	-323.400391	1981.199219	30.898438	-1152.099609	379.800781	95.297791	-1.520420	-17.303284	0.207691	0.553456	0.309818	0	0	0	0	0	0
204144098480	-889.300781	-326.699219	1839.000000	0.199219	-1039.699219	312.500000	87.903488	-1.128982	-17.579412	0.073784	0.457464	0.060361	0	0	0	0	0	0
204497109388	-1007.000000	-382.400391	2045.398438	-20.099609	-1148.900391	344.500000	98.142830	-1.646913	-17.489393	-0.044248	0.594288	-0.114238	0	0	0	0	0	0
204854241762	-1098.000000	-393.400391	2213.000000	-29.300781	-1203.800781	371.699219	103.546196	-0.561501	-14.516388	0.025989	1.036967	-0.108984	0	0	0	0	0	0
205219912460	-1009.099609	-382.400391	2109.800781	-24.900391	-1197.300781	342.699219	97.858818	-2.400535	-14.447533	0.093349	1.054223	-0.084537	0	0	0	0	0	0
205559040845	-879.500000	-410.400391	1890.300781	-74.400391	-1108.699219	233.601562	86.751923	-3.386846	-15.524930	0.093374	1.175174	-0.634310	0	0	0	0	0	0
205927438282	-967.300781	-373.099609	1926.101562	-42.699219	-1060.000000	282.898438	88.207291	0.381580	-16.315218	0.101855	1.173411	-0.344558	0	0	0	0	0	0
206323935459	-902.000000	-361.300781	1935.101562	-15.099609	-1125.900391	303.699219	90.288216	-1.806265	-17.342932	0.332481	0.935288	-0.093966	0	0	0	0	0	0
206724098017	-985.599609	-365.500000	2097.398438	-13.099609	-1216.099609	355.601562	96.371025	-2.017529	-16.363995	0.351725	1.234799	0.062808	0	0	0	0	0	0
207054602455	-1050.400391	-378.599609	2239.000000	-6.099609	-1281.000000	387.601562	103.302086	-2.339487	-15.222128	0.330402	1.271920	0.057197	0	0	0	0	0	0
207449595009	-1072.699219	-417.300781	2310.398438	-21.900391	-1331.800781	371.300781	106.060097	-3.011414	-15.532831	0.339935	1.421679	-0.135355	0	0	0	0	0	0
207815229445	-1150.500000	-476.599609	2463.500000	-45.699219	-1411.099609	371.300781	113.585693	-3.223918	-16.166565	0.328518	1.468697	-0.418198	0	0	0	0	0	0
208156328092	-1167.199219	-443.900391	2443.601562	-24.699219	-1405.900391	388.898438	110.885117	-3.415750	-14.182548	0.320008	1.836754	-0.154204	0	0	0	0	0	0
208552043493	-1143.400391	-412.800781	2407.500000	-25.599609	-1367.800781	410.500000	108.079086	-2.891912	-16.566807	0.176270	1.818094	-0.024016	0	0	0	0	0	0
208913025084	-1202.800781	-416.400391	2568.199219	11.000000	-1471.099609	451.199219	115.541412	-4.146178	-16.941605	0.243354	2.078302	0.201873	0	0	0	0	0	0
209296307285	-1168.099609	-410.900391	2492.800781	11.101562	-1432.400391	440.898438	113.563049	-3.975973	-16.577431	0.203842	1.772426	0.177429	0	0	0	0	0	0
209657479683	-1234.400391	-431.000000	2607.398438	-2.400391	-1483.199219	456.601562	118.619652	-3.849592	-16.748367	0.173718	1.838297	0.172456	0	0	0	0	0	0
210013047671	-1132.599609	-434.800781	2519.000000	12.101562	-1484.000000	427.898438	115.833336	-7.399940	-17.408131	0.003116	1.525471	0.076150	0	0	0	0	0	0
210415668865	-1288.500000	-459.599609	2659.898438	-17.199219	-1464.400391	451.500000	122.075668	-3.424167	-15.685063	-0.115815	1.699973	-0.045144	0	0	0	0	0	0
210819150172	-1339.800781	-486.099609	2842.601562	-10.800781	-1616.300781	493.199219	129.338501	-5.256689	-15.742709	0.110007	2.156786	0.069371	0	0	0	0	0	0
211163355451	-1525.900391	-531.199219	3139.000000	-9.099609	-1725.699219	539.500000	142.177353	-4.141513	-16.268776	-0.013349	2.348347	0.054627	0	0	0	0	0	0
211533151989	-1512.900391	-535.199219	3182.101562	-9.800781	-1774.800781	557.000000	144.937653	-5.257486	-16.354435	0.027444	2.374198	0.092802	0	0	0	0	0	0
211877069804	-1596.300781	-576.900391	3198.898438	-37.300781	-1736.699219	512.500000	145.855804	-3.425641	-15.844293	-0.099622	2.355345	-0.285453	0	0	0	0	0	0
212237541326	-1630.400391	-612.800781	3253.699219	-66.400391	-1734.099609	497.398438	149.080032	-2.284787	-17.954763	-0.175200	2.269389	-0.535130	0	0	0	0	0	0
212597327661	-1609.099609	-623.699219	3206.898438	-79.300781	-1716.199219	473.898438	147.526642	-2.160344	-18.757130	-0.166638	2.116282	-0.716328	0	0	0	0	0	0
212957075714	-746.199219	-414.699219	1543.398438	-136.000000	-914.000000	121.699219	72.347099	-1.813791	-17.445408	-0.019954	0.296236	-1.171633	0	0	0	0	0	0
213323095948	123.699219	24.601562	-252.000000	-14.699219	66.699219	-72.800781	-10.736108	2.830270	-5.608805	0.163697	-0.671092	-0.008293	0	0	0	0	0	0
213628318716	308.800781	130.800781	-690.599609	17.800781	334.699219	-104.000000	-28.596851	3.136204	-5.124520	-0.299424	-1.353267	0.277434	0	0	0	0	0	0
214018653976	776.500000	272.699219	-1584.699219	19.199219	815.101562	-243.000000	-69.219582	6.209304	6.607258	0.159501	-2.247170	0.247988	0	0	0	0	0	0
214371332279	1228.000000	396.000000	-2348.800781	24.898438	1152.398438	-339.199219	-99.634293	4.058291	8.035898	0.273636	-3.538809	0.293721	0	0	0	0	0	0
214772278992	1600.300781	531.398438	-3131.400391	55.101562	1599.601562	-428.000000	-131.409821	5.574889	12.512487	0.042753	-4.738666	0.398953	0	0	0	0	0	0
215156781611	1086.398438	410.601562	-3332.699219	-168.000000	2210.101562	-544.199219	-125.469429	29.843914	-9.693809	-1.808298	-6.721368	-1.247603	0	0	0	0	0	0
215479264944	-321.500000	-201.000000	-1638.900391	-557.699219	1826.398438	-665.500000	-54.018555	48.269783	-26.761847	-3.714012	-4.416106	-4.725876	0	0	0	0	0	0
215873927211	-2566.400391	-1085.800781	1211.101562	-1118.800781	1225.699219	-683.699219	62.477287	83.842651	-30.662144	-5.186247	-0.424981	-9.162205	0	0	0	0	0	0
216260131572	-2928.699219	-1218.400391	3267.800781	-832.599609	-400.300781	-199.900391	131.621048	61.774059	-7.964376	-1.556529	4.988122	-7.147375	0	0	0	0	0	0
216581281837	-1409.599609	-673.400391	3176.699219	-270.000000	-1687.300781	240.000000	105.788406	11.634535	24.748795	3.760251	8.185300	-1.958408	0	0	0	0	0	0
216983931173	1632.398438	47.500000	1002.300781	178.500000	-2545.599609	231.601562	16.501551	-58.939350	22.328129	10.178421	4.642011	2.127807	0	0	0	0	0	0
217393052065	1912.800781	1109.898438	-2097.699219	955.898438	-14.900391	534.398438	-64.690178	-43.377796	-25.703341	1.411301	-6.805092	8.124938	0	0	0	0	0	0
217750024393	-1875.099609	-730.599609	782.300781	-690.000000	886.000000	-413.400391	50.999382	51.897964	-38.246925	-5.396736	-1.381562	-5.945732	0	0	0	0	0	0
218171286387	-1203.099609	-739.199219	1531.101562	-500.300781	-399.599609	-261.300781	58.187958	13.748528	-15.382600	-1.539503	2.524154	-4.333424	0	0	0	0	0	0
218551538648	-223.400391	225.101562	1419.398438	311.000000	-1751.199219	533.699219	23.775671	2.606593	-89.185822	7.736884	9.482657	3.402756	0	0	0	0	0	0
218932089446	-852.900391	356.601562	1911.500000	493.800781	-1526.699219	818.101562	43.492352	16.724474	-74.606590	5.879442	10.212774	5.319548	0	0	0	0	0	0
219262601300	-808.599609	797.500000	1067.601562	823.601562	-1056.000000	972.699219	-2.814135	8.920986	-126.013077	2.215774	11.012976	8.212420	0	0	0	0	0	0
219592938590	-2380.800781	714.699219	2009.398438	762.898438	-574.599609	1132.300781	30.444588	51.429028	-149.570435	-0.199081	14.959918	7.807549	0	0	0	0	0	0
219924437520	-2985.800781	-199.400391	4666.601562	278.699219	-2062.199219	1084.601562	146.479324	39.768787	-48.332291	2.621299	16.280180	3.361654	0	0	0	0	0	0
220249165814	302.398438	-557.599609	2686.699219	-309.400391	-3427.400391	76.699219	64.329208	-36.609272	-72.972206	11.995778	12.950009	-1.587443	0	0	0	0	0	0
220582354250	310.300781	537.199219	-611.000000	356.199219	-893.400391	140.398438	-78.533028	-9.669782	-200.594406	3.624045	11.492189	3.367311	0	0	0	0	0	0
220906315638	-3773.699219	348.601562	3242.101562	551.800781	-440.300781	1139.601562	83.335548	59.696507	-144.428192	-4.974197	16.519196	5.736518	0	0	0	0	0	0
221287575324	252.601562	284.800781	-982.199219	44.601562	-392.900391	-208.400391	-92.332115	-0.071635	-189.068420	2.533591	10.160195	0.750718	0	0	0	0	0	0
221655938396	-2614.099609	-387.000000	3440.101562	-23.199219	-687.599609	537.500000	117.306847	35.248386	39.283295	-2.703939	8.030824	-0.006383	0	0	0	0	0	0
221976038875	421.101562	-344.099609	1330.000000	-228.699219	-2107.099609	-74.599609	17.128704	-16.605295	-65.858360	9.431036	9.126345	-1.425830	0	0	0	0	0	0
222368921300	-894.500000	117.601562	870.601562	92.699219	-1000.000000	157.500000	-19.910133	14.998016	-165.929871	2.476994	13.564891	1.327106	0	0	0	0	0	0
222737713400	576.601562	-19.900391	-236.300781	-50.400391	709.898438	-33.400391	43.471092	10.198266	190.040771	0.443683	-12.368756	-0.304139	0	0	0	0	0	0
223185297977	-814.500000	-121.300781	1271.898438	-1.099609	-1606.300781	75.898438	-6.382755	-13.823953	-200.563965	1.616545	16.011911	0.006487	0	0	0	0	0	0
223608004364	-213.800781	40.101562	47.199219	22.601562	-27.000000	-5.699219	-8.668760	4.884273	-27.559891	-0.362028	2.097241	0.220583	0	0	0	0	0	0
224016628981	-12.400391	5.300781	3.199219	-1.699219	0.699219	-24.500000	-0.777577	2.013659	1.453643	0.086499	0.036392	0.025686	0	0	0	0	0	0
224368457507	-15.400391	5.601562	-4.599609	-3.800781	-1.599609	-32.599609	-0.779523	1.912427	1.258599	0.091637	0.029514	0.027786	0	0	0	0	0	0
224736212380	-18.500000	-1.500000	-3.500000	-3.900391	5.500000	-13.900391	-0.721069	1.917436	1.472719	0.073874	0.023076	0.028834	0	0	0	0	0	0
225075547349	-2.199219	7.601562	-13.300781	-3.599609	-2.400391	-24.199219	-1.001284	1.625681	1.255748	0.091035	0.020289	0.027306	0	0	0	0	0	0
225460965978	-10.300781	5.898438	-1.099609	1.000000	0.800781	-15.000000	-0.944869	1.596822	1.571879	0.085550	0.021344	0.027216	0	0	0	0	0	0
225828680375	-15.300781	0.601562	-10.000000	-4.699219	0.800781	-22.000000	-1.016986	1.878121	1.619330	0.082961	0.019214	0.025886	0	0	0	0	0	0
226218345708	-7.599609	5.898438	-9.099609	-1.599609	1.398438	-17.699219	-0.890286	1.703366	1.455016	0.082890	0.013413	0.024066	0	0	0	0	0	0
226608026937	-10.800781	3.800781	-13.800781	-3.400391	-2.599609	-21.000000	-0.832234	1.665055	1.772754	0.081274	0.014383	0.026048	0	0	0	0	0	0
226945027001	-9.400391	6.199219	-7.199219	-8.599609	-2.800781	-21.500000	-0.916634	1.720173	2.068896	0.082267	0.006649	0.015943	0	0	0	0	0	0
227331776875	-12.800781	5.398438	-8.900391	-11.300781	-0.400391	-25.199219	-0.832525	1.789377	1.617736	0.081493	0.014742	0.025542	0	0	0	0	0	0
227693448034	-13.400391	5.000000	-6.000000	-5.500000	-2.000000	-28.699219	-0.903978	1.873959	0.655427	0.084789	0.012404	0.033320	0	0	0	0	0	0
228071860563	-8.400391	-0.300781	-7.599609	-8.900391	1.601562	-21.099609	-0.887795	1.805347	1.380361	0.082277	0.011928	0.024037	0	0	0	0	0	0
228397965920	-2.900391	4.500000	-2.199219	-6.500000	4.898438	-18.400391	-0.930314	1.697141	1.219854	0.084844	0.012635	0.024648	0	0	0	0	0	0
228790372035	-7.800781	1.800781	-6.000000	-2.000000	2.101562	-22.099609	-0.756676	1.684558	1.383139	0.078684	0.008923	0.025449	0	0	0	0	0	0
