1253525	2.699219	-0.199219	4.300781	7.800781	1.199219	4.300781	0.121662	0.121217	0.468825	0.000053	-0.002072	-0.002461	0	0	0	0	0	0
285081570	2.500000	3.800781	1.398438	4.800781	-2.099609	6.699219	0.197230	0.011343	0.725598	0.001154	-0.002897	-0.008652	0	0	0	0	0	0
574310805	2.199219	-0.900391	2.601562	12.300781	-2.599609	1.199219	0.127092	0.064588	0.926491	0.001624	0.001097	-0.006555	0	0	0	0	0	0
865791087	3.300781	1.898438	5.000000	5.101562	0.199219	2.699219	0.112233	0.028313	0.885677	0.000042	-0.001638	-0.007900	0	0	0	0	0	0
1156788320	6.300781	7.699219	3.898438	0.601562	-7.300781	2.101562	-0.069582	-0.068739	0.527392	0.002173	0.001910	-0.008150	0	0	0	0	0	0
1449288760	4.699219	1.398438	0.398438	3.601562	0.898438	5.601562	0.130917	0.034699	1.732437	0.000697	-0.000093	-0.014872	0	0	0	0	0	0
1766562484	8.500000	5.500000	2.800781	8.300781	-2.500000	11.000000	0.162169	0.033931	0.877892	0.002693	0.002369	-0.009614	0	0	0	0	0	0
2108608715	10.398438	-1.199219	-0.599609	9.601562	0.300781	5.699219	0.102571	0.011984	2.081618	0.001216	0.001116	-0.016104	0	0	0	0	0	0
2451795872	1.300781	2.398438	-1.800781	7.601562	-4.400391	-2.500000	0.081397	0.050164	1.157928	-0.003717	-0.000702	-0.010429	0	0	0	0	0	0
2912842649	-1.900391	-1.900391	-2.300781	3.601562	-3.000000	-2.699219	0.121136	0.068211	0.805621	-0.000370	-0.004202	-0.009687	0	0	0	0	0	0
3362993778	1.101562	2.101562	4.000000	11.300781	-2.800781	3.000000	0.005783	0.126684	0.963136	-0.000505	-0.001657	-0.010119	0	0	0	0	0	0
3820294804	-1.400391	-0.800781	2.101562	2.000000	-3.400391	-5.400391	0.046954	0.129130	0.109465	0.004752	-0.002582	-0.004087	0	0	0	0	0	0
4249441757	3.199219	1.398438	-3.900391	8.898438	0.800781	4.398438	-0.111043	0.090644	1.574558	-0.001331	0.000923	-0.017219	0	0	0	0	0	0
4680207109	0.199219	14.300781	-27.300781	17.300781	1.101562	10.199219	0.740214	-1.534116	-5.750770	-0.298491	-0.380804	0.172516	0	0	0	0	0	0
5090395303	-235.800781	565.101562	405.500000	577.000000	-164.099609	677.199219	18.274836	7.107860	11.244116	0.851489	0.329728	5.552555	0	0	0	0	0	0
5486839486	-72.000000	235.000000	756.300781	285.199219	-653.300781	412.500000	14.522624	1.604237	8.961380	3.675533	3.519868	3.100967	0	0	0	0	0	0
5895514877	953.000000	890.601562	-757.599609	931.898438	-713.400391	798.898438	-3.743109	-43.999237	-84.841293	0.583855	-4.349203	8.193441	0	0	0	0	0	0
6361079673	-1141.099609	-786.300781	306.800781	-807.400391	621.199219	-660.900391	15.048484	46.238529	-46.016529	-0.814368	0.759504	-7.316963	0	0	0	0	0	0
6787874170	-1030.000000	-348.099609	705.101562	-400.900391	663.601562	-254.599609	13.222900	42.869438	61.807125	-0.831010	2.657737	-3.203645	0	0	0	0	0	0
7257543145	344.500000	93.601562	517.199219	167.800781	-954.800781	217.800781	8.350447	-14.175960	-18.886072	4.209100	2.955952	1.865150	0	0	0	0	0	0
7662016892	259.101562	490.199219	-194.500000	540.300781	-462.500000	521.300781	8.358609	-19.830683	-66.722046	0.164222	-2.141290	5.157776	0	0	0	0	0	0
8075548926	-186.500000	29.601562	46.101562	83.000000	-183.400391	121.300781	11.903868	1.994748	-56.860199	-0.138291	-0.659829	0.180661	0	0	0	0	0	0
8504847004	-923.599609	-977.199219	394.601562	-960.800781	400.898438	-842.000000	13.673155	34.549679	-32.170261	-0.714005	1.403161	-8.923519	0	0	0	0	0	0
9002835455	1854.898438	217.199219	-441.699219	364.101562	-1688.800781	114.601562	-8.915570	-86.188011	-50.184223	3.054181	-1.782216	2.920124	0	0	0	0	0	0
9309961281	2315.500000	669.101562	-469.000000	810.398438	-2125.900391	518.800781	-8.047153	-103.354645	-42.922440	3.949687	-1.944990	6.705469	0	0	0	0	0	0
9618322547	-162.599609	66.300781	570.398438	99.500000	-72.500000	172.800781	16.111828	9.661778	63.383053	1.229782	1.275146	0.909669	0	0	0	0	0	0
10014641046	-21.199219	-128.699219	592.800781	-110.800781	-300.000000	-50.300781	4.553654	4.757349	48.808311	2.540105	3.499840	-0.845603	0	0	0	0	0	0
10436247129	702.500000	169.398438	-667.599609	216.898438	-576.300781	108.398438	-6.174903	-31.618811	-97.233429	0.972024	-3.105061	1.799962	0	0	0	0	0	0
10871942341	1024.000000	565.601562	-938.699219	616.601562	-904.300781	463.800781	-6.474247	-44.411144	-141.228455	2.011423	-4.546341	5.466396	0	0	0	0	0	0
11278621721	986.601562	1371.000000	-869.300781	1417.398438	-897.900391	1287.101562	-0.209437	-49.682606	-128.467377	0.818158	-5.390411	12.812774	0	0	0	0	0	0
11700056830	754.800781	692.101562	-341.000000	730.101562	-986.699219	661.300781	-0.959155	-31.390833	-99.304665	3.054383	-1.252083	6.169459	0	0	0	0	0	0
12111415098	-200.699219	-831.800781	231.300781	-781.699219	-358.599609	-714.800781	5.801537	16.249365	-65.644615	3.639872	1.875325	-7.356906	0	0	0	0	0	0
12520949437	-699.300781	-910.800781	512.800781	-907.500000	261.000000	-812.800781	6.220661	34.301044	2.896951	1.133743	3.000530	-8.358844	0	0	0	0	0	0
12921709220	-359.599609	-170.300781	368.000000	-196.500000	489.101562	-156.900391	4.172562	17.512514	88.923515	-1.162241	0.896285	-1.756311	0	0	0	0	0	0
13325536092	402.101562	-92.800781	170.398438	-79.000000	-281.699219	-88.599609	-3.030598	-6.125972	49.754017	2.854174	0.992341	-0.585128	0	0	0	0	0	0
13724914915	749.699219	-147.599609	-253.000000	-104.300781	-860.400391	-193.900391	-11.517138	-25.317768	-65.786133	3.694413	0.821034	-1.470762	0	0	0	0	0	0
14159687980	-467.599609	-1178.000000	144.601562	-1190.900391	196.601562	-1113.099609	0.962601	33.052830	-38.446236	2.564386	1.445882	-10.961560	0	0	0	0	0	0
14584083422	621.199219	261.101562	-179.000000	330.800781	-752.800781	274.500000	3.066261	-33.002487	-54.305553	1.608651	-0.917470	3.226362	0	0	0	0	0	0
14983481025	2127.601562	1043.199219	-660.800781	1144.199219	-1948.500000	864.898438	-12.979639	-96.055298	-77.634514	4.270057	-2.382287	9.871792	0	0	0	0	0	0
15401458929	2132.500000	233.601562	-1221.599609	302.898438	-1456.500000	-52.500000	-25.774431	-80.142632	-99.461220	4.102845	-4.354487	1.466899	0	0	0	0	0	0
15813920460	-645.900391	-999.300781	-256.199219	-1093.099609	823.601562	-1022.400391	-0.451165	41.956795	-21.426283	0.346350	-1.382972	-9.846260	0	0	0	0	0	0
16221022853	-162.699219	429.699219	348.000000	438.101562	-132.300781	518.199219	18.891649	0.398152	17.892408	0.743328	0.209754	4.295078	0	0	0	0	0	0
16636736620	109.500000	-102.000000	647.000000	-28.900391	-135.000000	15.601562	19.662941	-10.071779	112.118332	0.351225	0.892891	-0.405374	0	0	0	0	0	0
17050379570	320.300781	-35.800781	613.101562	37.101562	-596.000000	80.398438	13.030300	-18.516413	60.357128	2.436713	2.555245	0.405596	0	0	0	0	0	0
17468734627	2016.800781	753.898438	-358.099609	823.101562	-2128.400391	656.601562	-4.793537	-76.628670	-77.933281	8.675898	-0.335501	7.485109	0	0	0	0	0	0
17879839202	2618.898438	380.800781	-861.400391	503.199219	-2119.800781	148.101562	-15.151549	-112.359993	-64.765953	5.590744	-3.105423	3.653609	0	0	0	0	0	0
18292008725	3396.898438	369.199219	-1111.300781	497.601562	-2565.099609	14.199219	-22.418909	-141.320648	-52.111935	6.629322	-4.270072	3.176601	0	0	0	0	0	0
18715388691	-21.099609	-128.000000	-66.099609	-100.500000	-28.500000	-108.599609	9.733974	-6.756911	-19.596113	-0.530069	-1.147559	-1.121359	0	0	0	0	0	0
19023946842	-972.800781	-210.300781	360.500000	-244.800781	574.300781	-97.800781	20.234228	33.670826	-7.617231	-1.258432	0.197839	-2.007087	0	0	0	0	0	0
19447785832	-2042.099609	-123.400391	753.699219	-323.300781	1257.601562	37.101562	30.627741	82.217667	0.878262	-1.715709	1.318881	-1.742055	0	0	0	0	0	0
19873839227	-1783.900391	293.300781	643.601562	102.199219	1078.300781	423.800781	25.799635	68.062057	-0.158581	-1.673726	1.185614	2.267062	0	0	0	0	0	0
20347810912	1218.500000	88.000000	-219.199219	193.898438	-1114.599609	34.300781	-8.234282	-63.833466	-22.420078	1.572548	0.271748	1.459199	0	0	0	0	0	0
20811621708	2716.601562	331.398438	-756.500000	465.398438	-2129.800781	45.699219	-25.951889	-128.821899	-32.087437	2.866233	-0.933035	3.233358	0	0	0	0	0	0
21294861005	3613.699219	544.699219	-1128.500000	703.500000	-2697.199219	107.398438	-40.290043	-167.887482	-37.856297	3.410332	-1.649001	4.766926	0	0	0	0	0	0
21631975540	1397.000000	257.500000	-129.500000	381.601562	-1362.400391	210.601562	0.470385	-73.780182	-13.225155	1.387604	-0.016205	2.736944	0	0	0	0	0	0
21975135121	7.500000	-138.099609	547.199219	-29.500000	-551.300781	28.601562	23.630764	-17.587069	0.627991	0.530037	1.129261	-0.460860	0	0	0	0	0	0
22312328224	-415.599609	278.398438	1099.199219	454.300781	-686.300781	636.300781	52.766838	-13.704904	5.798859	-0.359918	0.985871	4.202311	0	0	0	0	0	0
22701681290	-752.800781	409.601562	1807.800781	689.800781	-1055.300781	995.398438	80.456245	-15.954002	7.820588	-0.367786	1.801584	6.494637	0	0	0	0	0	0
23047194924	-786.199219	189.699219	1874.398438	478.300781	-1037.500000	797.300781	81.974152	-13.096826	13.697206	-0.372291	2.375898	4.373888	0	0	0	0	0	0
23376546049	-1254.800781	175.699219	2436.699219	526.800781	-1109.500000	941.601562	104.293701	-4.575351	20.154221	-0.755096	3.116844	4.914447	0	0	0	0	0	0
23813505256	-1908.500000	-66.599609	1784.300781	44.800781	229.199219	438.800781	73.072914	45.803986	25.742180	-1.666900	2.667737	0.916283	0	0	0	0	0	0
24244520555	-979.300781	-283.199219	82.500000	-421.800781	945.800781	-279.099609	6.723688	42.301182	10.502295	-1.530689	-0.617311	-3.268487	0	0	0	0	0	0
24651451032	1213.898438	453.398438	-1794.400391	294.199219	422.101562	-39.800781	-59.843864	-34.815269	-23.601162	-1.286670	-4.054061	2.341407	0	0	0	0	0	0
25096814210	2149.601562	603.199219	-1985.400391	511.199219	-375.699219	14.699219	-69.522156	-76.778679	-32.472061	0.197020	-3.650393	3.804927	0	0	0	0	0	0
25544105271	540.000000	904.101562	571.898438	1054.000000	-1188.800781	1081.898438	30.276720	-50.274529	-1.615754	-0.017104	0.373739	9.487162	0	0	0	0	0	0
26016331394	-1060.400391	245.398438	2125.898438	534.898438	-1011.199219	891.300781	86.222885	-1.567358	18.716440	0.015414	3.540385	5.016138	0	0	0	0	0	0
26380599496	-1518.300781	-53.900391	2192.000000	175.199219	-553.099609	577.699219	85.053215	26.838034	25.387146	0.485813	3.980727	1.848352	0	0	0	0	0	0
26714853505	-1857.800781	-108.800781	2300.500000	119.101562	-294.300781	554.199219	87.892426	40.694996	33.046543	0.058204	4.274838	1.311966	0	0	0	0	0	0
26987388420	-1837.800781	-152.199219	1592.000000	-96.599609	374.101562	284.000000	61.367306	55.717682	28.570356	-0.744871	2.633815	-0.382288	0	0	0	0	0	0
27326759821	-668.400391	-320.199219	-202.900391	-465.199219	923.398438	-398.599609	-8.278342	36.702179	8.057117	-0.990517	-0.493029	-3.857682	0	0	0	0	0	0
27623686235	1148.300781	204.101562	-1699.900391	59.000000	409.199219	-254.300781	-57.403736	-30.155104	-24.544323	-0.980709	-3.824811	0.151793	0	0	0	0	0	0
28017271646	2069.398438	360.500000	-1882.599609	263.800781	-127.699219	-220.599609	-64.721748	-67.311409	14.332553	-0.775552	-4.106364	0.987306	0	0	0	0	0	0
28419105929	583.398438	-330.800781	-480.199219	-384.900391	579.398438	-522.099609	-14.599121	-13.027967	117.912231	-1.435406	-2.802542	-3.974428	0	0	0	0	0	0
28826909928	323.898438	118.199219	-301.099609	136.699219	-253.599609	75.699219	-0.382248	-20.684072	-43.274078	-0.036355	-1.158808	1.245276	0	0	0	0	0	0
29240854517	200.601562	63.101562	-355.199219	123.000000	-520.099609	84.101562	6.145431	-21.039827	-121.158707	0.459749	-1.525144	1.026850	0	0	0	0	0	0
29665504760	145.300781	-103.500000	32.199219	-72.500000	-344.000000	-80.300781	3.874540	-13.243393	-29.597992	0.938463	0.643833	-0.701170	0	0	0	0	0	0
30092318663	1014.101562	-15.300781	-249.099609	84.898438	-813.699219	-65.500000	-1.768501	-58.035511	-8.399116	-0.057448	-1.150438	0.379069	0	0	0	0	0	0
30506628012	1801.398438	188.000000	-494.000000	342.699219	-1362.599609	56.101562	-6.554722	-97.506317	-12.268732	-0.451782	-2.302811	2.281747	0	0	0	0	0	0
30937146542	1865.000000	327.398438	-617.599609	467.101562	-1335.000000	153.300781	-12.291917	-98.012428	-14.453778	-0.379936	-2.245068	3.390063	0	0	0	0	0	0
31335039342	1920.500000	324.199219	-591.099609	469.101562	-1413.500000	148.898438	-11.027629	-102.583138	-14.178071	-0.372689	-2.290438	3.392268	0	0	0	0	0	0
31770935621	2153.601562	417.300781	-630.000000	559.398438	-1608.000000	219.000000	-13.772534	-114.902939	-14.838822	-0.197734	-2.357733	4.296218	0	0	0	0	0	0
32181218967	383.000000	14.000000	11.101562	66.000000	-409.400391	13.300781	3.810390	-24.417933	-3.612984	0.141612	0.163156	0.304081	0	0	0	0	0	0
32586145125	-834.599609	-29.099609	395.199219	-70.000000	474.000000	54.601562	15.469220	30.278996	7.719023	-0.640796	1.092860	-0.425364	0	0	0	0	0	0
33001393443	-1441.500000	-165.699219	645.300781	-275.199219	828.500000	-35.800781	23.427504	58.507530	11.953170	-0.574562	1.694119	-1.795289	0	0	0	0	0	0
33411452204	-1347.400391	-40.699219	1013.101562	-39.599609	423.300781	220.601562	38.229290	41.642902	18.535023	-0.625715	2.048954	0.236073	0	0	0	0	0	0
33874056518	734.500000	1084.398438	189.101562	1177.398438	-1059.199219	1141.300781	11.817583	-51.823193	-10.399442	0.449065	0.291781	10.977824	0	0	0	0	0	0
34192971942	893.398438	1511.500000	234.601562	1623.398438	-1320.099609	1587.300781	15.091873	-61.818325	-14.856409	0.303631	-0.067492	14.942782	0	0	0	0	0	0
34502816210	1124.898438	1557.898438	-94.199219	1630.398438	-1273.300781	1514.199219	3.137779	-64.472832	-26.751205	0.295699	-0.739166	14.521525	0	0	0	0	0	0
34879099431	-3.800781	-551.699219	548.699219	-438.599609	-577.599609	-392.800781	12.803588	-5.449697	-11.046548	1.849619	2.629204	-4.413258	0	0	0	0	0	0
35192382002	-262.000000	-918.599609	726.500000	-788.800781	-434.099609	-702.699219	17.278492	5.666830	-5.555455	1.906202	3.246564	-7.588379	0	0	0	0	0	0
35478650638	360.500000	-434.400391	271.000000	-331.800781	-706.199219	-358.500000	2.129579	-18.973793	-16.513422	2.227154	2.208849	-3.288370	0	0	0	0	0	0
35901579112	2325.199219	498.300781	-671.000000	639.199219	-1841.800781	248.000000	-25.299881	-110.937981	-28.622049	1.495478	-1.158766	4.536547	0	0	0	0	0	0
36313300363	3051.800781	761.000000	-1003.300781	905.699219	-2212.099609	381.898438	-34.980049	-145.642838	-22.426561	0.908320	-2.675452	6.516125	0	0	0	0	0	0
36621155664	3368.101562	931.398438	-1150.599609	1066.800781	-2393.400391	464.500000	-40.598000	-159.245605	-25.054901	1.024215	-3.016510	7.577849	0	0	0	0	0	0
37020049214	3021.500000	803.898438	-988.000000	951.000000	-2211.400391	425.800781	-34.037384	-144.550934	-26.893465	0.937497	-2.638903	6.770098	0	0	0	0	0	0
37529773473	2746.000000	758.000000	-968.000000	879.800781	-1936.699219	408.300781	-32.721859	-127.792885	-23.471292	0.832927	-2.540188	6.050821	0	0	0	0	0	0
38010517835	-1328.800781	-175.199219	642.800781	-256.500000	716.300781	-32.500000	21.164465	61.436703	6.644999	0.424640	1.743619	-1.910674	0	0	0	0	0	0
38434493036	-1706.300781	-155.099609	740.398438	-324.300781	991.000000	-17.099609	23.678137	79.690254	9.929860	0.354683	2.118779	-2.012248	0	0	0	0	0	0
38871154301	-1725.500000	-114.900391	761.199219	-287.900391	1006.101562	32.398438	22.862579	79.578873	10.797996	0.041376	2.324655	-1.654241	0	0	0	0	0	0
39357206129	-1750.400391	-147.099609	729.800781	-330.900391	1040.601562	-17.699219	22.009884	81.458534	10.231677	0.118234	2.264955	-2.005832	0	0	0	0	0	0
39917236143	-1756.400391	-182.699219	770.601562	-365.500000	1022.398438	-46.699219	23.478388	81.674812	10.845829	0.217668	2.321468	-2.280260	0	0	0	0	0	0
40274545211	-1775.500000	-199.699219	751.800781	-390.000000	1051.300781	-63.000000	22.805065	83.263321	11.178851	0.267500	2.349910	-2.481187	0	0	0	0	0	0
40628650920	-1487.599609	-46.500000	680.699219	-172.900391	818.800781	87.199219	21.987185	65.160965	7.569846	-0.018395	1.803756	-0.593818	0	0	0	0	0	0
40988423139	90.898438	1018.398438	10.000000	1023.199219	-251.900391	1035.398438	6.357432	-13.497506	-15.571550	-0.634111	-0.647925	9.641690	0	0	0	0	0	0
41323228520	879.601562	1525.898438	-321.199219	1551.300781	-814.199219	1453.398438	-4.646302	-50.713528	-26.597466	-0.487325	-1.435350	14.247690	0	0	0	0	0	0
41657793434	1255.300781	1793.199219	-569.800781	1828.300781	-998.099609	1652.000000	-12.216189	-67.640152	-35.253300	-0.704304	-2.135453	16.568161	0	0	0	0	0	0
41986181359	837.300781	979.398438	-319.099609	1009.601562	-742.000000	895.000000	-5.810502	-41.599503	-28.551283	0.085325	-0.999204	8.234437	0	0	0	0	0	0
42444542354	-110.199219	-664.099609	286.199219	-604.099609	-189.199219	-578.800781	5.784261	6.121813	-10.200418	1.463061	1.489413	-5.982369	0	0	0	0	0	0
42881982386	1136.898438	-243.300781	-111.599609	-105.900391	-1060.300781	-263.900391	-6.414670	-57.842003	-9.762710	1.120246	-0.051000	-1.460642	0	0	0	0	0	0
43345597271	2730.800781	529.000000	-787.400391	689.500000	-2047.400391	249.398438	-26.799015	-131.721771	-19.828140	0.901810	-2.252298	5.009186	0	0	0	0	0	0
43746299289	3062.898438	760.101562	-986.300781	917.601562	-2251.099609	408.199219	-33.051117	-146.144989	-26.110966	0.910944	-2.735816	6.973543	0	0	0	0	0	0
44186339772	2876.601562	783.699219	-910.500000	950.199219	-2130.800781	466.601562	-29.480968	-139.647293	-26.659801	0.664651	-2.718367	7.143198	0	0	0	0	0	0
44636683308	2881.800781	815.300781	-985.599609	965.800781	-2068.599609	481.398438	-31.769924	-138.803894	-26.273443	0.552690	-2.918872	7.360553	0	0	0	0	0	0
45004015854	3275.800781	961.000000	-1196.300781	1096.398438	-2278.199219	529.199219	-41.586727	-153.214432	-29.203560	0.830067	-2.997650	8.440137	0	0	0	0	0	0
45388072638	-641.599609	-46.800781	250.898438	-89.900391	346.500000	9.898438	7.839720	32.725327	-7.452109	0.487737	1.005706	-0.803884	0	0	0	0	0	0
45784982496	-1640.699219	-131.000000	611.800781	-311.599609	1013.699219	-25.000000	18.101503	77.984680	3.152085	0.178088	2.058545	-1.951137	0	0	0	0	0	0
46192316223	-1213.300781	-533.199219	640.199219	-596.099609	651.398438	-384.500000	17.291748	54.750229	11.034717	0.352158	2.129637	-5.139384	0	0	0	0	0	0
46626429978	-1334.199219	-595.099609	594.601562	-702.599609	830.000000	-481.199219	16.775707	63.897182	11.465447	0.333095	1.757390	-5.839275	0	0	0	0	0	0
47034011199	-1318.300781	-595.099609	552.500000	-699.400391	839.800781	-484.000000	15.609510	64.069511	10.264565	0.380811	1.738832	-5.878722	0	0	0	0	0	0
47436709110	-1296.800781	-589.400391	519.101562	-691.000000	836.199219	-484.599609	14.230764	63.374638	10.484737	0.305161	1.762857	-5.901398	0	0	0	0	0	0
47839284915	-1032.199219	-489.800781	435.300781	-553.099609	637.000000	-386.000000	14.131878	48.690910	4.919384	0.229823	1.067584	-4.569947	0	0	0	0	0	0
48250156022	7.699219	-8.800781	1.699219	6.300781	-2.400391	4.398438	0.177928	-0.090467	1.036589	-0.016738	-0.016256	-0.017227	0	0	0	0	0	0
48651904145	7.500000	-2.099609	4.199219	10.500000	-3.800781	2.800781	0.199803	-0.141760	1.125692	-0.019041	-0.013919	-0.012102	0	0	0	0	0	0
49056531320	-3.599609	-5.099609	4.199219	7.500000	2.699219	0.601562	0.398587	-0.075412	1.479508	-0.024563	-0.005545	-0.012159	0	0	0	0	0	0
49460884717	1.398438	-6.400391	3.601562	7.699219	-8.800781	-0.300781	0.209657	-0.099608	1.167603	-0.020747	-0.016531	-0.012474	0	0	0	0	0	0
49880343607	-2.900391	-6.300781	1.800781	2.101562	-4.800781	1.000000	0.167468	-0.250263	0.906025	-0.026382	-0.022276	-0.007848	0	0	0	0	0	0
50280123800	6.300781	-3.500000	4.398438	10.000000	-8.599609	1.300781	0.378178	-0.164915	1.090523	-0.020691	-0.018029	-0.010742	0	0	0	0	0	0
50601466066	3.199219	-5.900391	-2.000000	6.398438	-2.699219	1.398438	0.338233	-0.101585	1.050481	-0.022847	-0.018440	-0.012787	0	0	0	0	0	0
50885216540	-3.400391	-2.199219	10.199219	11.898438	-11.599609	1.601562	0.323726	-0.111223	0.171272	-0.026125	-0.018558	-0.003308	0	0	0	0	0	0
