2882718	4.300781	2.500000	-2.800781	6.199219	3.398438	11.500000	0.059951	0.093815	1.270604	0.000573	0.003708	-0.011043	0	0	0	0	0	0
113497329	0.898438	1.300781	-1.000000	-0.800781	1.800781	-2.500000	0.140641	-0.039430	0.777133	-0.002414	-0.002893	-0.003916	0	0	0	0	0	0
217908817	-1.599609	-2.400391	4.601562	0.898438	3.500000	7.000000	0.136818	0.066312	1.505605	0.001642	0.005276	-0.010023	0	0	0	0	0	0
366433218	-4.000000	2.500000	-1.300781	4.898438	3.199219	1.699219	0.006438	-0.031229	2.159391	-0.002256	0.004365	-0.016708	0	0	0	0	0	0
518210596	3.000000	-1.300781	3.398438	5.300781	10.300781	-0.400391	-0.058659	0.003226	1.429199	0.000053	0.005227	-0.009494	0	0	0	0	0	0
656576022	7.898438	4.199219	5.300781	6.800781	-0.500000	5.601562	0.049964	0.135406	0.774551	-0.001059	0.004199	-0.005695	0	0	0	0	0	0
795707742	0.300781	5.000000	6.101562	2.300781	0.500000	1.000000	0.024812	-0.013337	0.231948	-0.003394	0.000934	-0.002255	0	0	0	0	0	0
932576644	-2.500000	-5.300781	3.898438	0.601562	-3.599609	-2.300781	-0.004109	-0.044799	1.159000	-0.004322	-0.002258	-0.009570	0	0	0	0	0	0
1069830458	-0.599609	-3.699219	-1.699219	1.000000	-1.500000	-3.699219	-0.033040	0.013047	1.347357	0.001415	0.005794	-0.010458	0	0	0	0	0	0
1207385362	5.601562	0.300781	-3.099609	-4.300781	1.101562	-2.400391	0.163919	0.050536	1.661211	0.002155	0.004689	-0.010312	0	0	0	0	0	0
1347685910	-5.000000	-2.900391	-5.800781	0.000000	4.000000	-1.000000	0.015570	0.087968	1.544995	-0.000807	-0.001825	-0.012824	0	0	0	0	0	0
1487327125	2.601562	-4.599609	0.300781	2.300781	1.101562	-2.599609	0.217134	-0.002061	1.544353	-0.002187	0.004434	-0.010538	0	0	0	0	0	0
1649568913	0.601562	-4.099609	-1.699219	5.398438	4.101562	-6.099609	0.062969	0.146406	1.309060	0.000296	0.005483	-0.011778	0	0	0	0	0	0
1847610509	-1.699219	-4.000000	-1.500000	1.699219	-0.400391	2.601562	0.060348	-0.116709	1.231075	-0.004230	-0.002301	-0.011301	0	0	0	0	0	0
2026599788	4.601562	1.300781	2.101562	2.800781	3.500000	1.898438	0.010463	-0.049126	2.319001	-0.004311	0.008295	-0.015215	0	0	0	0	0	0
2187556234	-0.400391	-5.099609	-2.699219	-3.300781	3.300781	2.199219	-0.006535	0.064062	1.428517	-0.003483	0.007088	-0.011152	0	0	0	0	0	0
2340131864	0.398438	3.601562	2.000000	-0.400391	3.300781	4.199219	0.017755	-0.001618	1.116091	-0.002075	-0.002058	-0.010886	0	0	0	0	0	0
2505010217	7.398438	-0.300781	1.800781	4.699219	4.199219	9.000000	-0.057672	0.068422	2.155593	0.000442	0.003678	-0.019101	0	0	0	0	0	0
2670465981	1.300781	-0.400391	0.199219	2.898438	-1.699219	-5.300781	-0.041186	-0.056021	0.917023	-0.001104	-0.003028	-0.011532	0	0	0	0	0	0
2867242659	-0.099609	4.500000	-1.400391	-0.599609	1.300781	5.398438	0.021925	0.037842	1.777112	-0.001794	0.001375	-0.013389	0	0	0	0	0	0
3056674206	1.199219	2.199219	6.000000	1.398438	-1.300781	-3.599609	0.026115	0.141428	0.812045	-0.001637	0.006182	-0.006430	0	0	0	0	0	0
3214802673	-2.699219	2.500000	9.898438	7.000000	3.800781	-6.500000	0.070698	0.001915	0.303443	-0.000036	0.003117	-0.003887	0	0	0	0	0	0
3368818054	-1.500000	-4.199219	0.800781	3.000000	1.898438	-4.400391	0.161736	-0.003241	1.258961	0.000460	0.004199	-0.014615	0	0	0	0	0	0
3531258776	-0.500000	-3.199219	3.000000	-0.800781	3.800781	-5.199219	-0.035231	0.113643	1.233637	-0.002521	0.000426	-0.012239	0	0	0	0	0	0
3716601108	-4.900391	1.101562	3.898438	-0.099609	0.898438	0.898438	-0.004510	-0.046571	0.698053	-0.002929	0.004297	-0.003327	0	0	0	0	0	0
3901108489	3.199219	1.300781	1.398438	3.800781	2.398438	2.101562	-0.036771	0.013918	1.430258	-0.003202	0.001863	-0.010796	0	0	0	0	0	0
4039734904	-1.099609	-0.199219	1.699219	0.199219	1.500000	-0.300781	0.006351	-0.226537	1.370478	0.023447	0.013734	0.011594	0	0	0	0	0	0
4218404094	-2.400391	3.699219	1.898438	1.398438	7.101562	-1.900391	-0.128848	0.034127	1.149449	-0.000368	0.001841	-0.013122	0	0	0	0	0	0
4405016875	8.601562	8.898438	3.000000	7.800781	-1.900391	3.601562	-0.180235	-0.133627	2.514015	0.035547	0.024671	0.035620	0	0	0	0	0	0
4573419265	46.601562	-16.000000	-28.800781	-9.300781	-24.000000	-29.099609	-0.986864	-1.679739	-1.087749	0.096206	-0.017082	-0.228704	0	0	0	0	0	0
4721671151	-104.800781	-186.800781	-19.199219	-217.300781	162.898438	-201.300781	-4.182489	9.907076	5.177630	0.354752	0.456084	-1.956063	0	0	0	0	0	0
4904547147	-368.900391	-240.500000	157.500000	-291.699219	273.500000	-226.000000	0.572469	21.572653	11.927487	0.558048	1.079110	-2.489442	0	0	0	0	0	0
5094732648	-444.900391	-183.900391	557.000000	-176.900391	-15.800781	-84.000000	11.099407	20.047655	14.136948	1.485838	2.494032	-1.363846	0	0	0	0	0	0
5247956428	42.500000	-2.500000	538.699219	60.601562	-601.300781	101.199219	7.936074	-3.673150	-4.272441	2.918640	3.161731	0.611900	0	0	0	0	0	0
5407319433	670.199219	255.199219	-177.800781	319.898438	-691.699219	201.101562	-12.201937	-25.542995	-33.986172	2.528163	1.239930	2.612268	0	0	0	0	0	0
5581017910	977.398438	395.898438	-762.400391	412.101562	-525.099609	206.000000	-29.033237	-33.899872	-52.619926	1.639295	-0.530900	3.231508	0	0	0	0	0	0
5752019107	761.199219	263.101562	-849.599609	248.101562	-197.800781	61.500000	-29.700756	-21.404612	-49.014153	0.933631	-1.067787	1.710066	0	0	0	0	0	0
5909400260	162.500000	-44.000000	-469.800781	-85.300781	129.000000	-134.800781	-14.748638	1.417676	-31.741629	0.328103	-0.808802	-0.897687	0	0	0	0	0	0
6069330487	-199.599609	-223.599609	-125.599609	-270.500000	235.398438	-243.400391	-2.425269	14.511357	-16.949385	0.272635	-0.275107	-2.398318	0	0	0	0	0	0
6212719650	-421.800781	-294.699219	135.101562	-328.400391	272.000000	-253.900391	4.893222	22.877703	-4.507999	0.485248	0.436518	-2.844632	0	0	0	0	0	0
6396645329	-600.000000	-284.599609	497.000000	-298.199219	191.000000	-169.800781	13.763234	27.101532	12.208472	0.857080	1.513989	-2.380578	0	0	0	0	0	0
6560724364	-499.699219	-169.400391	675.898438	-145.800781	-70.599609	-15.300781	17.093620	20.891983	18.451229	1.758741	2.449514	-1.031943	0	0	0	0	0	0
6735519795	-144.800781	-122.000000	645.000000	-48.300781	-416.000000	30.398438	15.277005	3.983631	12.086905	2.319999	2.571970	-0.347002	0	0	0	0	0	0
6865162500	321.101562	-10.000000	308.699219	76.800781	-601.599609	62.300781	3.263683	-14.437687	3.210130	2.374405	1.881407	0.608673	0	0	0	0	0	0
6994076044	783.898438	167.898438	-106.900391	248.699219	-741.400391	124.000000	-8.723084	-32.721161	-10.861777	2.111432	0.770709	1.929351	0	0	0	0	0	0
7166725841	1044.398438	285.398438	-511.099609	351.601562	-661.699219	163.898438	-19.494844	-40.965332	-21.505428	1.441897	-0.511039	2.604739	0	0	0	0	0	0
7343914731	776.398438	166.101562	-450.300781	211.898438	-444.199219	60.101562	-14.851408	-29.180943	-20.710678	0.981219	-0.602058	1.370745	0	0	0	0	0	0
7518662410	248.800781	26.601562	223.101562	105.800781	-479.099609	86.898438	7.072104	-15.027435	-1.870345	1.074028	0.861070	0.714769	0	0	0	0	0	0
7660302780	-103.599609	-90.099609	609.898438	11.601562	-443.900391	78.699219	20.329266	-3.405974	8.850241	1.123819	1.634219	-0.068492	0	0	0	0	0	0
7814158658	-477.400391	-155.300781	781.199219	-75.699219	-223.599609	55.699219	26.168844	11.652281	12.366847	0.853965	1.824554	-0.588256	0	0	0	0	0	0
7986788837	-580.400391	-92.900391	592.000000	-53.500000	63.199219	72.101562	20.792370	19.357920	15.191440	0.151649	1.046728	-0.315160	0	0	0	0	0	0
8134845238	-362.400391	35.101562	153.300781	16.898438	238.601562	82.000000	7.740594	13.929218	6.475021	-0.569204	-0.322595	0.390302	0	0	0	0	0	0
8310490127	-125.000000	126.300781	-309.900391	63.398438	426.101562	62.800781	-8.262096	9.837582	0.701707	-1.058288	-1.305476	0.801383	0	0	0	0	0	0
8474536375	240.101562	290.601562	-790.699219	185.300781	488.601562	105.601562	-24.685677	-1.108527	-10.663626	-1.473879	-2.362246	1.872272	0	0	0	0	0	0
8655824746	631.699219	384.601562	-1065.000000	296.699219	325.300781	130.199219	-34.323586	-15.870513	-18.144596	-1.312992	-2.730561	2.619307	0	0	0	0	0	0
8841340771	943.300781	452.898438	-1147.699219	394.000000	74.199219	171.300781	-37.951694	-30.226915	-20.074606	-0.937571	-2.654478	3.249073	0	0	0	0	0	0
9013216609	926.898438	356.300781	-771.800781	375.500000	-253.400391	165.800781	-25.211906	-35.546577	-13.821487	-0.294970	-1.696016	2.835025	0	0	0	0	0	0
9152499723	833.601562	224.898438	-401.500000	297.000000	-466.000000	133.000000	-12.106197	-35.338078	-4.472802	0.241328	-0.766386	2.015094	0	0	0	0	0	0
9324531712	878.601562	174.300781	-262.000000	277.500000	-625.500000	129.398438	-7.596963	-41.333492	-1.153853	0.389810	-0.767496	1.882783	0	0	0	0	0	0
9476859833	913.199219	162.398438	-172.199219	281.500000	-719.099609	115.500000	-4.838744	-43.021442	1.195941	0.595013	-0.462789	1.757790	0	0	0	0	0	0
9645828446	196.199219	-58.000000	452.398438	56.500000	-562.099609	66.601562	13.991704	-15.469635	14.748867	1.123097	1.258958	0.164168	0	0	0	0	0	0
9797711416	-157.599609	-139.699219	781.101562	-6.900391	-513.300781	73.199219	24.930620	-3.415479	17.345200	1.252634	2.108208	-0.277092	0	0	0	0	0	0
9949801678	-353.199219	-195.699219	871.500000	-72.599609	-409.900391	36.898438	28.223301	4.478273	17.760416	1.138545	2.134894	-0.751164	0	0	0	0	0	0
10119105379	-346.699219	-203.500000	670.898438	-119.699219	-212.400391	-32.900391	21.065683	7.351694	16.831907	0.733979	1.541527	-1.209078	0	0	0	0	0	0
10294214997	-80.300781	-79.900391	302.199219	-37.199219	-84.900391	-12.800781	7.418192	1.738780	24.870413	0.398593	0.746411	-0.338412	0	0	0	0	0	0
10453150130	353.500000	76.601562	-32.099609	94.199219	-126.599609	36.000000	-6.168415	-9.978719	36.626305	0.777999	0.171411	0.755235	0	0	0	0	0	0
10620186562	543.398438	110.199219	-214.500000	118.898438	-121.199219	31.800781	-11.952441	-16.218197	35.244247	0.581273	-0.296990	0.897554	0	0	0	0	0	0
10805271285	851.699219	278.101562	-633.099609	282.000000	-184.099609	106.898438	-24.254629	-29.355238	6.515496	0.106663	-1.218454	2.115505	0	0	0	0	0	0
10955139043	844.101562	230.699219	-813.099609	223.898438	-110.300781	21.800781	-28.980953	-28.209524	-15.099269	-0.197478	-1.490358	1.538818	0	0	0	0	0	0
11112875835	616.699219	70.398438	-697.099609	55.000000	-36.400391	-97.300781	-25.656809	-18.351591	-19.912018	0.049442	-1.033062	0.105582	0	0	0	0	0	0
11272854754	415.898438	-42.500000	-603.900391	-74.599609	83.898438	-196.699219	-22.149996	-9.891119	-19.252083	-0.113981	-0.937680	-0.931082	0	0	0	0	0	0
11462818528	28.199219	-176.599609	-360.099609	-227.199219	287.300781	-253.500000	-13.152008	6.628428	-10.265064	-0.197555	-0.622768	-2.169169	0	0	0	0	0	0
11652448043	-264.300781	-303.000000	-55.400391	-347.800781	339.000000	-315.199219	-2.745851	17.535275	1.225518	-0.041779	-0.015463	-3.080175	0	0	0	0	0	0
11802875322	-387.199219	-241.199219	245.500000	-253.500000	225.800781	-184.099609	5.981330	18.863853	11.308578	0.296769	0.718738	-2.135775	0	0	0	0	0	0
11968350228	-156.099609	-104.599609	209.800781	-109.500000	34.500000	-73.199219	2.713226	8.877537	16.780954	0.753509	0.912159	-0.854189	0	0	0	0	0	0
12134074110	210.800781	-23.800781	119.500000	-4.699219	-205.099609	-30.699219	-3.562756	-4.088309	24.487862	1.575505	1.202380	-0.072501	0	0	0	0	0	0
12317059757	489.500000	-19.599609	8.699219	15.199219	-372.800781	-52.599609	-8.554875	-15.756762	17.808447	1.766175	1.110428	-0.009042	0	0	0	0	0	0
12457975916	792.898438	73.601562	-237.599609	121.500000	-500.500000	-13.900391	-16.089476	-28.280228	8.665285	1.637557	0.572868	0.776253	0	0	0	0	0	0
12639225376	1016.699219	192.800781	-471.599609	249.398438	-542.199219	43.699219	-22.445040	-38.472057	-0.288389	1.224887	-0.090375	1.713467	0	0	0	0	0	0
12833645260	1141.300781	270.398438	-706.900391	310.000000	-501.500000	61.699219	-29.210392	-42.715897	-11.985320	0.820124	-0.712284	2.187589	0	0	0	0	0	0
12980580246	1151.500000	305.101562	-925.099609	316.699219	-323.300781	54.898438	-35.993454	-40.387936	-16.704916	0.532292	-1.161423	2.142374	0	0	0	0	0	0
13148641106	967.300781	208.000000	-1012.800781	179.199219	-74.099609	-52.599609	-37.563927	-29.058935	-20.323246	0.076973	-1.557433	1.019332	0	0	0	0	0	0
13331277603	415.101562	-204.599609	-596.000000	-243.000000	138.000000	-356.400391	-22.986441	-6.026459	-10.770805	0.222285	-0.772612	-2.582648	0	0	0	0	0	0
13485237139	13.898438	-195.000000	75.699219	-180.199219	-72.400391	-180.199219	2.357731	-0.548984	1.963648	0.392828	0.397334	-1.697472	0	0	0	0	0	0
13640428162	-255.300781	-208.000000	600.000000	-118.500000	-287.699219	-39.500000	20.774994	2.722850	7.731981	0.633875	1.375796	-1.162506	0	0	0	0	0	0
13784979816	-454.400391	-215.400391	948.300781	-92.300781	-404.000000	48.398438	32.953732	5.865849	16.078526	0.857937	2.080280	-0.851276	0	0	0	0	0	0
13953992250	-593.599609	-206.699219	1136.800781	-62.900391	-434.000000	99.898438	40.406452	9.164330	18.464388	0.869188	2.336678	-0.555215	0	0	0	0	0	0
14125013874	-652.199219	-236.900391	1202.898438	-83.400391	-434.400391	100.398438	42.970566	10.868443	19.673336	0.862945	2.443973	-0.743867	0	0	0	0	0	0
14290176590	-531.000000	-214.300781	813.601562	-114.400391	-200.000000	14.300781	27.315376	11.136564	14.327298	0.431181	1.666105	-0.973699	0	0	0	0	0	0
14447765533	-186.900391	-99.000000	232.500000	-74.300781	-3.500000	-34.599609	6.430175	6.093473	8.661558	0.248431	0.624304	-0.641110	0	0	0	0	0	0
14633972302	8.398438	-26.500000	6.199219	-12.500000	-24.400391	-22.599609	-0.786578	-0.251488	-1.136283	0.277368	0.244855	-0.087393	0	0	0	0	0	0
14782823265	92.398438	-26.599609	-80.400391	-2.199219	-128.000000	-21.500000	-1.556123	-4.508925	-21.359388	0.311662	-0.027394	-0.083080	0	0	0	0	0	0
14957278531	100.699219	-9.699219	-172.400391	11.601562	-80.900391	-21.599609	-3.747583	-4.844177	-29.903511	0.012356	-0.364200	0.018017	0	0	0	0	0	0
15099697007	101.800781	-35.300781	-200.400391	3.398438	-88.000000	-34.900391	-3.052811	-5.409508	-34.719120	-0.066679	-0.569969	-0.155093	0	0	0	0	0	0
15272258823	38.601562	-24.599609	-161.000000	-2.300781	-32.000000	-28.400391	-1.379834	-2.736893	-26.282053	-0.193860	-0.587043	-0.158336	0	0	0	0	0	0
15459181139	28.898438	-21.099609	-40.099609	-14.300781	13.500000	-22.000000	-0.603547	-1.378642	-0.256030	-0.147555	-0.237469	-0.158261	0	0	0	0	0	0
15631068927	91.101562	-40.199219	52.000000	-24.500000	-39.699219	-42.500000	-0.311375	-2.357684	20.276035	0.306815	0.174689	-0.317098	0	0	0	0	0	0
15779736409	169.300781	59.300781	20.000000	57.300781	40.500000	28.500000	-3.774327	-2.807056	40.611172	0.323436	0.065041	0.445969	0	0	0	0	0	0
15954659076	148.300781	-17.900391	-49.599609	-12.800781	71.398438	-40.400391	-2.038662	-3.166938	27.976557	-0.116828	-0.565153	-0.173874	0	0	0	0	0	0
16103255285	228.601562	59.398438	-51.400391	87.000000	-132.300781	51.500000	-1.696118	-10.027969	7.261997	0.144904	-0.168204	0.672438	0	0	0	0	0	0
16244648729	241.898438	160.800781	-45.599609	196.101562	-203.000000	153.000000	-2.112913	-11.185528	0.100983	0.311733	0.022453	1.675886	0	0	0	0	0	0
16417668850	357.601562	353.898438	-132.099609	383.500000	-249.900391	323.800781	-6.057521	-15.093880	-1.987846	0.456560	0.042552	3.414242	0	0	0	0	0	0
16554794389	471.300781	554.500000	-262.400391	564.699219	-264.900391	480.000000	-10.420793	-20.147606	-5.089931	0.232153	-0.288548	5.171856	0	0	0	0	0	0
16731335658	550.300781	820.300781	-334.900391	823.898438	-301.800781	721.601562	-11.580094	-24.695591	-7.275799	0.036843	-0.545068	7.469632	0	0	0	0	0	0
16878648312	333.300781	671.300781	-138.900391	687.500000	-267.500000	634.199219	-3.627355	-16.546467	-5.517676	0.110420	-0.245955	6.010207	0	0	0	0	0	0
17059314673	85.500000	-2.599609	61.699219	20.500000	-141.300781	13.800781	1.162611	-3.684995	-1.264937	0.567616	0.396854	-0.111251	0	0	0	0	0	0
17202647871	58.398438	-191.099609	87.601562	-164.500000	-125.000000	-171.900391	0.427850	-1.377301	-0.172193	0.760140	0.550969	-1.726155	0	0	0	0	0	0
17373419690	35.101562	-316.400391	126.398438	-284.699219	-137.400391	-286.900391	1.296099	-0.239774	1.064836	0.903361	0.703572	-2.750361	0	0	0	0	0	0
17557665689	41.101562	-378.800781	121.000000	-346.300781	-112.000000	-354.900391	0.476195	0.826394	2.273695	0.993779	0.789845	-3.403572	0	0	0	0	0	0
17743410140	21.500000	-366.400391	149.199219	-318.699219	-120.900391	-317.300781	1.754587	-0.399752	4.319606	0.819866	0.747437	-3.063128	0	0	0	0	0	0
17891334080	241.398438	-154.000000	28.500000	-93.699219	-263.800781	-136.199219	-0.700032	-12.171093	0.501378	0.645051	0.278501	-1.004792	0	0	0	0	0	0
18061685428	716.601562	97.500000	-152.800781	186.101562	-577.900391	58.000000	-6.922850	-33.691437	-2.909825	0.802196	-0.051329	1.232642	0	0	0	0	0	0
18216693304	957.300781	194.699219	-266.000000	295.699219	-721.900391	118.699219	-10.709488	-44.885708	-6.760520	0.846173	-0.282757	2.144558	0	0	0	0	0	0
18352335108	1195.800781	308.800781	-399.000000	418.199219	-841.400391	188.199219	-15.544252	-54.468552	-8.701371	0.827209	-0.558718	3.085076	0	0	0	0	0	0
18522871340	1364.699219	435.300781	-560.500000	541.101562	-858.099609	278.500000	-21.052233	-59.666992	-10.562795	0.730463	-0.849709	4.011237	0	0	0	0	0	0
18666435746	649.398438	173.699219	-113.800781	255.000000	-553.500000	143.398438	-3.601410	-29.973730	-1.453038	0.629147	-0.075158	1.731972	0	0	0	0	0	0
18851314734	38.199219	-55.900391	310.699219	20.398438	-329.699219	35.101562	11.738531	-7.631310	1.359331	0.584592	0.588121	-0.038753	0	0	0	0	0	0
19007142271	-145.000000	-80.000000	493.699219	13.800781	-328.099609	64.000000	19.517105	-2.694781	2.887972	0.507248	0.808697	-0.073658	0	0	0	0	0	0
19178409143	-358.699219	-94.500000	680.398438	0.300781	-295.800781	105.398438	26.596605	3.743870	3.199071	0.430763	1.025233	-0.025658	0	0	0	0	0	0
19315529655	-532.199219	-54.099609	842.398438	54.398438	-287.199219	192.500000	34.141045	8.428811	4.115242	0.299743	1.160442	0.611928	0	0	0	0	0	0
19494321881	-719.599609	-5.400391	914.300781	87.398438	-155.000000	259.300781	35.599506	16.696056	7.237611	0.216750	1.317897	0.946763	0	0	0	0	0	0
19649805911	-554.199219	-29.599609	485.300781	-4.599609	106.800781	105.898438	17.852739	19.271904	7.881849	0.070280	0.794508	0.136895	0	0	0	0	0	0
19830826918	-426.300781	27.500000	14.699219	-50.599609	443.800781	20.000000	-2.026181	23.501339	7.331317	-0.228071	0.080031	-0.010306	0	0	0	0	0	0
19968971096	-201.000000	140.500000	-388.900391	16.699219	577.199219	22.601562	-16.537607	19.474352	2.127641	-0.571612	-0.675116	0.592923	0	0	0	0	0	0
20145785619	98.699219	338.800781	-855.199219	162.800781	712.000000	105.800781	-32.584743	12.108288	-2.249946	-1.041663	-1.665523	1.930378	0	0	0	0	0	0
20328597785	441.699219	457.300781	-1070.500000	294.101562	565.101562	160.601562	-39.894825	-1.503451	-6.455240	-0.948751	-1.967212	2.861729	0	0	0	0	0	0
20522402985	830.398438	510.500000	-1190.099609	395.898438	274.398438	187.199219	-45.402622	-19.983873	-11.142669	-0.562833	-1.987058	3.481460	0	0	0	0	0	0
20689490235	909.101562	438.898438	-972.300781	390.699219	-31.599609	181.699219	-36.744087	-27.640326	-12.259972	-0.146455	-1.494144	3.253248	0	0	0	0	0	0
20853749499	780.699219	368.800781	-584.900391	378.699219	-259.900391	202.898438	-22.052759	-29.148443	-8.846775	0.213899	-0.824578	3.028140	0	0	0	0	0	0
21036191772	537.601562	262.398438	-139.300781	313.101562	-428.500000	216.800781	-4.489354	-25.670485	-5.493733	0.403207	-0.232167	2.514455	0	0	0	0	0	0
21180800953	312.199219	165.199219	177.500000	260.500000	-499.000000	221.101562	7.634047	-20.159641	-0.939772	0.580667	0.286152	1.931903	0	0	0	0	0	0
21355343909	29.101562	51.800781	448.898438	154.300781	-469.300781	174.398438	17.132191	-10.861776	1.191219	0.660406	0.807849	1.180403	0	0	0	0	0	0
21538443497	-118.900391	-12.900391	580.000000	94.398438	-429.599609	157.500000	21.032461	-5.076578	5.790980	0.716304	1.086287	0.744749	0	0	0	0	0	0
21698472520	-349.000000	-38.199219	696.699219	53.601562	-302.300781	155.199219	25.968559	4.088381	7.837700	0.519390	1.267284	0.430714	0	0	0	0	0	0
21847506887	-368.900391	-82.500000	640.101562	-5.800781	-240.000000	92.398438	23.659122	5.922014	7.520862	0.456922	1.183607	-0.038586	0	0	0	0	0	0
22019181473	-26.099609	-35.599609	441.500000	58.300781	-393.500000	96.898438	15.884719	-8.668126	2.485243	0.665349	0.830324	0.509465	0	0	0	0	0	0
22197794283	486.601562	65.601562	198.500000	197.898438	-685.800781	139.101562	7.254092	-30.081327	-2.810255	0.842476	0.414215	1.384484	0	0	0	0	0	0
22382441697	848.500000	218.199219	-44.099609	355.300781	-832.800781	216.500000	-1.447747	-44.777985	-6.000878	0.745760	-0.046841	2.630207	0	0	0	0	0	0
22519983032	1019.898438	304.699219	-152.800781	438.199219	-903.699219	260.300781	-5.091250	-51.538685	-7.192030	0.703998	-0.276344	3.194680	0	0	0	0	0	0
22695944820	635.300781	162.699219	-74.099609	265.000000	-573.400391	153.601562	-1.627360	-31.174408	-3.801641	0.528592	-0.118361	1.785069	0	0	0	0	0	0
22877395434	52.898438	-57.300781	98.898438	-15.500000	-145.699219	-25.099609	2.881225	-3.413028	-0.214184	0.401816	0.301730	-0.377005	0	0	0	0	0	0
23037188794	-193.500000	-44.699219	120.699219	-50.500000	74.101562	-16.199219	2.491054	9.573190	1.511650	0.351044	0.510803	-0.444811	0	0	0	0	0	0
23174647323	-298.699219	-52.199219	152.199219	-64.599609	160.398438	-15.000000	2.800739	15.049715	2.188865	0.365760	0.639431	-0.511801	0	0	0	0	0	0
23357352535	-416.400391	-59.000000	200.601562	-94.099609	243.601562	-16.500000	4.080820	20.937723	4.524851	0.389676	0.766993	-0.590770	0	0	0	0	0	0
23522622039	-467.800781	-68.199219	230.300781	-118.099609	272.500000	-19.099609	4.781953	23.396511	6.155478	0.437869	0.847466	-0.752264	0	0	0	0	0	0
23710254113	-551.900391	-76.400391	257.601562	-132.699219	341.300781	-25.500000	5.562550	28.022024	8.487993	0.446998	0.931192	-0.849706	0	0	0	0	0	0
23856020109	-575.500000	-96.900391	332.398438	-138.900391	303.000000	-24.500000	8.336951	27.855780	9.306272	0.536956	1.067029	-0.924682	0	0	0	0	0	0
24013044547	-651.900391	-87.699219	542.800781	-101.400391	183.000000	32.300781	16.317749	27.174955	15.021708	0.685095	1.447205	-0.564529	0	0	0	0	0	0
24192028760	-496.500000	-185.099609	643.500000	-154.599609	-63.400391	-37.599609	18.643724	18.642504	13.165153	1.290494	1.918635	-1.283819	0	0	0	0	0	0
24343674540	-268.400391	-389.500000	526.898438	-332.199219	-178.699219	-257.300781	12.743041	10.547769	9.971374	1.641729	1.914795	-3.102127	0	0	0	0	0	0
24511977742	-135.500000	-543.599609	422.101562	-484.900391	-197.599609	-446.000000	8.793664	7.130645	9.439756	1.746178	1.782383	-4.591712	0	0	0	0	0	0
24661602379	-117.199219	-614.599609	395.500000	-561.000000	-175.400391	-517.300781	7.311496	6.858275	10.436368	1.713429	1.736065	-5.181604	0	0	0	0	0	0
24832749691	-33.800781	-654.099609	328.101562	-591.400391	-195.800781	-577.000000	5.131095	3.620092	10.264502	1.668842	1.562602	-5.500462	0	0	0	0	0	0
25015103792	125.000000	-118.800781	163.000000	-63.400391	-267.599609	-80.500000	2.860311	-6.977591	0.511000	0.859020	0.718666	-0.583102	0	0	0	0	0	0
25187118724	200.898438	166.699219	6.699219	207.000000	-241.800781	179.500000	0.277750	-10.780405	-3.951886	0.323298	0.092976	1.883983	0	0	0	0	0	0
25323410729	256.398438	271.398438	-40.900391	308.300781	-268.900391	267.000000	-0.720188	-13.867897	-6.020956	0.268573	-0.023715	2.754878	0	0	0	0	0	0
25505009221	295.199219	371.601562	-93.199219	405.398438	-272.699219	358.199219	-1.842221	-15.875847	-7.160702	0.115641	-0.233681	3.591125	0	0	0	0	0	0
25665638056	323.300781	408.300781	-114.699219	455.000000	-278.599609	396.199219	-1.972580	-17.570528	-7.953629	-0.007388	-0.386252	4.009057	0	0	0	0	0	0
25838874502	330.101562	442.101562	-140.099609	481.398438	-272.000000	419.800781	-2.455832	-17.809546	-9.385061	-0.077287	-0.461024	4.243894	0	0	0	0	0	0
25976386588	331.199219	480.601562	-144.599609	510.199219	-254.500000	456.699219	-2.726856	-17.951004	-10.793055	-0.156385	-0.551016	4.552425	0	0	0	0	0	0
26151407382	355.800781	514.699219	-189.800781	547.199219	-258.300781	471.898438	-3.692907	-19.158504	-11.392381	-0.224815	-0.649374	4.849191	0	0	0	0	0	0
26326263610	375.500000	564.800781	-222.599609	594.101562	-252.199219	520.199219	-4.746303	-19.326599	-10.411154	-0.244742	-0.676640	5.306597	0	0	0	0	0	0
26506991552	394.398438	647.699219	-259.900391	661.800781	-251.900391	589.000000	-5.438092	-20.858004	-12.188404	-0.391439	-0.832532	5.989936	0	0	0	0	0	0
26663935056	334.398438	609.101562	-180.800781	639.898438	-244.699219	584.398438	-3.103697	-18.363821	-9.513346	-0.324421	-0.677770	5.707857	0	0	0	0	0	0
26801680384	84.199219	493.101562	72.898438	525.500000	-205.400391	523.601562	5.730141	-8.575373	-3.489950	-0.153773	-0.127798	4.672027	0	0	0	0	0	0
26979925869	-149.500000	179.800781	276.699219	199.699219	-95.000000	250.699219	8.639347	2.986509	9.165952	0.364255	0.618917	1.879355	0	0	0	0	0	0
27148343931	-6.300781	125.699219	182.398438	148.199219	-110.199219	157.398438	3.173140	-0.400615	14.044428	0.569305	0.651867	1.335419	0	0	0	0	0	0
27323027988	100.800781	85.699219	-8.300781	78.699219	19.199219	69.601562	-2.842652	-1.861171	22.134916	0.264989	0.052964	0.700530	0	0	0	0	0	0
27460569618	188.500000	87.000000	-12.300781	81.699219	-8.300781	56.398438	-5.711630	-3.946130	30.216476	0.490460	0.348917	0.671255	0	0	0	0	0	0
27632319837	249.800781	64.500000	42.000000	68.398438	-60.500000	15.101562	-7.919519	-6.045079	40.699657	0.629192	0.966201	0.455865	0	0	0	0	0	0
27797692074	151.601562	39.199219	51.800781	36.601562	-28.000000	13.398438	-5.294532	-3.251053	29.054968	0.467877	0.829905	0.235268	0	0	0	0	0	0
27963221084	17.101562	-27.199219	132.199219	-12.199219	-55.500000	-8.099609	0.409701	1.371375	18.268892	0.717615	0.699394	-0.214147	0	0	0	0	0	0
28110863497	51.500000	-12.099609	106.800781	10.398438	-98.900391	5.300781	-0.031990	-0.011773	9.559363	0.816756	0.700145	0.010164	0	0	0	0	0	0
28285619676	15.898438	-75.500000	156.101562	-43.500000	-140.500000	-36.099609	1.779450	0.273840	6.707639	0.968689	0.874145	-0.630034	0	0	0	0	0	0
28443860078	164.398438	-131.099609	54.000000	-99.500000	-192.599609	-123.500000	-2.084037	-5.109468	3.476656	0.997495	0.687172	-1.149875	0	0	0	0	0	0
28621031266	165.800781	-284.599609	102.601562	-233.599609	-226.300781	-254.000000	-0.023122	-5.915735	2.829777	1.052474	0.766342	-2.450472	0	0	0	0	0	0
28761192024	151.300781	-352.800781	114.601562	-291.900391	-222.599609	-320.400391	0.588508	-5.568392	2.582441	1.030810	0.778869	-3.037847	0	0	0	0	0	0
28940192896	126.300781	-418.900391	168.199219	-351.699219	-235.000000	-363.199219	2.301780	-4.738890	4.313423	1.103516	0.853642	-3.542868	0	0	0	0	0	0
29120940842	99.500000	-467.300781	197.898438	-401.900391	-223.099609	-414.500000	3.094332	-3.438979	5.518035	1.125969	0.928808	-4.027828	0	0	0	0	0	0
29282938895	120.500000	-440.599609	152.898438	-378.199219	-215.000000	-393.900391	1.345504	-4.577681	5.087331	1.023614	0.854568	-3.700778	0	0	0	0	0	0
29438689724	216.601562	-318.599609	55.699219	-257.099609	-231.800781	-298.199219	-0.771193	-9.316002	1.611779	0.781097	0.469189	-2.575183	0	0	0	0	0	0
29622479960	576.500000	-98.199219	-88.599609	5.898438	-497.000000	-99.099609	-4.048300	-27.421593	-4.852786	0.678730	-0.044436	-0.399159	0	0	0	0	0	0
29780937793	808.898438	46.101562	-155.300781	157.199219	-683.099609	7.398438	-6.638673	-39.218967	-7.567894	0.776101	-0.109341	0.886792	0	0	0	0	0	0
29934333016	1010.300781	132.500000	-253.400391	259.898438	-797.300781	65.800781	-9.627251	-47.989742	-10.017226	0.797956	-0.320355	1.641066	0	0	0	0	0	0
30086269949	1122.300781	207.601562	-314.400391	330.000000	-862.400391	122.398438	-11.461242	-52.958206	-9.856304	0.784099	-0.447749	2.261216	0	0	0	0	0	0
30237712918	1196.898438	244.500000	-344.099609	374.699219	-910.900391	149.300781	-12.417224	-56.670300	-10.317610	0.756569	-0.561524	2.625572	0	0	0	0	0	0
30406445256	1328.500000	328.800781	-402.400391	455.500000	-986.000000	208.601562	-14.587156	-61.731552	-9.606289	0.877790	-0.647488	3.280556	0	0	0	0	0	0
30579935561	749.101562	196.398438	-74.000000	313.000000	-702.699219	180.601562	-1.791011	-36.713352	-4.002417	0.739003	-0.062848	2.191417	0	0	0	0	0	0
30737393502	255.898438	98.000000	228.800781	193.800781	-480.699219	159.398438	8.597308	-17.538094	-1.023794	0.680596	0.468086	1.410512	0	0	0	0	0	0
30892310445	-48.900391	13.000000	439.398438	107.601562	-376.000000	137.300781	16.690151	-6.135814	3.028183	0.628099	0.874551	0.788436	0	0	0	0	0	0
31074099811	-303.400391	3.000000	598.000000	95.699219	-278.800781	168.199219	22.740904	3.169258	3.856757	0.487008	1.071064	0.810808	0	0	0	0	0	0
31240825103	-431.300781	3.699219	681.300781	81.199219	-211.000000	193.398438	25.700687	8.497113	6.381451	0.457374	1.209258	0.760662	0	0	0	0	0	0
31398201451	-614.099609	9.699219	746.300781	63.699219	-81.900391	209.000000	27.722281	16.682840	9.147631	0.366038	1.349211	0.742279	0	0	0	0	0	0
31539726811	-574.099609	10.500000	604.800781	48.101562	-2.000000	181.898438	22.637888	16.518942	7.301204	0.189343	1.013209	0.655647	0	0	0	0	0	0
31710707332	-490.500000	12.199219	436.300781	36.000000	68.000000	140.300781	16.989044	15.340721	3.704118	-0.042426	0.630254	0.507272	0	0	0	0	0	0
31871721633	-462.500000	37.000000	333.601562	45.800781	143.601562	128.101562	13.307809	15.744510	2.458620	-0.208935	0.369765	0.633646	0	0	0	0	0	0
32033782505	-348.099609	68.601562	248.300781	70.398438	104.199219	136.898438	9.684756	11.481561	0.474670	-0.112043	0.279233	0.835121	0	0	0	0	0	0
32173232306	-130.199219	34.699219	135.699219	49.699219	-0.900391	69.800781	4.435886	3.827606	-0.384740	0.096644	0.227276	0.535253	0	0	0	0	0	0
32360219664	23.199219	52.500000	93.199219	75.199219	-104.199219	76.398438	2.306371	-1.662551	2.667219	0.408848	0.355332	0.665392	0	0	0	0	0	0
32543679799	144.500000	45.101562	87.199219	81.699219	-223.699219	70.898438	1.055592	-6.552112	3.079570	0.808215	0.521396	0.630721	0	0	0	0	0	0
32699374816	159.000000	-50.199219	-27.300781	-21.800781	-140.400391	-52.500000	-3.172194	-5.310344	-3.235160	0.573687	0.304242	-0.386875	0	0	0	0	0	0
32861467802	13.101562	-288.699219	87.601562	-249.900391	-100.900391	-254.400391	1.208724	-0.788015	-4.949445	0.481983	0.558051	-2.494252	0	0	0	0	0	0
33001990076	-129.000000	-441.300781	189.800781	-392.099609	-55.199219	-380.300781	4.009642	4.335293	-3.965260	0.406674	0.846675	-3.822120	0	0	0	0	0	0
33175278453	-255.400391	-546.000000	284.601562	-500.099609	-1.099609	-464.400391	7.327008	8.322663	-4.111011	0.208168	0.942484	-4.702625	0	0	0	0	0	0
33338385043	-135.099609	-202.800781	159.000000	-167.500000	-53.800781	-140.800781	6.777387	1.381258	-9.340565	-0.104675	0.167721	-1.441472	0	0	0	0	0	0
33502721835	71.699219	109.800781	-89.199219	130.199219	-67.199219	120.800781	0.685057	-5.416160	-15.780916	-0.253133	-0.612647	1.191550	0	0	0	0	0	0
33638194986	122.300781	199.000000	-130.400391	221.898438	-96.800781	199.300781	-0.023526	-8.141723	-17.447317	-0.273079	-0.810914	2.023842	0	0	0	0	0	0
33778424642	231.000000	323.000000	-251.300781	337.601562	-104.400391	285.699219	-3.208114	-11.576238	-20.061768	-0.342029	-1.175073	3.049554	0	0	0	0	0	0
33959425690	420.898438	472.699219	-371.400391	485.699219	-189.599609	405.398438	-6.596396	-17.849703	-20.535337	-0.049023	-1.452367	4.323029	0	0	0	0	0	0
34133006428	589.300781	574.199219	-500.300781	591.000000	-253.500000	475.199219	-10.147780	-23.616615	-24.596457	0.164781	-1.897079	5.193072	0	0	0	0	0	0
34291769152	430.101562	429.300781	-249.900391	464.000000	-305.099609	388.300781	-2.152432	-18.568562	-18.175289	0.427152	-1.222564	3.920682	0	0	0	0	0	0
34449256198	224.500000	-22.599609	30.300781	36.699219	-294.699219	-3.900391	0.939120	-11.444547	-7.417643	0.660298	0.209585	-0.035934	0	0	0	0	0	0
34633774948	352.199219	-79.400391	6.800781	-8.599609	-365.199219	-67.800781	-0.730421	-17.906031	-5.447438	0.607306	0.122504	-0.358877	0	0	0	0	0	0
34797158274	539.300781	-44.000000	-48.900391	41.800781	-498.400391	-45.699219	-1.482438	-26.434391	-5.585432	0.632241	-0.015355	0.012238	0	0	0	0	0	0
34946692471	787.000000	65.699219	-148.800781	187.101562	-677.500000	41.601562	-4.009977	-39.484612	-7.081206	0.566263	-0.356675	1.138069	0	0	0	0	0	0
35103921150	1081.000000	229.800781	-204.900391	377.699219	-916.900391	190.800781	-5.968013	-53.240616	-6.614608	0.732393	-0.511319	2.612845	0	0	0	0	0	0
35283567270	457.101562	-36.500000	0.500000	51.800781	-452.199219	-21.699219	-0.067994	-22.052958	-0.905406	0.634272	0.109172	-0.077776	0	0	0	0	0	0
35443793096	81.699219	-89.800781	108.199219	-41.800781	-179.699219	-53.599609	3.168743	-5.263795	1.183251	0.424110	0.343481	-0.641151	0	0	0	0	0	0
35622418594	-117.400391	-111.800781	212.101562	-84.000000	-62.099609	-52.599609	6.184141	3.525620	2.764313	0.438131	0.591019	-0.838384	0	0	0	0	0	0
35761052580	-248.000000	-109.400391	263.800781	-87.500000	17.398438	-36.099609	8.167485	9.677885	4.435179	0.411694	0.692204	-0.816712	0	0	0	0	0	0
35942271759	-310.800781	-147.300781	352.800781	-125.300781	6.101562	-49.699219	10.781212	11.876200	7.425570	0.600545	1.040136	-1.155733	0	0	0	0	0	0
36104206972	-197.199219	-285.099609	347.199219	-254.900391	-82.699219	-201.699219	8.293713	8.185672	8.183757	0.968588	1.228015	-2.369225	0	0	0	0	0	0
36283019241	-59.099609	-379.099609	248.300781	-338.400391	-121.000000	-316.800781	4.703373	3.546480	7.766126	1.020938	1.071658	-3.255559	0	0	0	0	0	0
36423997017	-48.699219	-447.900391	234.000000	-396.599609	-112.099609	-374.500000	4.144595	2.973310	7.660558	0.977199	1.040838	-3.788208	0	0	0	0	0	0
36602081700	43.199219	-164.699219	146.101562	-117.900391	-164.900391	-113.699219	3.401284	-3.263021	1.642194	0.554517	0.506956	-1.066848	0	0	0	0	0	0
36775145291	165.398438	112.898438	-4.599609	146.000000	-177.699219	124.898438	0.299197	-9.170312	-4.244553	0.195866	-0.011819	1.306235	0	0	0	0	0	0
36953268254	316.300781	284.699219	-153.800781	312.800781	-211.599609	252.601562	-4.514217	-14.968341	-6.670172	0.042159	-0.340488	2.750262	0	0	0	0	0	0
37100446362	363.601562	359.699219	-170.900391	385.601562	-242.099609	321.800781	-4.832031	-17.369968	-6.129093	0.082805	-0.382079	3.460016	0	0	0	0	0	0
37276955268	430.898438	477.601562	-232.900391	505.800781	-255.900391	416.300781	-6.800737	-20.095139	-7.935622	-0.039635	-0.568665	4.439001	0	0	0	0	0	0
37445636972	408.601562	427.601562	-180.300781	458.898438	-261.300781	384.199219	-4.952526	-18.672531	-1.796981	0.056606	-0.399907	3.853568	0	0	0	0	0	0
37613973458	139.500000	64.000000	-44.699219	80.199219	-29.800781	50.199219	-2.552546	-4.828764	10.885080	0.034936	-0.212393	0.566332	0	0	0	0	0	0
37762914424	60.199219	48.898438	-2.300781	40.699219	67.199219	33.000000	-3.058090	0.450119	21.868750	0.071154	0.136196	0.332275	0	0	0	0	0	0
37944118477	18.800781	16.500000	16.500000	0.398438	212.101562	2.898438	-1.418760	2.388977	46.169880	-0.566097	-0.317446	-0.032473	0	0	0	0	0	0
38095347367	62.199219	7.800781	21.101562	-11.099609	235.398438	-32.900391	-2.975524	1.504979	57.412796	-0.558578	-0.308927	-0.172351	0	0	0	0	0	0
38269783643	112.601562	-11.900391	19.199219	-37.900391	266.199219	-56.000000	-3.841485	0.051827	71.202934	-0.744739	-0.386778	-0.384455	0	0	0	0	0	0
38421018174	11.699219	-127.000000	42.898438	-141.800781	312.500000	-140.800781	-0.833020	4.877461	63.242771	-0.590693	-0.554933	-1.372168	0	0	0	0	0	0
38601955843	38.300781	-60.099609	-47.000000	-78.199219	201.898438	-81.400391	-2.325032	2.149777	33.175564	-0.316416	-0.607285	-0.706565	0	0	0	0	0	0
38777698136	31.000000	-74.699219	38.199219	-79.099609	54.199219	-76.300781	-0.720594	2.127601	18.265673	0.300839	0.069169	-0.679154	0	0	0	0	0	0
38943328416	12.000000	-71.400391	28.101562	-67.599609	38.000000	-64.500000	0.026965	1.403272	13.773644	0.195714	-0.020028	-0.622240	0	0	0	0	0	0
39085760824	39.000000	-38.599609	22.601562	-28.599609	-23.699219	-34.800781	-0.173783	-0.714062	7.527990	0.266865	0.104522	-0.272269	0	0	0	0	0	0
39250595185	87.898438	41.500000	-39.000000	56.800781	-81.800781	45.101562	-0.292295	-4.870297	-4.475089	0.063510	-0.170928	0.516795	0	0	0	0	0	0
39432925751	97.601562	52.898438	-34.500000	82.000000	-127.500000	55.300781	1.500437	-6.800981	-12.419845	-0.051264	-0.341071	0.660988	0	0	0	0	0	0
39591454621	97.199219	0.699219	-58.099609	37.300781	-150.199219	10.199219	0.627628	-6.818445	-19.303820	0.091967	-0.266350	0.189802	0	0	0	0	0	0
39729196221	108.300781	-34.599609	-44.300781	8.500000	-180.400391	-23.599609	-0.009225	-6.401191	-21.609217	0.341892	-0.012083	-0.082952	0	0	0	0	0	0
39871042791	138.199219	-79.400391	-16.800781	-24.000000	-257.400391	-56.599609	0.598818	-8.444781	-25.410744	0.577771	0.146194	-0.416268	0	0	0	0	0	0
40056798536	82.101562	-117.500000	60.300781	-70.000000	-254.099609	-83.900391	1.749569	-5.318371	-22.072508	0.736215	0.503259	-0.799574	0	0	0	0	0	0
40241451606	-33.500000	-326.000000	219.101562	-270.199219	-240.900391	-254.199219	5.429647	-0.338692	-13.811903	1.054990	1.028491	-2.674466	0	0	0	0	0	0
40388614099	-28.599609	-424.199219	233.699219	-358.699219	-235.699219	-349.400391	5.694050	-0.246563	-11.208117	1.128446	1.103308	-3.502181	0	0	0	0	0	0
40534155605	-30.199219	-443.699219	259.500000	-368.900391	-249.900391	-360.400391	6.361121	-0.678718	-9.831273	1.099410	1.092061	-3.626939	0	0	0	0	0	0
40716190540	3.898438	-174.599609	217.300781	-120.300781	-238.199219	-110.800781	6.837765	-3.009015	-6.763732	0.698481	0.667285	-1.122296	0	0	0	0	0	0
40874726244	38.199219	-5.300781	153.000000	48.898438	-214.500000	45.000000	5.966955	-4.974286	-6.861845	0.434881	0.289641	0.334820	0	0	0	0	0	0
41027067646	73.000000	108.101562	86.500000	145.199219	-196.400391	139.699219	4.481572	-6.067219	-5.815795	0.305833	0.113754	1.324376	0	0	0	0	0	0
41187849364	170.199219	265.898438	-62.300781	291.199219	-174.599609	258.699219	-1.150960	-9.440448	-8.006600	0.153917	-0.122404	2.684407	0	0	0	0	0	0
41345630444	274.000000	452.101562	-205.900391	458.199219	-148.800781	404.800781	-7.479372	-11.604660	-8.703045	0.120589	-0.253488	4.192022	0	0	0	0	0	0
41528539621	352.300781	584.101562	-293.300781	577.699219	-140.300781	501.101562	-10.821548	-13.561094	-9.581932	0.123057	-0.324579	5.196164	0	0	0	0	0	0
41706254242	50.300781	163.800781	133.000000	205.199219	-204.099609	204.699219	5.869799	-5.226450	-2.717041	0.362483	0.284771	1.665959	0	0	0	0	0	0
41889004855	-203.800781	-49.900391	510.898438	37.800781	-310.699219	103.601562	20.743557	-0.140503	-0.260938	0.565677	0.868070	0.204664	0	0	0	0	0	0
42031335487	-325.000000	-106.500000	690.500000	6.398438	-366.199219	97.898438	27.223494	2.052020	0.893629	0.664549	1.128840	-0.006554	0	0	0	0	0	0
42208333647	-443.599609	-148.699219	871.199219	-19.400391	-400.699219	107.000000	34.252216	4.814850	2.136284	0.744352	1.417858	-0.201903	0	0	0	0	0	0
42376080356	-576.000000	-155.599609	1014.500000	-17.000000	-407.500000	140.898438	39.517021	8.607556	3.725040	0.776985	1.670172	-0.145181	0	0	0	0	0	0
42548122595	-644.800781	-156.400391	1062.101562	-25.000000	-373.199219	148.800781	40.212193	12.057857	7.224357	0.866100	1.899841	-0.161233	0	0	0	0	0	0
42684415034	-708.199219	-136.800781	1026.699219	-17.800781	-266.000000	156.000000	37.900387	16.532804	10.547805	0.833089	1.947493	-0.074487	0	0	0	0	0	0
42864861743	-760.400391	-135.699219	934.800781	-63.900391	-105.099609	117.398438	32.755554	22.660599	14.216750	0.807895	1.935966	-0.413779	0	0	0	0	0	0
43027141253	-691.800781	-174.500000	689.898438	-150.099609	82.300781	0.199219	21.693947	26.094177	14.726544	0.797656	1.640149	-1.078035	0	0	0	0	0	0
43196671998	-402.000000	-18.900391	139.101562	-71.400391	319.300781	3.898438	1.038728	22.081928	9.251782	0.307008	0.571790	-0.254460	0	0	0	0	0	0
43344526797	-154.800781	166.000000	-393.800781	42.000000	549.601562	50.800781	-17.501440	18.937656	4.817548	-0.297877	-0.517726	0.812188	0	0	0	0	0	0
43516477654	13.398438	258.300781	-715.900391	92.898438	677.800781	61.601562	-27.863634	14.954825	-1.542152	-0.781554	-1.305092	1.264684	0	0	0	0	0	0
43689268993	253.500000	311.898438	-990.099609	134.000000	675.398438	47.500000	-37.202858	7.158234	-7.234987	-0.907757	-1.807611	1.625334	0	0	0	0	0	0
43842108733	478.398438	386.101562	-1112.099609	229.800781	541.500000	99.398438	-41.220245	-2.723911	-11.750871	-0.828211	-2.016042	2.293175	0	0	0	0	0	0
43998389736	748.898438	467.199219	-1192.699219	347.300781	340.500000	147.199219	-45.215313	-14.417706	-15.164836	-0.457427	-1.975222	3.023323	0	0	0	0	0	0
44156910154	977.898438	470.101562	-1370.099609	352.300781	270.800781	105.199219	-52.840881	-22.423981	-17.477228	-0.330152	-2.135293	2.916034	0	0	0	0	0	0
44336265962	1073.398438	399.699219	-1272.599609	305.300781	97.000000	52.601562	-49.440552	-28.185513	-16.754080	0.013634	-1.850617	2.423455	0	0	0	0	0	0
44508170299	1029.800781	346.699219	-947.300781	324.601562	-178.699219	82.000000	-36.835007	-33.010857	-14.781304	0.379600	-1.256266	2.451272	0	0	0	0	0	0
44665366401	899.601562	343.300781	-586.300781	361.898438	-376.199219	171.800781	-24.103859	-32.712875	-8.167892	0.764507	-0.539175	2.816514	0	0	0	0	0	0
44808366688	689.398438	283.101562	-225.300781	341.000000	-504.699219	216.601562	-9.519293	-29.480011	-5.596434	0.883553	-0.024051	2.625574	0	0	0	0	0	0
44981427394	385.800781	163.800781	223.398438	269.300781	-626.199219	230.699219	7.962362	-23.488493	-1.640280	1.070548	0.704482	2.043179	0	0	0	0	0	0
45144474069	188.699219	-36.400391	506.300781	87.800781	-669.500000	105.000000	16.576656	-17.213327	5.356331	1.392351	1.394299	0.442791	0	0	0	0	0	0
45317364765	-51.099609	-181.400391	720.199219	-53.900391	-597.800781	18.398438	23.845598	-7.856074	8.515994	1.448038	1.845152	-0.683750	0	0	0	0	0	0
45453986929	-233.699219	-230.300781	848.398438	-103.500000	-532.500000	0.699219	27.986629	-0.533930	11.259640	1.512263	2.206713	-1.053779	0	0	0	0	0	0
45632601336	-404.500000	-237.000000	921.101562	-118.800781	-424.400391	10.101562	30.288267	6.796375	13.949101	1.409104	2.312124	-1.087912	0	0	0	0	0	0
45784781174	-504.300781	-212.300781	886.300781	-110.199219	-284.300781	25.199219	29.369673	11.964829	16.529793	1.153914	2.077325	-0.956708	0	0	0	0	0	0
45960421369	-510.699219	-214.000000	807.699219	-128.000000	-195.199219	6.500000	26.770296	13.848466	14.908873	0.962326	1.802887	-1.109726	0	0	0	0	0	0
46101508322	-520.800781	-192.699219	674.500000	-147.199219	-73.900391	-15.000000	22.208603	16.530676	13.046274	0.735351	1.492251	-1.161029	0	0	0	0	0	0
46281362085	-505.800781	-197.699219	538.398438	-153.900391	32.199219	-44.400391	18.455040	17.532312	9.244888	0.454362	1.103066	-1.298341	0	0	0	0	0	0
46442607216	-489.199219	-181.199219	404.699219	-162.699219	127.500000	-59.500000	13.928377	18.498476	7.439148	0.224465	0.768378	-1.308766	0	0	0	0	0	0
46581923968	-399.199219	-134.199219	211.898438	-131.000000	197.398438	-51.300781	8.599360	16.017382	1.835588	-0.168621	0.206391	-0.988908	0	0	0	0	0	0
46754155712	-251.599609	-54.900391	-41.099609	-86.599609	278.199219	-53.699219	0.186366	12.237828	-2.686583	-0.534195	-0.443179	-0.609823	0	0	0	0	0	0
46902881098	-86.900391	13.601562	-238.199219	-28.099609	293.898438	-28.400391	-6.232013	6.704463	-5.206484	-0.824512	-0.929565	-0.093534	0	0	0	0	0	0
47087846652	225.800781	167.199219	-535.599609	120.500000	233.101562	44.800781	-15.700299	-5.737872	-11.968488	-1.108703	-1.600197	1.107436	0	0	0	0	0	0
47269946531	387.000000	173.199219	-642.400391	135.601562	168.500000	31.398438	-20.233885	-11.092411	-13.277045	-0.918937	-1.601221	1.126459	0	0	0	0	0	0
47425248160	83.101562	0.199219	-131.599609	4.300781	33.500000	-20.000000	-4.278956	-2.707722	-1.458646	-0.111070	-0.298549	-0.130650	0	0	0	0	0	0
47589440578	0.398438	-2.500000	5.101562	5.101562	2.300781	-5.300781	0.077008	-0.085583	0.849978	0.008782	-0.041237	0.007460	0	0	0	0	0	0
47757838598	0.800781	-2.900391	9.601562	3.601562	4.199219	-0.699219	0.016698	-0.051703	0.860938	0.006477	-0.033365	-0.004930	0	0	0	0	0	0
47911653689	-1.400391	-5.900391	2.101562	2.398438	4.699219	-2.500000	0.140933	-0.014735	-0.229742	0.008601	-0.043332	0.014941	0	0	0	0	0	0
48069145275	-2.800781	-3.800781	2.500000	3.300781	5.699219	-4.800781	0.188926	0.024526	0.839640	0.011478	-0.034410	0.004100	0	0	0	0	0	0
48212545286	0.300781	-4.300781	3.199219	10.000000	-0.199219	-7.000000	0.205543	0.031233	0.037756	0.008275	-0.035485	0.012793	0	0	0	0	0	0
48391059383	-3.300781	-7.199219	2.300781	0.800781	-1.400391	-2.699219	0.246914	0.065906	0.915555	0.011746	-0.031209	0.003348	0	0	0	0	0	0
48559462475	-5.199219	-6.400391	2.199219	10.300781	1.398438	-1.699219	0.039565	0.059390	0.881571	0.003280	-0.037984	0.000999	0	0	0	0	0	0
48747178273	-3.699219	-5.300781	-1.500000	4.601562	-1.699219	-2.400391	0.234168	-0.265593	0.595931	0.010041	-0.037760	0.003073	0	0	0	0	0	0
48892542514	-2.800781	-6.300781	2.500000	1.699219	7.699219	-0.300781	0.120786	0.144672	0.158299	0.007826	-0.034973	0.012299	0	0	0	0	0	0
49071769936	3.699219	-3.800781	3.601562	5.800781	5.101562	0.300781	0.146301	-0.041692	0.223993	0.010438	-0.033632	0.010102	0	0	0	0	0	0
49247225889	-5.900391	-5.599609	-1.500000	-0.300781	2.398438	1.300781	0.028269	-0.004367	0.800066	0.009454	-0.032885	0.003417	0	0	0	0	0	0
49413123110	0.300781	0.601562	6.800781	-0.099609	4.601562	4.398438	0.204026	-0.010210	-0.242406	0.010559	-0.040455	0.010672	0	0	0	0	0	0
49574013619	-1.099609	-11.500000	-1.500000	-5.699219	5.101562	-0.900391	0.065604	0.078446	-0.077330	0.008020	-0.039941	0.011971	0	0	0	0	0	0
49745355552	2.898438	-7.800781	1.800781	-0.199219	-2.300781	2.199219	0.215600	-0.016155	1.333719	0.015099	-0.031778	-0.000823	0	0	0	0	0	0
49929574087	-2.199219	-9.099609	0.800781	0.000000	3.199219	2.101562	0.235963	0.021684	0.644935	0.008765	-0.038263	0.003353	0	0	0	0	0	0
50100104044	-6.000000	-5.800781	2.500000	5.199219	8.601562	8.500000	0.105054	0.082630	1.036877	0.011276	-0.035713	0.003210	0	0	0	0	0	0
50247481075	3.500000	-2.500000	-1.000000	3.800781	6.300781	-1.500000	0.051909	0.036942	0.954258	0.011031	-0.032385	0.002342	0	0	0	0	0	0
50417031851	1.500000	-1.699219	4.000000	2.800781	4.898438	2.398438	-0.049133	-0.079587	0.947310	0.014256	-0.029493	0.001965	0	0	0	0	0	0
50580359428	-0.500000	-3.400391	7.699219	2.699219	8.101562	8.500000	0.138116	-0.092643	1.068605	0.010737	-0.029695	0.003147	0	0	0	0	0	0
50760747230	-3.599609	0.000000	-0.199219	8.101562	4.699219	11.500000	0.161988	-0.081135	0.837188	0.007430	-0.039541	0.001906	0	0	0	0	0	0
50941264924	0.800781	-0.300781	3.898438	4.101562	6.699219	6.699219	0.085521	-0.075140	1.648354	0.004830	-0.043451	-0.005881	0	0	0	0	0	0
51099429555	0.199219	-6.099609	-0.199219	2.500000	2.000000	4.300781	0.105567	-0.107859	1.102719	0.012615	-0.029835	0.001523	0	0	0	0	0	0
51271998656	-2.699219	0.898438	6.199219	2.000000	-0.300781	-7.599609	0.131185	-0.009871	-0.362764	0.012668	-0.032338	0.011545	0	0	0	0	0	0
51380265883	-1.199219	-10.400391	-1.900391	2.800781	5.800781	6.699219	0.064923	-0.034020	1.034374	0.007919	-0.030991	0.003241	0	0	0	0	0	0
51487708533	0.800781	-9.199219	1.000000	1.800781	3.500000	1.398438	0.039629	0.000417	0.794382	0.013426	-0.030820	0.002563	0	0	0	0	0	0
51591339233	-2.800781	-3.800781	4.500000	3.898438	3.101562	-2.599609	0.098685	-0.069132	0.994197	0.011595	-0.029812	0.004800	0	0	0	0	0	0
51704090004	-3.400391	-10.000000	-3.699219	5.500000	2.800781	1.500000	0.056760	0.089934	1.886031	0.012667	-0.032649	-0.002400	0	0	0	0	0	0
51817569113	-2.800781	-2.500000	-0.199219	9.398438	-0.300781	2.000000	0.113936	-0.214896	0.755220	0.009882	-0.033019	0.003931	0	0	0	0	0	0
51929797042	2.500000	-9.400391	0.000000	2.300781	-3.099609	-4.900391	0.067944	0.040108	1.075201	0.007751	-0.033582	0.002473	0	0	0	0	0	0
52044985896	3.199219	-1.900391	-4.099609	10.000000	3.898438	0.300781	0.001193	0.033901	1.339303	0.011685	-0.032464	-0.000923	0	0	0	0	0	0
52149796468	-2.300781	-14.500000	-0.099609	2.601562	0.101562	-3.900391	0.176820	-0.003104	0.879002	0.009280	-0.038999	0.002836	0	0	0	0	0	0
52285735423	-6.099609	-5.699219	-2.199219	2.199219	5.800781	-1.199219	0.197164	-0.083689	0.790265	0.012032	-0.032920	0.001439	0	0	0	0	0	0
