1323246	-0.300781	1.398438	0.398438	3.699219	-3.300781	-2.400391	-0.015995	0.096179	-0.074674	0.002008	0.000771	0.001264	0	0	0	0	0	0
120068790	3.800781	1.898438	-3.199219	-2.500000	-0.099609	1.000000	0.083097	-0.237262	0.270696	0.000230	-0.000929	0.001287	0	0	0	0	0	0
236888753	2.398438	3.500000	10.500000	8.699219	7.699219	7.000000	-0.043246	-0.055942	-0.187812	0.000296	-0.002231	0.003959	0	0	0	0	0	0
354913095	4.398438	6.000000	6.898438	4.601562	4.699219	13.800781	-0.094843	-0.042899	0.359617	-0.000860	0.001622	0.003063	0	0	0	0	0	0
475475402	4.300781	4.000000	-5.500000	4.601562	3.898438	6.300781	0.163428	-0.123782	0.073853	0.002249	-0.002934	0.000163	0	0	0	0	0	0
588706989	-1.400391	2.601562	9.800781	-0.300781	9.199219	6.601562	0.126789	-0.003048	0.124707	0.001165	-0.003147	0.003309	0	0	0	0	0	0
732602989	-4.599609	-0.300781	1.601562	0.898438	1.601562	5.000000	0.162553	0.051117	0.042056	0.000890	0.000629	0.001573	0	0	0	0	0	0
895353069	-1.400391	6.601562	1.800781	2.101562	3.398438	5.000000	-0.060224	0.084942	-0.038496	0.005238	0.000674	0.000914	0	0	0	0	0	0
1051773017	-2.400391	3.000000	5.699219	5.500000	6.699219	1.000000	0.028710	0.016527	0.158212	0.004651	-0.002866	0.001369	0	0	0	0	0	0
1203038250	-8.400391	-0.099609	-2.599609	2.199219	-3.099609	2.398438	-0.045283	0.026753	0.046662	0.000887	-0.000134	0.003069	0	0	0	0	0	0
1358499753	3.800781	6.101562	3.601562	4.898438	5.898438	12.398438	-0.022355	-0.107383	0.969855	-0.002806	-0.006841	-0.006104	0	0	0	0	0	0
1518082373	-2.900391	-2.800781	0.699219	6.800781	22.398438	13.000000	-0.317908	0.522539	1.267463	-0.021828	-0.018166	0.004321	0	0	0	0	0	0
1675021404	8.800781	6.300781	2.699219	11.898438	-3.099609	2.601562	0.304965	-0.349846	0.336015	0.011207	0.014100	0.004070	0	0	0	0	0	0
1822811066	-1.199219	4.000000	-6.000000	-1.000000	1.199219	-1.400391	-0.202615	-0.057780	0.401788	0.002365	-0.002421	0.004430	0	0	0	0	0	0
1965770341	-7.599609	5.898438	0.101562	1.699219	12.000000	1.199219	-0.291959	-0.022356	0.141242	-0.003314	-0.014407	0.005821	0	0	0	0	0	0
2105272874	-5.000000	-1.900391	8.199219	4.199219	2.300781	-0.800781	-0.065222	0.199616	0.006312	0.000785	-0.000743	0.000229	0	0	0	0	0	0
2261023429	-5.000000	-0.300781	8.300781	6.398438	-5.000000	11.199219	0.217791	-0.143555	0.641658	0.006686	0.004204	-0.005900	0	0	0	0	0	0
2404563755	3.300781	3.898438	5.699219	8.000000	7.800781	0.699219	0.090827	0.078820	0.045235	-0.006719	0.001223	0.000054	0	0	0	0	0	0
2561940552	-8.599609	2.300781	-0.500000	2.898438	1.601562	0.500000	-0.143078	-0.101031	0.276596	-0.001241	0.000581	0.001285	0	0	0	0	0	0
2713775052	5.398438	4.398438	4.000000	5.898438	7.398438	7.601562	-0.027604	-0.199631	-0.158286	0.005101	-0.009203	0.001651	0	0	0	0	0	0
2871648575	0.199219	6.199219	1.898438	1.300781	9.699219	10.101562	-0.071754	0.062814	0.054368	-0.000829	-0.003243	0.004792	0	0	0	0	0	0
3025671716	-5.199219	5.101562	6.300781	4.500000	2.300781	-1.000000	0.003581	-0.158000	-0.039247	0.003472	-0.001843	0.002727	0	0	0	0	0	0
3175230363	-2.400391	4.800781	2.800781	6.398438	5.000000	11.699219	0.078698	-0.052099	0.193397	0.001531	-0.000229	0.000084	0	0	0	0	0	0
3310340124	0.398438	1.101562	4.300781	-1.099609	2.800781	5.898438	-0.020161	-0.132540	-1.277582	0.003713	-0.002912	0.010101	0	0	0	0	0	0
3448616402	-3.599609	6.800781	0.601562	0.699219	6.800781	4.699219	0.010286	0.041817	-0.687673	-0.001007	-0.002172	0.007158	0	0	0	0	0	0
3584274193	2.898438	-0.900391	4.199219	7.199219	6.199219	-0.500000	0.099832	0.021810	0.120812	0.001399	0.001399	0.002150	0	0	0	0	0	0
3729319923	-0.400391	0.300781	6.699219	5.601562	4.898438	0.000000	-0.018767	-0.075942	-1.041880	0.003455	-0.001912	0.009599	0	0	0	0	0	0
3879416886	-2.300781	3.000000	5.000000	7.300781	5.601562	12.601562	-0.078207	-0.012595	1.159247	0.003168	-0.002968	-0.007821	0	0	0	0	0	0
4053281568	-4.500000	6.601562	5.800781	2.699219	9.199219	10.398438	0.106599	-0.056986	0.077809	0.001457	-0.002573	0.000719	0	0	0	0	0	0
4248522185	2.101562	1.898438	3.199219	-2.000000	2.398438	0.300781	-0.041086	0.047737	0.121465	0.001036	0.001281	0.001504	0	0	0	0	0	0
4405340142	-3.599609	7.000000	1.398438	3.601562	4.601562	5.601562	-0.003574	-0.033003	0.084952	-0.001516	0.001438	0.003049	0	0	0	0	0	0
4560802317	0.000000	5.000000	6.300781	3.699219	-0.800781	4.699219	-0.023708	-0.084670	0.734271	0.001360	-0.000328	-0.003789	0	0	0	0	0	0
4740016699	1.898438	5.601562	-3.800781	1.101562	4.101562	7.199219	0.019594	0.049198	0.821063	0.002254	-0.001478	-0.001551	0	0	0	0	0	0
4893132419	-0.599609	7.398438	2.300781	2.398438	4.601562	2.699219	0.104443	-0.035896	0.158387	0.000976	-0.000058	0.001709	0	0	0	0	0	0
5036237541	7.699219	6.800781	7.699219	4.101562	7.101562	8.898438	-0.085560	-0.072238	0.239775	-0.001739	0.000541	0.002035	0	0	0	0	0	0
5196492400	-0.300781	4.898438	4.300781	1.898438	3.500000	10.101562	0.012589	0.065572	0.319567	0.001726	-0.003154	0.001633	0	0	0	0	0	0
5384217344	-0.900391	1.699219	4.898438	2.199219	1.199219	-0.300781	-0.001441	-0.010837	-0.038409	0.004522	0.000303	0.002028	0	0	0	0	0	0
5547576039	0.800781	3.898438	-0.400391	6.000000	3.898438	-4.099609	0.040006	-0.103771	0.042787	0.001835	-0.003936	0.002806	0	0	0	0	0	0
5700658313	6.199219	8.699219	3.101562	9.699219	9.500000	7.699219	0.167947	-0.086565	1.087197	-0.001475	-0.003869	-0.004892	0	0	0	0	0	0
5865609107	3.101562	6.199219	3.699219	6.000000	8.300781	5.199219	0.010965	0.032070	0.168299	0.000211	-0.001658	0.004396	0	0	0	0	0	0
6037004996	6.199219	5.000000	3.699219	3.699219	5.101562	2.199219	0.035952	-0.115673	0.119696	0.002433	-0.001393	0.002922	0	0	0	0	0	0
6213297861	2.500000	5.601562	6.398438	0.101562	6.800781	-1.199219	-0.116965	0.069543	-0.032793	0.003855	-0.001119	0.002646	0	0	0	0	0	0
6372364060	-2.199219	0.898438	9.398438	4.800781	5.199219	0.500000	0.111703	-0.052234	-0.223970	0.001563	0.002457	0.007140	0	0	0	0	0	0
6593445651	-2.400391	8.101562	7.699219	7.800781	5.800781	5.101562	0.025311	-0.041843	-0.537485	0.002327	-0.001583	0.006404	0	0	0	0	0	0
6768472490	-1.199219	5.601562	1.800781	2.300781	3.398438	-6.900391	-0.034865	0.022335	0.161646	0.004752	-0.002455	0.002721	0	0	0	0	0	0
6961032310	-1.900391	7.398438	4.398438	-1.900391	7.199219	4.800781	-0.003464	0.130599	0.739394	-0.001157	-0.007028	-0.006231	0	0	0	0	0	0
7123407626	-4.300781	3.000000	-2.199219	5.898438	1.699219	5.000000	-0.043705	-0.074638	0.779476	-0.001806	0.001618	-0.001980	0	0	0	0	0	0
7277847439	2.101562	6.398438	1.398438	5.000000	6.101562	9.398438	0.034382	-0.048632	0.163360	-0.002978	0.000460	0.002660	0	0	0	0	0	0
7462196880	-10.300781	-2.900391	12.500000	1.398438	-4.099609	5.898438	0.613488	-0.087153	1.077861	0.003385	0.013375	-0.054876	0	0	0	0	0	0
7639131480	119.398438	80.101562	-108.400391	69.800781	-2.699219	51.000000	-5.971936	-3.602033	1.573293	0.122919	-0.076605	0.695583	0	0	0	0	0	0
7815030920	523.000000	385.199219	-786.800781	297.300781	181.500000	159.101562	-29.092911	-11.781705	-13.650797	-0.386913	-1.523543	2.660926	0	0	0	0	0	0
7993864042	126.101562	8.000000	-649.500000	-112.099609	522.601562	-194.199219	-24.558056	11.680000	-2.432341	-0.164257	-1.084454	-1.102437	0	0	0	0	0	0
8174062454	-750.000000	-399.900391	786.500000	-377.800781	130.699219	-207.900391	26.074568	31.318947	24.877279	1.375526	1.974662	-3.026498	0	0	0	0	0	0
8325490983	-118.699219	136.101562	898.398438	247.300781	-694.099609	383.500000	26.074244	-5.965917	17.588076	2.371637	2.593710	2.607742	0	0	0	0	0	0
8513973420	1468.898438	759.699219	-665.500000	756.601562	-952.699219	538.199219	-32.446674	-56.552029	-19.271877	2.391044	0.006863	6.734833	0	0	0	0	0	0
8675657045	1628.000000	1289.699219	-983.800781	1261.000000	-837.900391	987.601562	-37.238052	-64.525009	-23.205408	1.098556	-1.535923	11.183006	0	0	0	0	0	0
8849163330	1717.300781	1635.199219	-980.599609	1609.398438	-942.800781	1326.500000	-35.664490	-71.736015	-21.477596	0.708909	-1.981329	14.393986	0	0	0	0	0	0
9037366046	957.898438	1439.398438	-332.599609	1457.699219	-820.099609	1344.601562	-6.644430	-47.429523	-21.779840	0.363634	-1.268191	12.830423	0	0	0	0	0	0
9198994250	116.398438	-181.800781	531.601562	-70.599609	-692.699219	-5.699219	14.518157	-11.528040	-12.821037	2.069537	1.742359	-1.039111	0	0	0	0	0	0
9385325229	-115.400391	-780.000000	784.699219	-635.900391	-666.900391	-531.199219	21.655052	-1.178244	-7.857554	2.674811	2.741859	-5.955782	0	0	0	0	0	0
9551256462	-265.000000	-450.199219	898.199219	-321.000000	-579.400391	-185.300781	27.486654	2.461689	3.649755	1.963379	2.425446	-2.766534	0	0	0	0	0	0
9750277395	0.800781	-133.300781	519.101562	-36.000000	-439.400391	20.500000	14.591350	-7.015654	10.187399	1.203271	1.226224	-0.323141	0	0	0	0	0	0
9918830579	1141.101562	148.500000	-232.800781	234.300781	-940.300781	85.398438	-12.669659	-52.460342	-6.496253	1.434898	-0.121054	1.716895	0	0	0	0	0	0
10101955163	2020.898438	191.300781	-512.800781	322.300781	-1548.300781	41.101562	-22.180264	-91.873085	-11.543528	1.948740	-0.862271	2.129671	0	0	0	0	0	0
10281235863	1575.199219	502.101562	210.699219	686.601562	-1789.599609	553.101562	9.826862	-83.218864	-0.025486	1.895155	0.139973	5.699783	0	0	0	0	0	0
10435331086	-75.500000	148.500000	1521.199219	410.300781	-1288.500000	613.300781	54.657085	-24.730534	27.615637	1.465778	3.053224	3.577124	0	0	0	0	0	0
10610880608	-850.400391	-119.199219	1608.500000	72.699219	-453.199219	320.699219	49.306202	13.639214	53.650139	0.571419	3.768959	0.586925	0	0	0	0	0	0
10791199902	-449.800781	10.699219	568.398438	9.800781	332.300781	115.699219	11.204385	21.531296	79.568314	0.138221	0.926370	0.312931	0	0	0	0	0	0
10964253519	692.699219	315.000000	-879.400391	178.699219	515.800781	11.500000	-41.770622	-6.916328	60.636738	-0.275683	-1.963104	1.592590	0	0	0	0	0	0
11162895880	1310.101562	617.601562	-1894.500000	392.601562	801.000000	51.500000	-72.638130	-20.942175	42.072540	-1.237369	-4.394188	3.210618	0	0	0	0	0	0
11356702026	1712.699219	749.000000	-2251.900391	567.500000	434.800781	131.601562	-78.158051	-43.797138	-15.561617	-1.323250	-5.520713	4.493548	0	0	0	0	0	0
11521181205	1855.101562	764.500000	-2004.699219	672.101562	-185.199219	235.101562	-66.386307	-60.020164	-59.427624	-0.298027	-4.849608	5.275568	0	0	0	0	0	0
11663513241	1872.398438	843.000000	-1631.599609	812.601562	-657.500000	422.800781	-51.316959	-70.796417	-68.419891	0.319136	-3.977628	6.683182	0	0	0	0	0	0
11846522533	1162.800781	1011.398438	-183.099609	1141.398438	-1312.099609	1009.500000	5.559713	-65.307953	-48.527065	0.677501	-1.588994	9.811370	0	0	0	0	0	0
12023579808	112.898438	624.800781	1406.000000	887.000000	-1601.300781	1089.699219	57.807682	-39.796963	-6.856854	1.446453	2.275718	7.987465	0	0	0	0	0	0
12197479323	-661.699219	186.601562	2251.800781	531.300781	-1513.300781	885.800781	84.549927	-16.648289	17.585476	1.438047	4.394487	4.817012	0	0	0	0	0	0
12362371267	-958.300781	-56.500000	2454.300781	318.898438	-1399.000000	724.000000	96.317398	-7.681369	19.198929	1.183140	3.843883	2.970655	0	0	0	0	0	0
12543102761	-887.199219	-91.900391	2319.500000	269.898438	-1348.699219	652.699219	91.994720	-7.977164	18.007208	1.117696	3.456465	2.507562	0	0	0	0	0	0
12710184014	-337.900391	57.601562	1119.699219	230.898438	-699.199219	400.398438	37.545734	-5.154137	15.706261	0.936995	2.077486	2.054029	0	0	0	0	0	0
12890540800	708.699219	285.699219	-895.900391	179.101562	187.898438	-9.099609	-42.666649	-12.896796	3.371892	0.361940	-0.960824	1.494013	0	0	0	0	0	0
13061431576	1376.300781	475.101562	-1986.000000	247.601562	564.199219	-121.800781	-82.951469	-24.090672	-6.250995	-0.174708	-2.902171	1.863143	0	0	0	0	0	0
13243058889	2002.199219	775.699219	-2818.800781	474.898438	690.699219	-52.300781	-113.648727	-39.411926	-15.772141	-0.453962	-4.447824	3.707254	0	0	0	0	0	0
13428439037	2370.500000	960.000000	-3435.300781	611.300781	871.898438	-38.699219	-134.043793	-47.699821	-29.124706	-1.023129	-5.913315	4.625990	0	0	0	0	0	0
13594555920	2567.699219	990.300781	-3627.099609	651.000000	850.000000	-61.400391	-140.166351	-54.862728	-32.798733	-1.085665	-6.285355	4.729548	0	0	0	0	0	0
13773419844	2187.300781	1372.500000	-2365.400391	1194.398438	-49.900391	662.199219	-87.232788	-66.724098	-31.657904	-0.519241	-4.334721	10.119691	0	0	0	0	0	0
13947790946	1851.601562	1793.398438	-1548.699219	1713.300781	-553.300781	1308.500000	-55.700874	-70.017143	-28.195278	-0.333438	-3.342179	14.796672	0	0	0	0	0	0
14104650066	1772.101562	2170.398438	-1433.099609	2106.500000	-635.800781	1753.800781	-49.199940	-68.836937	-31.550482	-0.571960	-3.431855	18.379601	0	0	0	0	0	0
14291376283	1662.000000	1869.601562	-1340.300781	1826.300781	-587.699219	1478.000000	-45.876381	-62.593639	-30.916023	-0.501234	-3.352310	15.338923	0	0	0	0	0	0
14485200509	445.500000	-0.099609	-222.000000	17.199219	-259.599609	-57.900391	-13.836659	-10.300033	-7.402699	1.164913	0.174495	-0.529422	0	0	0	0	0	0
14683207377	163.000000	-519.699219	111.101562	-480.300781	-250.500000	-488.000000	-6.433202	2.249718	-5.015067	2.138827	1.637868	-4.749694	0	0	0	0	0	0
14864021781	60.800781	-828.099609	225.000000	-778.099609	-242.400391	-763.599609	-4.205300	6.701535	-2.375812	2.499830	2.131212	-7.438559	0	0	0	0	0	0
15050507663	-70.000000	-974.900391	286.398438	-928.400391	-111.599609	-908.400391	-3.840273	14.265159	5.866248	2.478373	2.369731	-8.554850	0	0	0	0	0	0
15234752274	-55.500000	-120.699219	99.500000	-107.099609	33.898438	-101.000000	-0.395709	6.650320	10.745728	0.533141	0.369873	-1.010599	0	0	0	0	0	0
15407083692	-217.400391	10.898438	211.199219	27.398438	83.300781	59.699219	0.892002	12.090105	10.497288	-0.185658	0.752459	0.419451	0	0	0	0	0	0
15582108645	133.601562	-113.699219	-103.500000	-99.900391	-250.000000	-116.599609	-8.127446	-1.123967	-49.015469	1.367857	0.298751	-0.744210	0	0	0	0	0	0
15748541943	808.800781	46.898438	-1112.000000	44.000000	-497.400391	-111.900391	-24.048435	-25.767685	-149.185883	1.961178	-3.343551	0.171445	0	0	0	0	0	0
15927055957	1191.101562	78.398438	-1428.099609	80.699219	-851.000000	-143.300781	-31.689499	-35.951122	-199.358261	3.749678	-3.948814	0.223498	0	0	0	0	0	0
16108106542	1350.300781	145.000000	-1581.099609	148.800781	-939.199219	-121.900391	-34.908039	-43.406376	-212.119919	3.791616	-4.381673	0.649845	0	0	0	0	0	0
16285237253	1105.800781	75.800781	-1227.099609	86.398438	-910.500000	-122.099609	-29.536732	-33.406380	-185.428101	3.860098	-2.666873	0.222983	0	0	0	0	0	0
16467106106	9.601562	-196.300781	266.699219	-150.099609	-515.199219	-111.300781	2.482323	5.047776	-40.101894	3.044672	2.428950	-1.391306	0	0	0	0	0	0
16639148544	-361.699219	-144.300781	726.000000	-110.199219	21.699219	-14.900391	10.423789	16.175198	68.360695	0.754389	2.943234	-0.955109	0	0	0	0	0	0
16813661555	-270.800781	-183.599609	690.101562	-149.699219	233.800781	-95.500000	7.298992	12.973280	114.575768	-0.251803	2.251852	-1.521190	0	0	0	0	0	0
16994356816	-186.800781	-214.099609	607.000000	-186.199219	329.300781	-156.300781	5.786802	10.313552	130.506622	-0.866320	1.569947	-1.916223	0	0	0	0	0	0
17165473397	-218.300781	-265.300781	721.500000	-226.699219	309.898438	-166.699219	8.909675	10.060532	141.245743	-0.739613	1.875820	-2.296973	0	0	0	0	0	0
17349272849	-102.099609	-227.599609	739.601562	-180.500000	166.500000	-130.800781	7.054554	6.974677	138.499390	-0.014234	2.503139	-1.801873	0	0	0	0	0	0
17522460703	392.898438	0.199219	201.500000	48.000000	-144.900391	26.601562	-2.288807	-10.127033	74.205902	1.070526	0.053819	0.377192	0	0	0	0	0	0
17698482956	1255.601562	275.601562	-893.500000	309.199219	-514.699219	133.000000	-17.205341	-38.616062	-33.570576	1.963930	-4.675057	2.539306	0	0	0	0	0	0
17862666252	1534.300781	484.800781	-1174.699219	520.199219	-910.300781	299.101562	-20.573841	-53.957466	-99.704231	2.964182	-5.356449	4.341066	0	0	0	0	0	0
18035774239	1940.101562	665.699219	-1593.500000	671.500000	-1114.400391	343.000000	-33.995747	-65.706474	-138.257629	3.736771	-5.853133	5.410224	0	0	0	0	0	0
18221122164	1910.898438	823.898438	-1329.400391	879.699219	-1356.599609	570.101562	-25.508171	-73.640129	-135.782059	3.433653	-5.130692	7.237736	0	0	0	0	0	0
18391817381	1806.699219	1330.300781	-658.500000	1441.601562	-1848.800781	1223.398438	-4.726932	-82.596428	-115.451797	3.697995	-3.408050	12.635033	0	0	0	0	0	0
18575781055	1992.699219	1689.898438	-723.599609	1787.398438	-2005.400391	1539.898438	-7.983272	-89.560486	-119.494400	4.033926	-3.493021	15.766248	0	0	0	0	0	0
18746962809	1283.699219	507.300781	-338.000000	612.898438	-1532.300781	475.000000	-2.687392	-53.706039	-102.698135	4.182519	-1.014823	4.384772	0	0	0	0	0	0
18928199479	247.000000	-756.500000	341.199219	-610.000000	-1009.900391	-570.300781	11.405446	-11.851170	-85.240822	3.917059	1.714173	-6.030392	0	0	0	0	0	0
19102734700	-160.400391	-1208.699219	458.800781	-1085.800781	-650.099609	-999.500000	13.679249	9.326842	-79.965118	3.896737	2.209310	-10.231316	0	0	0	0	0	0
19298129966	-406.400391	-908.199219	388.898438	-811.199219	-184.099609	-713.500000	19.436985	14.450511	-46.340282	1.222290	0.263367	-7.241191	0	0	0	0	0	0
19480464670	-93.599609	-90.500000	38.898438	-44.400391	3.800781	-30.599609	6.459902	0.179471	-11.990732	-0.547328	-0.826997	-0.519940	0	0	0	0	0	0
19654364270	-1.099609	-75.900391	284.199219	17.101562	-352.000000	47.800781	15.214749	-8.250081	-12.480267	0.272857	-0.096362	0.049231	0	0	0	0	0	0
19834007747	-392.900391	-349.699219	1045.000000	-161.800781	-618.000000	-24.800781	40.888054	-2.293407	1.375463	0.657218	1.705507	-1.709146	0	0	0	0	0	0
20004138262	-731.599609	-164.699219	1807.199219	143.898438	-1067.099609	442.800781	77.586723	-7.906964	-1.055259	0.503581	2.128013	1.325208	0	0	0	0	0	0
20177277481	-772.300781	-56.000000	2388.300781	340.800781	-1573.099609	730.300781	99.885262	-18.770924	10.792579	0.751772	3.161440	3.104695	0	0	0	0	0	0
20360603499	-1073.900391	-188.099609	2820.699219	250.800781	-1633.800781	713.800781	113.132904	-11.470986	22.650539	1.019530	4.390361	2.359971	0	0	0	0	0	0
20538383035	-1126.800781	-219.300781	2983.898438	229.398438	-1721.300781	725.500000	117.313293	-11.198593	26.157377	1.240802	4.917831	2.272798	0	0	0	0	0	0
20719906991	-1262.599609	-208.800781	3124.000000	250.000000	-1722.400391	774.000000	122.326340	-7.805716	28.858917	1.150814	5.106944	2.461912	0	0	0	0	0	0
20895286303	-1248.500000	-244.000000	3025.699219	205.300781	-1626.699219	708.800781	118.088417	-5.458697	28.841639	1.170399	5.009974	2.101928	0	0	0	0	0	0
21082946643	-330.900391	-88.699219	1161.500000	84.398438	-756.199219	254.398438	38.446690	-6.643449	15.022095	1.067949	2.357753	0.735721	0	0	0	0	0	0
21245490660	436.699219	111.699219	-507.099609	39.300781	90.199219	-72.000000	-29.043058	-4.681986	5.946025	0.756592	0.150351	0.347401	0	0	0	0	0	0
21436903635	1010.199219	210.000000	-1643.599609	-19.300781	620.898438	-323.900391	-74.701393	-8.767492	-1.342854	0.185163	-1.573050	-0.308665	0	0	0	0	0	0
21637266169	1292.101562	267.699219	-2194.699219	-23.400391	861.699219	-408.599609	-95.521805	-11.135637	-5.903569	-0.099709	-2.464216	-0.428180	0	0	0	0	0	0
21814137050	1603.199219	342.800781	-2711.000000	2.101562	1057.800781	-481.800781	-115.870338	-16.228687	-7.495164	-0.417189	-3.425933	-0.368834	0	0	0	0	0	0
21976224979	1815.898438	418.101562	-3050.400391	36.000000	1164.601562	-511.400391	-129.241394	-19.149160	-10.919472	-0.455045	-3.870201	-0.167562	0	0	0	0	0	0
22160406036	2134.898438	553.800781	-3481.500000	138.398438	1236.101562	-489.000000	-146.245880	-27.350779	-17.520699	-0.548071	-4.505542	0.625212	0	0	0	0	0	0
22331824830	2466.800781	668.101562	-3390.400391	320.199219	781.199219	-348.699219	-141.149689	-48.419846	-24.189060	-0.024318	-4.410464	2.051646	0	0	0	0	0	0
22511025399	2767.699219	890.000000	-2823.699219	703.500000	-130.400391	16.800781	-116.292488	-79.067276	-26.419773	0.611242	-3.831911	5.015217	0	0	0	0	0	0
22708140138	2783.300781	870.601562	-2007.800781	822.199219	-925.000000	210.601562	-84.393318	-97.228188	-19.916668	1.525764	-2.486457	5.901184	0	0	0	0	0	0
22888182745	2618.699219	1001.800781	-973.300781	1104.300781	-1768.400391	644.300781	-41.473385	-113.636307	-16.598713	1.974993	-1.244181	8.634206	0	0	0	0	0	0
23068968491	2051.199219	1229.398438	-28.800781	1418.601562	-2127.800781	1182.699219	-0.979060	-108.188095	-6.675655	1.563368	-0.188871	11.894364	0	0	0	0	0	0
23264139884	1321.601562	1329.101562	864.898438	1582.000000	-2243.500000	1571.800781	36.010796	-92.566849	0.804612	1.165942	0.939056	13.829033	0	0	0	0	0	0
23444826186	533.199219	1258.500000	1612.398438	1565.699219	-2169.099609	1749.101562	64.605835	-70.125565	11.591467	0.869458	2.323556	14.186754	0	0	0	0	0	0
23610118745	33.601562	1197.500000	1963.398438	1524.898438	-1974.099609	1822.699219	77.449539	-52.279957	19.156668	0.485226	3.055065	13.971858	0	0	0	0	0	0
23793031429	178.898438	1469.500000	1319.500000	1712.101562	-1584.599609	1890.101562	54.806778	-48.242516	4.207579	0.139556	1.086886	15.669323	0	0	0	0	0	0
23979562157	1071.398438	1874.500000	-182.199219	1947.699219	-1108.599609	1846.199219	-1.441761	-61.025761	-19.824442	-0.119080	-1.551713	17.350935	0	0	0	0	0	0
24168759545	1271.398438	1696.800781	-674.900391	1699.898438	-858.199219	1516.300781	-20.309637	-56.677311	-26.445671	0.058965	-2.064150	14.650990	0	0	0	0	0	0
24348535628	383.699219	62.398438	-98.300781	105.800781	-338.000000	51.601562	-7.789872	-12.128893	-10.749154	1.116662	0.149757	0.308068	0	0	0	0	0	0
24527242882	105.898438	-606.699219	192.898438	-535.599609	-271.400391	-531.900391	0.485808	-0.783614	-3.688958	1.613978	1.114456	-5.418746	0	0	0	0	0	0
24702763715	8.199219	-887.400391	323.601562	-797.400391	-263.300781	-775.000000	3.993518	3.483417	-1.999455	1.886266	1.546615	-7.744165	0	0	0	0	0	0
24888277928	-50.199219	-998.099609	354.398438	-907.699219	-232.000000	-873.400391	4.801933	6.310473	-0.107730	1.976006	1.620821	-8.688251	0	0	0	0	0	0
25059596635	-86.000000	-1132.599609	316.898438	-1046.900391	-128.099609	-1034.300781	3.365314	10.127186	1.172152	1.964002	1.515330	-10.009513	0	0	0	0	0	0
25229069030	-141.699219	-1043.900391	211.199219	-991.300781	33.101562	-966.800781	4.483587	9.126757	5.279879	1.202346	1.053507	-9.238509	0	0	0	0	0	0
25402698988	-102.000000	-538.800781	236.500000	-475.000000	-78.800781	-451.400391	8.875594	1.880696	3.255571	0.697913	0.605844	-4.461455	0	0	0	0	0	0
25593681385	-83.199219	-224.900391	175.199219	-177.900391	-78.599609	-164.699219	7.269152	-0.938877	1.655713	0.235358	0.461410	-1.711838	0	0	0	0	0	0
25774687496	123.800781	49.500000	-24.900391	78.500000	-103.800781	53.000000	1.971598	-10.432302	-1.911595	-0.141243	-0.295675	0.594754	0	0	0	0	0	0
25958017356	652.898438	242.398438	-174.400391	302.601562	-562.300781	207.300781	-1.990223	-35.741760	-12.355225	0.453944	-0.522001	2.488159	0	0	0	0	0	0
26133009552	1536.601562	305.300781	-418.300781	405.199219	-1229.500000	177.898438	-11.887870	-74.674858	-17.776417	1.338604	-0.738237	3.055364	0	0	0	0	0	0
26305997149	2021.699219	471.898438	-667.800781	577.398438	-1485.400391	265.800781	-21.012268	-94.667572	-21.020527	1.484701	-1.307736	4.328874	0	0	0	0	0	0
26477979465	2449.898438	380.800781	-599.900391	532.398438	-1963.800781	164.199219	-19.961889	-116.063057	-21.246832	2.181720	-0.903776	3.685076	0	0	0	0	0	0
26651654182	2872.101562	307.699219	-533.699219	494.800781	-2476.599609	84.199219	-18.388300	-139.019913	-24.709991	3.003013	-0.602345	3.109289	0	0	0	0	0	0
26836260646	3240.898438	265.898438	-665.699219	470.699219	-2718.300781	-16.699219	-24.158068	-154.540146	-27.179752	3.348650	-0.861877	2.663835	0	0	0	0	0	0
27005371208	3609.500000	303.101562	-881.500000	509.898438	-2861.400391	-47.099609	-32.820896	-168.416260	-28.704132	3.510877	-1.249702	2.732884	0	0	0	0	0	0
27182129363	3658.000000	236.398438	-1025.599609	435.101562	-2745.800781	-165.900391	-37.168743	-167.876282	-27.812082	3.252694	-1.730960	1.953380	0	0	0	0	0	0
27366061188	3423.800781	174.000000	-1105.400391	344.199219	-2397.099609	-214.699219	-38.473625	-153.361404	-22.069736	2.747406	-2.138683	1.304608	0	0	0	0	0	0
27552083102	3282.300781	223.101562	-1113.699219	390.000000	-2258.000000	-165.800781	-38.387371	-148.189056	-18.487331	2.496201	-2.314755	1.705096	0	0	0	0	0	0
27701728690	3310.699219	218.601562	-1096.199219	386.000000	-2283.199219	-162.099609	-37.110096	-148.864380	-18.049931	2.549412	-2.358237	1.641752	0	0	0	0	0	0
27880144213	3280.000000	210.199219	-994.000000	384.199219	-2346.500000	-155.900391	-33.469524	-149.347412	-16.298826	2.616014	-2.216466	1.702565	0	0	0	0	0	0
28041141902	3406.500000	242.398438	-1018.900391	431.500000	-2435.300781	-131.800781	-34.546253	-154.544632	-15.793198	2.701460	-2.274913	1.951540	0	0	0	0	0	0
28201651868	3521.800781	311.800781	-1135.900391	485.199219	-2455.099609	-106.699219	-38.968933	-159.461655	-15.954134	2.709765	-2.448213	2.522158	0	0	0	0	0	0
28384019989	3677.500000	362.800781	-1244.699219	526.199219	-2501.300781	-89.800781	-43.222202	-164.617935	-16.114746	2.729296	-2.643126	2.764578	0	0	0	0	0	0
28538864018	3664.800781	332.500000	-1222.800781	506.101562	-2516.099609	-112.400391	-41.904312	-164.736237	-15.554964	2.703467	-2.686153	2.601300	0	0	0	0	0	0
28718810190	3672.898438	295.898438	-1211.699219	476.199219	-2517.300781	-137.500000	-41.641476	-163.962082	-15.257918	2.836508	-2.620398	2.274955	0	0	0	0	0	0
28902367916	2056.398438	272.398438	-796.099609	364.398438	-1295.699219	14.601562	-26.488855	-85.719017	-8.076297	1.494100	-1.433343	2.029732	0	0	0	0	0	0
29070250397	367.699219	32.699219	-87.300781	70.601562	-243.300781	12.699219	-1.758585	-16.820419	7.541771	0.570071	-0.172199	0.197785	0	0	0	0	0	0
29236606397	167.699219	20.199219	-99.599609	31.398438	-49.800781	-14.800781	-1.804570	-7.857888	2.585810	0.181072	-0.423802	0.029292	0	0	0	0	0	0
29399168534	148.199219	58.699219	-377.699219	83.398438	93.199219	13.800781	-3.602495	-12.307624	-28.200096	-1.393237	-2.500118	0.585562	0	0	0	0	0	0
29579970213	807.500000	275.800781	-1287.199219	260.898438	-192.599609	69.398438	-19.733284	-30.557623	-122.627357	0.268844	-5.088819	2.049638	0	0	0	0	0	0
29740227339	1288.398438	358.500000	-1588.699219	359.898438	-641.199219	90.500000	-25.358120	-44.297497	-170.702271	2.548696	-5.839991	2.586831	0	0	0	0	0	0
29912378736	1532.699219	388.601562	-1805.800781	384.601562	-760.699219	80.800781	-30.573755	-51.564926	-184.959076	3.108952	-6.528382	2.719306	0	0	0	0	0	0
30081274781	1680.500000	413.101562	-1935.000000	396.800781	-775.000000	57.199219	-33.900848	-56.666618	-185.984756	3.195758	-7.047021	2.764864	0	0	0	0	0	0
30272471100	1688.398438	403.800781	-1975.699219	390.300781	-744.300781	45.800781	-34.366871	-56.013332	-183.870926	3.084265	-7.335670	2.677307	0	0	0	0	0	0
30423237078	1707.800781	391.800781	-2007.500000	372.898438	-727.900391	19.199219	-36.402931	-56.290173	-187.966446	3.121490	-7.390782	2.477493	0	0	0	0	0	0
30589894759	1732.199219	417.000000	-2032.400391	386.101562	-757.699219	28.101562	-37.859493	-56.794041	-190.803848	3.285957	-7.199824	2.616909	0	0	0	0	0	0
30768962351	1707.000000	395.500000	-2027.599609	385.199219	-730.500000	30.898438	-36.979328	-55.943104	-189.275558	3.242182	-7.273578	2.492385	0	0	0	0	0	0
30939417939	1705.000000	368.500000	-2032.099609	353.500000	-709.400391	-11.900391	-37.616016	-55.913265	-187.073715	3.140602	-7.316799	2.223455	0	0	0	0	0	0
31114377670	1665.601562	374.000000	-2056.699219	357.601562	-663.500000	-2.500000	-36.909801	-54.665527	-188.774948	2.890011	-7.472198	2.267208	0	0	0	0	0	0
31266795913	1656.398438	377.898438	-2113.599609	358.300781	-615.500000	0.898438	-36.772911	-55.907097	-194.309769	2.494831	-7.970283	2.301326	0	0	0	0	0	0
31450961964	1685.699219	447.601562	-2179.500000	421.398438	-610.000000	55.199219	-37.932983	-55.425892	-195.868607	2.617606	-8.108558	2.814735	0	0	0	0	0	0
31638757899	1660.101562	409.500000	-2074.400391	406.500000	-685.199219	46.000000	-34.353939	-55.479336	-198.027496	2.846746	-8.013633	2.693672	0	0	0	0	0	0
31809544888	1740.199219	438.101562	-2127.800781	432.000000	-736.000000	63.601562	-36.114334	-57.669174	-203.712158	3.085955	-8.008010	2.883676	0	0	0	0	0	0
31963215366	1758.800781	451.300781	-2143.199219	436.398438	-771.199219	69.199219	-36.573311	-59.534374	-209.740814	3.119238	-8.064308	3.016776	0	0	0	0	0	0
32125244482	1528.199219	363.101562	-1909.500000	349.101562	-680.599609	25.800781	-31.576599	-52.178600	-188.822403	2.440073	-7.013071	2.195223	0	0	0	0	0	0
32317061218	241.500000	-12.000000	-574.400391	-1.599609	6.300781	-91.699219	-5.030952	-12.725073	-58.454056	-0.740686	-2.423499	-0.577759	0	0	0	0	0	0
32489338762	-15.300781	-179.400391	350.101562	-136.400391	-18.699219	-129.400391	5.890705	-3.091352	55.867592	0.258299	1.229645	-1.530629	0	0	0	0	0	0
32681173546	123.601562	-158.400391	456.898438	-126.599609	50.800781	-134.000000	4.692780	-4.872038	110.616158	0.288474	1.354406	-1.413300	0	0	0	0	0	0
32879341863	153.398438	-223.099609	507.500000	-184.300781	130.800781	-185.900391	6.029275	-4.390959	137.970261	0.118328	1.150414	-2.018018	0	0	0	0	0	0
33058252615	162.800781	-212.400391	468.101562	-175.800781	173.800781	-184.099609	6.191927	-4.311448	139.486816	-0.057146	0.742789	-1.934993	0	0	0	0	0	0
33221799671	173.898438	-202.500000	448.500000	-166.099609	154.601562	-177.099609	7.659242	-5.051302	134.679535	-0.001082	0.436319	-1.831571	0	0	0	0	0	0
33395006785	136.000000	-160.400391	395.601562	-133.699219	213.000000	-140.000000	6.474032	-3.091426	132.565109	-0.146507	0.499003	-1.526071	0	0	0	0	0	0
33573488423	84.199219	-139.599609	379.199219	-118.500000	291.699219	-127.699219	5.564319	-1.210780	133.805496	-0.652106	0.291150	-1.328004	0	0	0	0	0	0
33769077353	4.500000	-128.599609	451.500000	-99.500000	287.199219	-91.300781	8.184363	-0.376977	130.682068	-0.797683	0.444864	-1.182048	0	0	0	0	0	0
33931964237	-10.199219	-103.900391	459.898438	-77.900391	284.601562	-72.400391	8.243368	-0.207688	130.816223	-0.826602	0.457672	-1.009159	0	0	0	0	0	0
34119662705	108.800781	-95.699219	386.800781	-63.099609	203.601562	-72.199219	7.200274	-3.720660	123.861763	-0.463263	0.304287	-0.867226	0	0	0	0	0	0
34307909649	60.601562	-77.900391	376.199219	-43.900391	236.300781	-44.800781	6.709882	-2.427328	118.603737	-0.649085	0.282731	-0.669421	0	0	0	0	0	0
34483570934	71.500000	-70.000000	378.101562	-53.099609	218.199219	-55.900391	6.243707	-2.280492	115.020897	-0.454390	0.424620	-0.691284	0	0	0	0	0	0
34662140387	202.601562	-112.400391	384.601562	-63.400391	-130.699219	-64.000000	5.904518	-7.529727	76.786911	1.102893	1.099638	-0.758339	0	0	0	0	0	0
34854841899	199.800781	-38.500000	-53.699219	-4.300781	-153.599609	-36.099609	1.104860	-10.324616	-2.136799	0.556973	-0.302787	-0.191379	0	0	0	0	0	0
35045529070	-39.400391	-41.300781	42.199219	-6.699219	-11.699219	-3.500000	5.972871	-4.046071	-3.442513	-0.326718	-0.353346	-0.221912	0	0	0	0	0	0
35202955686	-70.500000	-67.099609	327.898438	24.500000	-273.300781	47.000000	18.625240	-8.761248	-5.958540	-0.173794	0.010471	-0.036745	0	0	0	0	0	0
35370992404	-126.900391	-3.800781	919.500000	199.800781	-833.400391	319.000000	44.897434	-20.848251	-8.521654	0.413605	0.829758	1.627693	0	0	0	0	0	0
35549558848	-578.199219	-239.900391	1961.300781	90.101562	-1288.400391	387.500000	80.351898	-16.630491	15.917795	0.995639	3.345361	0.679146	0	0	0	0	0	0
35719178284	-848.500000	-365.300781	2586.300781	57.300781	-1602.800781	448.699219	103.013084	-16.253876	23.189465	1.212488	4.499088	0.424144	0	0	0	0	0	0
35889286078	-1001.900391	-369.800781	2643.199219	40.800781	-1526.500000	473.300781	106.285149	-13.141736	21.791821	0.773984	4.242669	0.455393	0	0	0	0	0	0
36067335395	-1147.300781	-388.000000	2703.000000	20.300781	-1440.800781	482.300781	109.332306	-7.039761	21.857077	0.701154	4.336487	0.309569	0	0	0	0	0	0
36241479009	-1255.800781	-399.699219	2779.898438	21.601562	-1421.199219	471.601562	112.910904	-2.931027	21.040754	0.780947	4.442956	0.286354	0	0	0	0	0	0
36425833482	-1287.699219	-372.900391	2881.199219	55.500000	-1471.599609	529.601562	116.113495	-3.403884	20.464417	0.822534	4.491398	0.610445	0	0	0	0	0	0
36582157496	-1294.599609	-386.900391	2923.601562	48.300781	-1518.699219	529.101562	119.557297	-4.109629	21.214169	0.885349	4.546104	0.593839	0	0	0	0	0	0
36773656470	-1298.099609	-409.500000	2924.199219	28.398438	-1513.800781	516.000000	118.455261	-3.479559	24.182936	0.930572	4.642517	0.347954	0	0	0	0	0	0
36954594057	-1066.800781	-400.000000	2328.000000	-53.000000	-1157.099609	324.500000	91.409317	-1.043155	23.035137	0.745824	3.804259	-0.455041	0	0	0	0	0	0
37115115301	-324.699219	-288.000000	831.500000	-164.300781	-432.400391	-42.500000	29.274214	-1.807430	14.374262	0.718717	1.863350	-1.439267	0	0	0	0	0	0
37285264107	249.101562	17.398438	-436.300781	-55.099609	210.199219	-143.099609	-20.839813	-2.493397	5.783947	0.233837	-0.130647	-0.401709	0	0	0	0	0	0
37450476942	751.398438	262.199219	-1474.500000	37.500000	729.898438	-209.800781	-61.889931	-4.755080	2.932960	-0.312558	-1.795013	0.368135	0	0	0	0	0	0
37644261483	1069.300781	366.800781	-2153.900391	48.601562	1051.699219	-312.099609	-88.622108	-7.198487	-3.921704	-0.651747	-2.694573	0.359653	0	0	0	0	0	0
37797615901	1151.500000	390.199219	-2381.300781	42.601562	1191.699219	-350.800781	-97.107346	-6.381299	-5.021728	-0.886064	-3.143359	0.278663	0	0	0	0	0	0
37978437151	1280.699219	385.699219	-2588.500000	7.699219	1250.898438	-401.800781	-105.035583	-9.166823	-6.982216	-0.928121	-3.485516	0.014753	0	0	0	0	0	0
38182616683	1348.398438	419.300781	-2740.000000	23.000000	1335.601562	-407.900391	-110.643959	-9.596908	-7.806702	-1.089771	-3.814777	0.128215	0	0	0	0	0	0
38357658939	1464.898438	438.898438	-2920.400391	34.000000	1385.398438	-430.500000	-117.375046	-11.694079	-9.192796	-1.130601	-4.043573	0.120172	0	0	0	0	0	0
38524641337	1579.300781	473.101562	-3090.199219	44.101562	1435.601562	-461.800781	-124.881859	-14.021903	-11.837111	-1.175066	-4.302332	0.174110	0	0	0	0	0	0
38697763344	1671.101562	505.000000	-3238.900391	85.800781	1470.101562	-465.300781	-130.091003	-16.058458	-13.344442	-1.268066	-4.472618	0.302965	0	0	0	0	0	0
38879797758	1702.898438	521.300781	-3298.400391	62.398438	1499.101562	-464.599609	-132.686920	-15.877256	-14.520509	-1.287317	-4.540377	0.377747	0	0	0	0	0	0
39059129771	1722.199219	529.800781	-3337.599609	80.199219	1507.101562	-473.000000	-134.274612	-16.456179	-14.919785	-1.287062	-4.573180	0.387629	0	0	0	0	0	0
39242558171	1728.000000	519.898438	-3324.500000	79.199219	1491.500000	-466.699219	-133.955872	-17.020145	-15.468976	-1.254411	-4.540564	0.343058	0	0	0	0	0	0
39443321065	1644.101562	499.398438	-3201.800781	78.601562	1462.101562	-468.900391	-129.214035	-15.097242	-14.805548	-1.222608	-4.372839	0.254752	0	0	0	0	0	0
39612724462	1025.398438	327.699219	-2002.500000	65.699219	920.800781	-287.800781	-76.738411	-11.147506	-10.443824	-0.902010	-2.978686	0.117151	0	0	0	0	0	0
39770619853	500.601562	219.898438	-850.400391	127.101562	347.101562	-33.500000	-29.135229	-12.309837	-2.147108	-0.818436	-1.822618	0.935640	0	0	0	0	0	0
39955226414	474.500000	169.101562	-535.699219	136.898438	50.898438	12.699219	-18.395123	-18.397057	-1.140469	-0.457324	-1.106202	0.949573	0	0	0	0	0	0
40148848673	772.800781	183.500000	-334.800781	228.898438	-446.500000	81.500000	-11.096803	-37.448612	-4.004591	0.137858	-0.599245	1.536957	0	0	0	0	0	0
40306830294	1120.699219	209.500000	-296.800781	298.199219	-853.900391	116.898438	-9.223176	-57.672180	-7.204696	0.467844	-0.502069	2.101382	0	0	0	0	0	0
40482173841	1669.699219	288.500000	-346.900391	430.398438	-1375.699219	173.500000	-9.771934	-86.102356	-8.526582	0.744181	-0.735051	3.109957	0	0	0	0	0	0
40669544722	2184.699219	492.699219	-515.900391	642.300781	-1732.400391	307.199219	-15.228508	-109.067230	-8.854251	0.927946	-1.134101	4.814581	0	0	0	0	0	0
40857224547	2362.601562	535.101562	-516.599609	703.898438	-1920.699219	356.398438	-14.509253	-118.786491	-9.755032	0.995548	-1.253424	5.250137	0	0	0	0	0	0
41005274567	2433.300781	568.898438	-529.099609	734.898438	-1987.300781	368.699219	-15.128280	-122.227272	-12.878555	1.097094	-1.263253	5.607868	0	0	0	0	0	0
41190496739	2591.800781	659.398438	-596.699219	820.300781	-2100.800781	440.800781	-17.904160	-128.975449	-13.264277	1.186521	-1.322610	6.312333	0	0	0	0	0	0
41376560599	2631.300781	701.500000	-631.599609	864.800781	-2115.199219	475.699219	-17.996599	-131.587891	-13.499765	1.130118	-1.480027	6.661238	0	0	0	0	0	0
41554684690	2688.699219	716.601562	-667.400391	886.300781	-2116.099609	487.300781	-19.458015	-133.942368	-13.546903	1.087974	-1.598810	6.784383	0	0	0	0	0	0
41711235137	2691.101562	733.699219	-677.800781	896.000000	-2103.199219	494.000000	-19.901464	-133.842453	-14.689652	1.054952	-1.640148	6.882941	0	0	0	0	0	0
41886684636	2674.601562	712.898438	-658.900391	879.898438	-2095.900391	470.699219	-19.319508	-132.772827	-14.841738	1.038761	-1.657885	6.673388	0	0	0	0	0	0
42045394150	2700.300781	741.199219	-703.199219	891.898438	-2086.699219	480.699219	-20.681963	-134.342163	-14.942329	0.971659	-1.763038	6.880070	0	0	0	0	0	0
42198766080	2731.699219	775.800781	-758.599609	920.300781	-2086.500000	498.000000	-22.653320	-135.210129	-14.420591	0.946647	-1.825894	7.165172	0	0	0	0	0	0
42380314760	2649.199219	796.898438	-762.800781	944.199219	-1996.699219	522.199219	-23.189220	-130.406769	-14.414557	0.850709	-1.860220	7.382800	0	0	0	0	0	0
42552836110	2330.601562	928.699219	-639.000000	1062.199219	-1800.800781	708.101562	-17.734324	-112.262444	-13.510377	0.735037	-1.611686	8.706034	0	0	0	0	0	0
42734504176	1919.101562	997.101562	-485.000000	1115.601562	-1537.400391	834.800781	-14.035757	-97.278465	-13.856112	0.536446	-1.285013	9.251581	0	0	0	0	0	0
42921019458	1982.699219	842.699219	-520.500000	960.500000	-1567.900391	651.500000	-16.062363	-100.075912	-15.378257	0.747961	-1.244810	7.703255	0	0	0	0	0	0
43078873179	2353.800781	583.300781	-561.300781	732.898438	-1884.699219	379.699219	-18.316645	-116.068459	-15.466908	1.318720	-1.291182	5.431592	0	0	0	0	0	0
43248816872	2630.000000	383.398438	-593.800781	559.500000	-2081.900391	164.300781	-19.662497	-127.605576	-12.534842	1.627215	-1.508605	3.686089	0	0	0	0	0	0
43393862893	2773.699219	281.898438	-612.900391	470.898438	-2208.300781	60.699219	-19.940237	-134.790970	-11.562776	1.764440	-1.670782	2.788530	0	0	0	0	0	0
43586791472	2867.101562	218.500000	-619.000000	418.398438	-2284.699219	-16.000000	-19.577404	-139.675354	-10.500197	1.817280	-1.811031	2.282909	0	0	0	0	0	0
43742521465	2881.398438	190.699219	-610.599609	397.699219	-2302.500000	-29.000000	-18.677444	-140.234238	-9.414486	1.752551	-1.917446	2.070694	0	0	0	0	0	0
43924103923	2875.101562	200.601562	-634.199219	405.800781	-2274.800781	-37.300781	-19.514071	-140.391525	-9.167808	1.674190	-2.015086	2.152274	0	0	0	0	0	0
44096082231	2924.898438	187.800781	-620.699219	400.000000	-2311.099609	-35.099609	-18.873455	-142.047348	-8.279942	1.715777	-2.031415	2.004131	0	0	0	0	0	0
44285083830	2955.398438	189.101562	-645.500000	405.101562	-2344.800781	-40.500000	-19.249733	-144.123505	-9.738906	1.673017	-2.094879	2.051559	0	0	0	0	0	0
44456877524	3007.300781	192.699219	-663.400391	408.398438	-2381.400391	-38.300781	-19.930637	-146.027573	-8.817447	1.733571	-2.105059	2.063775	0	0	0	0	0	0
44622499982	2989.800781	204.398438	-691.300781	416.398438	-2340.099609	-33.699219	-21.122377	-145.210495	-10.263644	1.640402	-2.168877	2.149206	0	0	0	0	0	0
44793892749	2984.398438	210.300781	-696.400391	419.699219	-2315.199219	-35.000000	-21.135386	-144.227188	-10.195236	1.640984	-2.149977	2.171312	0	0	0	0	0	0
44972547225	2989.101562	208.898438	-681.900391	414.500000	-2336.099609	-41.400391	-20.794132	-145.136719	-10.115227	1.653496	-2.135801	2.173749	0	0	0	0	0	0
45137238598	3005.000000	209.500000	-702.800781	424.000000	-2349.900391	-29.300781	-21.374229	-145.492676	-9.796057	1.668913	-2.169632	2.194259	0	0	0	0	0	0
45311253005	3010.500000	229.000000	-711.400391	430.699219	-2330.900391	-12.599609	-21.996141	-145.625031	-10.557278	1.699260	-2.140768	2.289624	0	0	0	0	0	0
45501844349	3057.898438	235.800781	-734.300781	448.000000	-2365.400391	-27.900391	-23.148800	-147.285934	-11.769128	1.724623	-2.190206	2.411581	0	0	0	0	0	0
45667774876	3057.300781	237.101562	-739.599609	446.000000	-2364.400391	-25.900391	-23.390265	-147.079422	-12.727633	1.729125	-2.159074	2.391061	0	0	0	0	0	0
45842624162	3038.300781	231.000000	-725.900391	442.101562	-2350.900391	-26.800781	-23.256258	-146.340500	-11.684881	1.758260	-2.099061	2.378580	0	0	0	0	0	0
46028485410	3006.500000	232.898438	-723.500000	434.500000	-2336.300781	-22.800781	-22.867443	-144.486786	-12.101756	1.746994	-2.053601	2.351481	0	0	0	0	0	0
46210924906	3013.898438	252.699219	-718.400391	457.699219	-2343.300781	-13.099609	-23.534332	-145.206284	-12.664214	1.811728	-2.004736	2.522413	0	0	0	0	0	0
46378694058	2999.199219	258.800781	-740.400391	460.601562	-2321.199219	-5.500000	-24.221506	-144.753403	-12.467052	1.788972	-1.986004	2.580951	0	0	0	0	0	0
46554272217	2887.101562	315.898438	-709.500000	502.699219	-2226.500000	64.500000	-23.467207	-137.782318	-12.808775	1.698796	-1.858477	2.969173	0	0	0	0	0	0
46742119726	1105.398438	177.601562	-348.900391	250.699219	-759.000000	69.398438	-10.968993	-49.149166	-2.309363	0.511132	-0.735256	1.482815	0	0	0	0	0	0
46902752253	138.800781	24.300781	-22.500000	49.898438	-97.400391	17.398438	-0.383231	-8.020875	0.827850	0.104352	-0.030947	0.144394	0	0	0	0	0	0
47088651741	-26.800781	13.898438	49.398438	32.500000	-0.699219	21.398438	2.163429	-1.298578	1.228674	-0.042747	0.131000	0.075286	0	0	0	0	0	0
47282157714	-428.199219	22.699219	246.699219	11.601562	234.601562	65.699219	7.728230	17.651659	9.012149	0.065820	0.703665	0.187103	0	0	0	0	0	0
47448130280	-1031.300781	51.699219	476.398438	-22.599609	643.699219	140.300781	13.401697	46.466198	18.499170	-0.014481	1.471486	0.283695	0	0	0	0	0	0
47604074485	-1450.500000	108.500000	608.300781	-46.199219	952.000000	200.000000	15.744742	67.064896	25.690409	0.076093	1.969039	0.586316	0	0	0	0	0	0
47808467104	-1699.099609	101.300781	752.199219	-91.099609	1086.800781	216.300781	19.243334	78.309982	32.012077	0.165804	2.356307	0.408309	0	0	0	0	0	0
47967044891	-1761.800781	97.898438	783.500000	-104.699219	1133.601562	211.800781	19.422039	82.087761	33.575237	0.226630	2.492322	0.388155	0	0	0	0	0	0
48152007523	-1802.599609	98.199219	802.898438	-116.400391	1149.800781	217.398438	20.301144	84.010445	34.713455	0.277986	2.495821	0.384650	0	0	0	0	0	0
48306437052	-1809.400391	98.101562	793.699219	-131.000000	1163.101562	214.699219	20.251717	84.130928	34.824078	0.306456	2.538512	0.292817	0	0	0	0	0	0
48486164734	-1800.300781	53.101562	839.000000	-166.500000	1128.398438	181.101562	21.008862	84.101044	36.236790	0.435086	2.647820	-0.059773	0	0	0	0	0	0
48683519985	-1799.400391	44.199219	832.601562	-173.500000	1134.300781	164.300781	20.854429	84.508034	38.064026	0.490939	2.663614	-0.139153	0	0	0	0	0	0
48843507976	-1772.500000	31.800781	854.898438	-183.699219	1095.000000	151.699219	21.348495	82.929695	38.364388	0.528317	2.729134	-0.221167	0	0	0	0	0	0
49022726096	-1768.599609	13.199219	863.300781	-194.400391	1094.500000	144.101562	21.401072	82.901184	39.200840	0.561926	2.817226	-0.326559	0	0	0	0	0	0
49190805823	-1777.099609	8.601562	875.101562	-199.099609	1097.800781	146.101562	20.950439	83.455170	39.484543	0.635644	2.864361	-0.437299	0	0	0	0	0	0
49386450232	-1764.500000	-13.599609	871.601562	-217.099609	1077.500000	125.199219	21.335060	83.066223	38.062199	0.705381	2.848268	-0.572778	0	0	0	0	0	0
49543160079	-1773.099609	-16.500000	875.300781	-227.800781	1088.300781	114.398438	21.447636	83.937363	39.032089	0.764974	2.920337	-0.607095	0	0	0	0	0	0
49717091499	-1800.599609	-20.900391	916.898438	-221.500000	1065.898438	126.800781	22.206961	84.292915	40.958019	0.868483	3.082313	-0.629677	0	0	0	0	0	0
49902176744	-1805.099609	-31.599609	926.500000	-236.300781	1071.398438	110.699219	22.419205	84.957695	39.944916	0.893227	3.112123	-0.724581	0	0	0	0	0	0
50091837057	-1773.800781	-39.300781	918.000000	-243.000000	1051.199219	104.398438	22.172611	83.691788	40.530991	0.909469	3.071975	-0.800796	0	0	0	0	0	0
50238926359	-1782.199219	-47.599609	931.601562	-251.699219	1047.101562	88.101562	22.531044	83.380463	41.132122	0.933973	3.120344	-0.894889	0	0	0	0	0	0
50422465622	-1780.400391	-57.300781	934.199219	-254.800781	1038.101562	91.601562	22.893560	83.408897	40.133488	0.952682	3.093406	-0.883491	0	0	0	0	0	0
50590884200	-1773.599609	-58.599609	957.601562	-251.300781	1019.898438	90.500000	23.282429	82.897110	40.389385	0.978391	3.167191	-0.861443	0	0	0	0	0	0
50779849874	-1737.400391	-60.099609	936.000000	-251.099609	998.000000	88.398438	22.934534	81.149933	40.658871	0.974506	3.138897	-0.919959	0	0	0	0	0	0
50939243702	-1711.500000	-67.500000	924.398438	-246.099609	985.199219	87.000000	22.625790	79.931992	40.557056	0.958464	3.088126	-0.948919	0	0	0	0	0	0
51109310861	-1737.800781	-72.800781	958.000000	-259.800781	989.101562	74.000000	23.468687	80.640968	40.253963	0.932413	3.149337	-0.981263	0	0	0	0	0	0
51300839014	-1738.800781	-67.199219	938.199219	-248.900391	1001.398438	83.898438	23.083462	80.324745	41.179962	0.882488	3.107654	-0.922983	0	0	0	0	0	0
51499118304	-1705.000000	-51.500000	912.699219	-236.199219	985.000000	93.000000	22.343424	78.961227	40.720230	0.821747	2.986843	-0.807529	0	0	0	0	0	0
51660857021	-1702.099609	-68.800781	916.199219	-244.500000	983.699219	86.000000	22.580029	78.820992	40.517879	0.836297	3.027478	-0.917060	0	0	0	0	0	0
51840738780	-1712.500000	-71.400391	925.699219	-245.300781	981.800781	81.199219	22.515455	79.128288	40.982849	0.851460	3.086032	-0.924803	0	0	0	0	0	0
52027137472	-1709.699219	-67.000000	920.300781	-249.599609	989.101562	74.800781	22.251259	79.269104	40.462360	0.861763	3.085954	-0.946069	0	0	0	0	0	0
52195240788	-1709.199219	-67.199219	911.500000	-258.400391	989.898438	88.898438	22.061642	79.030159	40.568794	0.886961	3.075990	-0.960021	0	0	0	0	0	0
52374844722	-1703.900391	-56.199219	921.898438	-243.400391	986.101562	88.199219	21.574217	78.884148	39.796150	0.814859	3.106915	-0.884450	0	0	0	0	0	0
52569023413	-1702.599609	-41.599609	878.101562	-240.500000	1021.300781	96.500000	20.833143	79.753876	38.609871	0.770648	3.010785	-0.760360	0	0	0	0	0	0
52737085451	-1700.300781	-36.400391	853.898438	-233.199219	1040.800781	99.398438	19.877270	79.884956	39.647415	0.726418	2.928234	-0.735892	0	0	0	0	0	0
52906166137	-1685.000000	-21.500000	817.601562	-224.199219	1051.601562	101.800781	19.207367	79.553299	37.836048	0.680525	2.787845	-0.622088	0	0	0	0	0	0
53079183230	-1668.300781	5.500000	787.699219	-198.099609	1048.898438	114.500000	18.390339	78.644424	38.646305	0.633271	2.761788	-0.448513	0	0	0	0	0	0
53250724885	-1660.099609	4.898438	808.601562	-195.599609	1044.898438	123.500000	18.772743	78.376701	37.516964	0.578945	2.781832	-0.436143	0	0	0	0	0	0
53448846029	-1662.099609	-8.199219	789.699219	-213.199219	1049.898438	105.000000	18.458132	78.398491	36.230122	0.606534	2.714853	-0.542502	0	0	0	0	0	0
53603139359	-1641.900391	-25.699219	783.398438	-222.099609	1033.800781	94.300781	18.220699	77.677032	36.640575	0.635280	2.709379	-0.657681	0	0	0	0	0	0
53779871677	-1627.000000	-31.800781	775.601562	-226.900391	1017.699219	80.398438	18.564604	77.104805	36.065556	0.652348	2.622051	-0.689818	0	0	0	0	0	0
53969268742	-1638.099609	-23.000000	772.800781	-223.400391	1045.898438	86.300781	18.416777	77.667702	35.259094	0.618758	2.576126	-0.656914	0	0	0	0	0	0
54154392491	-1669.000000	-6.099609	782.101562	-215.400391	1061.898438	108.300781	18.438078	78.681511	36.179028	0.604285	2.629551	-0.586220	0	0	0	0	0	0
54310911576	-1694.599609	-5.500000	801.000000	-210.099609	1075.199219	108.699219	18.787064	79.957237	37.049599	0.617405	2.677178	-0.549216	0	0	0	0	0	0
54492830943	-1726.400391	-2.800781	806.601562	-226.000000	1094.199219	109.000000	18.988770	82.015709	37.868309	0.624613	2.713953	-0.584313	0	0	0	0	0	0
54678274412	-1689.099609	-8.000000	773.699219	-228.500000	1095.398438	97.398438	17.938562	80.722748	38.001785	0.592649	2.632791	-0.608632	0	0	0	0	0	0
54846580638	-1668.599609	-17.599609	753.398438	-228.099609	1088.199219	84.699219	17.611069	79.661591	36.756813	0.600998	2.560867	-0.672840	0	0	0	0	0	0
55024701035	-1657.199219	-31.400391	743.800781	-241.000000	1087.800781	70.699219	17.440855	78.883514	36.700878	0.582952	2.523063	-0.841396	0	0	0	0	0	0
55210478579	-1517.199219	-20.199219	652.699219	-221.599609	1020.699219	65.000000	15.480173	72.105247	32.180439	0.470912	2.115928	-0.743858	0	0	0	0	0	0
55405505550	-589.099609	-48.099609	231.800781	-97.000000	418.699219	-4.800781	4.715549	25.150145	11.831623	0.155317	0.749610	-0.473355	0	0	0	0	0	0
55568124998	-90.400391	-8.800781	-32.800781	-8.300781	142.199219	-5.599609	-1.078683	2.315404	-0.175162	-0.269108	-0.191295	-0.008047	0	0	0	0	0	0
55750642786	135.601562	30.101562	-53.800781	55.199219	-74.699219	28.800781	-0.556832	-9.447251	-1.191235	-0.067515	-0.235482	0.424119	0	0	0	0	0	0
55927104163	830.199219	-3.599609	-140.800781	99.500000	-711.599609	-18.000000	-4.789384	-43.719662	-6.369130	0.744108	-0.229376	0.557901	0	0	0	0	0	0
56115549891	1622.101562	52.000000	-276.199219	212.898438	-1379.800781	3.398438	-9.204718	-82.620392	-10.617297	1.177483	-0.575754	1.213522	0	0	0	0	0	0
56280804388	1964.800781	44.101562	-289.199219	229.898438	-1701.099609	-20.699219	-8.526802	-100.346130	-8.078803	1.472973	-0.778370	1.188286	0	0	0	0	0	0
56457312758	2313.699219	69.398438	-379.000000	283.199219	-1964.199219	-33.599609	-12.137139	-115.686432	-8.616825	1.723662	-0.948615	1.400864	0	0	0	0	0	0
56623626480	2500.601562	69.898438	-402.099609	279.000000	-2117.900391	-64.300781	-13.986181	-123.553490	-10.174116	1.963738	-0.891442	1.429472	0	0	0	0	0	0
56807554553	2600.500000	74.500000	-434.300781	291.800781	-2184.300781	-77.400391	-15.202424	-128.145676	-10.285075	1.997623	-1.002414	1.387079	0	0	0	0	0	0
56954730747	2721.101562	68.800781	-479.000000	288.101562	-2274.900391	-99.800781	-16.757803	-133.819138	-9.499303	2.072763	-1.083581	1.286210	0	0	0	0	0	0
57134477603	2809.000000	42.199219	-482.300781	275.800781	-2343.300781	-111.699219	-16.615408	-137.603058	-9.507111	2.102407	-1.166769	1.096534	0	0	0	0	0	0
57322362705	2855.800781	28.101562	-491.199219	258.898438	-2388.599609	-144.800781	-16.640247	-140.530289	-8.571861	2.135461	-1.194960	0.925485	0	0	0	0	0	0
57503520941	2922.199219	34.500000	-504.500000	258.101562	-2431.800781	-160.199219	-17.657410	-143.587051	-9.755085	2.121470	-1.279855	0.953524	0	0	0	0	0	0
57645709074	2967.500000	43.699219	-538.500000	281.398438	-2454.900391	-137.300781	-18.630636	-145.942749	-9.760103	2.108909	-1.334793	1.049405	0	0	0	0	0	0
57823259259	2969.898438	38.500000	-548.199219	275.000000	-2440.699219	-150.099609	-18.353348	-145.428070	-10.098883	1.998539	-1.433678	1.012715	0	0	0	0	0	0
58003519727	2993.601562	53.398438	-562.400391	291.101562	-2462.900391	-159.000000	-18.668884	-147.267746	-10.152046	1.999556	-1.490805	1.121899	0	0	0	0	0	0
58188520034	3035.300781	70.300781	-582.900391	317.300781	-2486.800781	-138.300781	-19.549204	-149.149338	-11.406464	2.003504	-1.550887	1.271870	0	0	0	0	0	0
58336808486	3033.898438	80.800781	-584.300781	311.601562	-2474.699219	-124.199219	-19.554005	-148.632629	-10.370745	1.953206	-1.580269	1.302443	0	0	0	0	0	0
58518589941	3023.101562	88.101562	-594.800781	322.300781	-2461.199219	-125.400391	-19.368364	-148.664246	-9.772065	1.883616	-1.639926	1.343337	0	0	0	0	0	0
58691941772	3029.800781	85.800781	-589.199219	315.898438	-2468.900391	-120.500000	-19.127579	-148.693787	-10.656133	1.873052	-1.689218	1.374623	0	0	0	0	0	0
58840094485	3038.199219	100.699219	-593.199219	332.398438	-2470.000000	-105.599609	-19.126823	-149.155884	-9.879147	1.850349	-1.698896	1.454656	0	0	0	0	0	0
59022670863	3021.101562	96.898438	-593.500000	333.699219	-2452.699219	-101.199219	-19.200205	-148.291199	-9.881679	1.823151	-1.692504	1.469931	0	0	0	0	0	0
59184813484	2985.699219	95.500000	-590.000000	320.199219	-2426.199219	-103.300781	-18.709232	-146.712296	-10.320594	1.761429	-1.707377	1.426031	0	0	0	0	0	0
59356570469	3016.000000	118.101562	-604.800781	347.500000	-2438.099609	-101.099609	-19.351896	-148.318253	-10.101880	1.765351	-1.746194	1.586780	0	0	0	0	0	0
59546438177	3033.398438	100.000000	-597.800781	337.398438	-2444.300781	-113.199219	-19.098660	-148.601868	-10.023626	1.766061	-1.748127	1.486262	0	0	0	0	0	0
59722857376	2881.500000	79.300781	-539.199219	310.601562	-2362.400391	-94.599609	-16.123650	-142.477493	-9.911321	1.674776	-1.703581	1.380040	0	0	0	0	0	0
59857941719	2911.500000	126.898438	-553.199219	353.000000	-2380.199219	-45.400391	-17.573725	-143.229767	-7.832509	1.753967	-1.625762	1.755888	0	0	0	0	0	0
60024016061	3035.101562	178.101562	-586.900391	405.601562	-2463.699219	-36.300781	-19.776377	-148.610962	-7.732999	1.916748	-1.565709	2.167651	0	0	0	0	0	0
60201525950	3076.898438	170.199219	-589.199219	386.101562	-2507.099609	-60.800781	-20.257999	-150.566177	-7.381886	1.994372	-1.537128	2.045591	0	0	0	0	0	0
60386133710	3025.398438	129.601562	-557.300781	356.601562	-2483.400391	-86.699219	-19.052248	-148.083176	-7.202352	2.025430	-1.472711	1.772764	0	0	0	0	0	0
60537213369	3032.898438	124.898438	-545.800781	358.300781	-2497.199219	-79.300781	-18.506090	-147.802399	-6.882647	2.067549	-1.441781	1.688763	0	0	0	0	0	0
60715153320	3084.601562	170.699219	-575.800781	400.500000	-2529.400391	-54.199219	-19.452425	-150.659164	-7.433888	2.111735	-1.534501	2.064882	0	0	0	0	0	0
60888521696	3113.101562	189.898438	-601.699219	411.000000	-2533.699219	-32.500000	-20.116955	-152.083939	-8.803840	2.020790	-1.636521	2.241708	0	0	0	0	0	0
61068737592	3106.699219	195.000000	-617.800781	417.199219	-2518.300781	-39.400391	-20.750090	-151.775650	-9.144751	1.942111	-1.657743	2.263924	0	0	0	0	0	0
61227194398	3115.101562	204.000000	-640.300781	427.000000	-2496.400391	-23.099609	-21.297535	-151.830200	-8.972734	1.891389	-1.730008	2.360850	0	0	0	0	0	0
61411385361	3131.300781	205.398438	-647.599609	432.500000	-2513.300781	-12.400391	-21.700695	-152.705719	-9.271748	1.882158	-1.745789	2.353441	0	0	0	0	0	0
61585297496	3174.101562	191.601562	-661.599609	418.500000	-2525.199219	-54.599609	-22.209011	-153.790863	-9.145219	1.910157	-1.725990	2.242488	0	0	0	0	0	0
61766045109	3164.601562	195.601562	-668.099609	420.800781	-2520.400391	-56.199219	-22.795992	-153.617767	-9.300917	1.964896	-1.707698	2.190539	0	0	0	0	0	0
61933860293	3146.199219	193.300781	-654.199219	416.601562	-2507.099609	-42.400391	-22.139477	-152.354050	-8.881392	1.930050	-1.704819	2.213295	0	0	0	0	0	0
62100327853	3100.601562	181.699219	-631.900391	405.101562	-2491.500000	-47.599609	-21.406462	-150.588303	-7.915461	1.897836	-1.658772	2.081127	0	0	0	0	0	0
62286058977	3103.000000	166.199219	-632.199219	388.800781	-2486.500000	-72.000000	-21.622223	-150.888641	-8.424075	1.956766	-1.625919	1.970910	0	0	0	0	0	0
62478570361	3063.699219	141.199219	-600.599609	371.601562	-2472.699219	-74.800781	-20.336184	-148.793640	-7.766030	1.956535	-1.560044	1.783783	0	0	0	0	0	0
62628133301	3062.398438	152.699219	-607.699219	365.601562	-2466.300781	-79.800781	-20.696632	-148.278885	-9.124487	1.934913	-1.580902	1.841711	0	0	0	0	0	0
62795927910	3053.800781	155.800781	-607.699219	376.398438	-2465.500000	-62.800781	-20.690382	-147.953308	-8.221815	1.945576	-1.538557	1.884275	0	0	0	0	0	0
62980311231	3034.699219	143.000000	-582.400391	363.800781	-2468.800781	-79.199219	-19.882214	-147.652130	-7.006405	1.968079	-1.479833	1.761969	0	0	0	0	0	0
63174343808	3071.500000	139.699219	-585.699219	377.800781	-2497.300781	-78.000000	-20.307331	-149.320786	-8.673175	2.060837	-1.406394	1.712925	0	0	0	0	0	0
63326083085	3015.898438	144.300781	-571.400391	368.000000	-2464.800781	-81.199219	-19.796352	-147.346176	-8.293939	2.017524	-1.391112	1.760521	0	0	0	0	0	0
63510106470	3008.300781	147.699219	-574.599609	361.398438	-2449.300781	-73.800781	-19.876183	-146.542145	-9.053049	1.981900	-1.428983	1.847502	0	0	0	0	0	0
63702038082	2974.398438	169.199219	-585.300781	383.398438	-2411.500000	-49.599609	-20.288092	-144.844940	-7.605532	1.919768	-1.447874	2.008397	0	0	0	0	0	0
63868908852	2992.199219	175.898438	-595.900391	389.101562	-2411.000000	-49.099609	-20.557701	-145.207565	-8.559691	1.887848	-1.482648	2.059179	0	0	0	0	0	0
64033369624	2964.898438	169.199219	-586.900391	378.300781	-2398.199219	-49.099609	-20.244385	-144.389435	-8.349815	1.862713	-1.498881	1.975119	0	0	0	0	0	0
64221472643	2968.898438	159.800781	-598.500000	379.601562	-2398.400391	-56.099609	-20.550997	-144.725861	-7.595006	1.849969	-1.508055	1.958866	0	0	0	0	0	0
64380972122	2959.199219	161.398438	-601.400391	374.398438	-2385.800781	-67.199219	-20.401608	-144.202744	-7.507643	1.838233	-1.513277	1.917153	0	0	0	0	0	0
64568406040	2954.000000	156.500000	-588.500000	378.500000	-2383.699219	-52.900391	-20.050488	-143.894043	-8.448037	1.847379	-1.502749	1.902874	0	0	0	0	0	0
64716664162	2974.898438	161.398438	-600.599609	379.300781	-2395.599609	-52.900391	-20.638287	-144.745361	-8.038860	1.868196	-1.508009	1.941933	0	0	0	0	0	0
64900680788	2970.199219	160.300781	-584.599609	383.300781	-2404.699219	-58.400391	-20.178356	-144.740753	-6.625775	1.892595	-1.440627	1.912225	0	0	0	0	0	0
65099054320	2967.000000	158.898438	-588.400391	383.699219	-2399.500000	-52.699219	-20.310904	-144.384735	-7.325806	1.887905	-1.454672	1.923448	0	0	0	0	0	0
65281209402	2927.500000	146.500000	-566.699219	363.101562	-2375.199219	-69.900391	-19.272734	-142.846405	-6.348980	1.869445	-1.426181	1.800964	0	0	0	0	0	0
65449525329	2894.199219	135.800781	-552.900391	351.300781	-2350.800781	-66.699219	-19.101980	-140.989609	-8.024371	1.873370	-1.379662	1.742286	0	0	0	0	0	0
65637616962	2854.300781	141.800781	-537.599609	356.500000	-2333.300781	-62.500000	-18.727600	-139.659302	-7.014557	1.872768	-1.352999	1.744816	0	0	0	0	0	0
65824858310	2829.000000	140.601562	-521.099609	349.101562	-2329.300781	-47.400391	-17.931461	-138.230347	-6.510313	1.871650	-1.284279	1.757736	0	0	0	0	0	0
65979219982	2777.199219	134.199219	-510.699219	345.601562	-2287.000000	-52.000000	-17.517656	-135.912979	-6.161562	1.844245	-1.259280	1.689687	0	0	0	0	0	0
66141431592	2665.300781	149.199219	-482.699219	353.101562	-2195.699219	-19.199219	-16.626945	-130.029053	-4.934659	1.758863	-1.171575	1.840758	0	0	0	0	0	0
66332394723	2065.699219	109.500000	-339.099609	274.101562	-1688.900391	-16.400391	-11.833106	-99.730209	0.471698	1.444119	-0.809127	1.377795	0	0	0	0	0	0
66524643744	1361.601562	-12.199219	-201.099609	121.898438	-1110.699219	-70.800781	-6.493245	-66.767967	7.262096	0.948433	-0.546620	0.287068	0	0	0	0	0	0
66672812082	1159.199219	-35.900391	-137.000000	91.898438	-897.099609	-67.000000	-4.038546	-57.244724	19.539572	0.563022	-0.621674	0.051751	0	0	0	0	0	0
66847887351	1339.000000	-6.900391	-266.000000	125.300781	-913.400391	-82.800781	-7.311381	-66.102005	26.386267	0.103254	-1.277260	0.280796	0	0	0	0	0	0
67032456275	1736.898438	56.601562	-364.300781	202.300781	-1237.400391	-48.599609	-10.259002	-85.443550	19.873568	0.352726	-1.578831	0.916202	0	0	0	0	0	0
67219158479	2003.898438	98.601562	-450.699219	266.800781	-1441.699219	-25.400391	-13.496641	-97.886803	15.792727	0.511511	-1.671313	1.319436	0	0	0	0	0	0
67365094308	2016.101562	63.199219	-456.000000	224.398438	-1469.099609	-75.500000	-13.792554	-97.789825	11.515153	0.594905	-1.625702	0.970120	0	0	0	0	0	0
67546972630	1818.500000	174.101562	-465.599609	298.500000	-1302.199219	22.800781	-16.539333	-86.318932	7.380344	0.782024	-1.137594	1.841612	0	0	0	0	0	0
67717321119	1670.000000	111.300781	-402.099609	220.398438	-1171.400391	-27.300781	-17.082155	-77.241707	13.171526	0.916628	-0.568015	1.107872	0	0	0	0	0	0
67895710767	1616.898438	-30.900391	-290.500000	101.398438	-1170.199219	-132.300781	-14.015154	-77.842628	22.732931	0.783880	-0.371135	0.015544	0	0	0	0	0	0
68063620425	1869.300781	83.500000	-380.900391	228.500000	-1356.000000	-55.500000	-15.933137	-89.773628	21.056288	0.686833	-0.727979	1.071046	0	0	0	0	0	0
68221682914	1888.699219	95.601562	-361.900391	255.398438	-1424.699219	-24.800781	-13.753240	-92.052887	17.106171	0.802039	-0.828641	1.287426	0	0	0	0	0	0
68411464798	1878.800781	140.000000	-343.599609	295.101562	-1434.900391	28.199219	-13.289704	-91.583725	13.024159	0.829433	-0.762085	1.706296	0	0	0	0	0	0
68601031311	1924.800781	172.898438	-379.500000	318.000000	-1467.000000	43.000000	-14.417239	-93.266121	12.565333	0.927333	-0.774154	1.914934	0	0	0	0	0	0
68754620870	1989.800781	162.601562	-374.199219	317.101562	-1542.400391	31.800781	-15.019258	-96.544472	9.590538	1.097418	-0.700242	1.852368	0	0	0	0	0	0
68919448107	2001.898438	159.398438	-384.000000	315.300781	-1555.300781	21.000000	-15.312879	-96.992088	8.997061	1.134258	-0.717180	1.828566	0	0	0	0	0	0
69115916203	2036.000000	156.500000	-381.099609	319.898438	-1590.099609	35.898438	-15.124949	-98.392815	7.301591	1.221641	-0.682096	1.826005	0	0	0	0	0	0
69294688585	2084.800781	165.000000	-386.599609	324.000000	-1648.500000	22.500000	-15.377195	-100.912422	6.016377	1.301806	-0.653554	1.909753	0	0	0	0	0	0
69459143500	2125.300781	158.300781	-390.900391	319.398438	-1688.000000	14.199219	-15.927305	-102.572052	6.008381	1.399473	-0.614804	1.824584	0	0	0	0	0	0
69642999227	2140.800781	142.898438	-394.000000	304.500000	-1690.500000	-10.099609	-16.207588	-103.255890	6.113439	1.417225	-0.630010	1.689723	0	0	0	0	0	0
69835569390	2151.101562	125.300781	-398.000000	281.000000	-1700.500000	-30.099609	-16.222851	-103.757423	5.485109	1.473464	-0.619418	1.506817	0	0	0	0	0	0
69999309464	2158.199219	124.101562	-397.699219	287.800781	-1713.300781	-15.800781	-16.515314	-103.788193	5.276098	1.497009	-0.574385	1.551883	0	0	0	0	0	0
70159519681	2171.101562	135.800781	-409.500000	295.000000	-1722.599609	-17.099609	-16.685297	-104.773079	4.644692	1.499342	-0.601565	1.592267	0	0	0	0	0	0
70337170371	2178.800781	122.500000	-395.900391	282.800781	-1737.800781	-24.300781	-16.475658	-104.794899	4.560946	1.551398	-0.573287	1.508717	0	0	0	0	0	0
70497078540	2174.800781	127.300781	-395.300781	291.500000	-1739.900391	-22.900391	-16.467731	-104.878143	4.031084	1.569432	-0.558674	1.544660	0	0	0	0	0	0
70691582537	2180.699219	126.300781	-400.699219	287.101562	-1735.599609	-28.300781	-16.356899	-104.660515	3.088858	1.558082	-0.585191	1.515972	0	0	0	0	0	0
70845188491	2167.398438	100.898438	-387.599609	271.601562	-1733.599609	-43.300781	-15.827614	-104.634369	4.807828	1.553511	-0.563658	1.359627	0	0	0	0	0	0
71024582232	2173.898438	98.699219	-379.400391	262.800781	-1745.699219	-52.300781	-16.084976	-105.128593	4.061328	1.603370	-0.532212	1.282267	0	0	0	0	0	0
71233010198	2183.699219	95.500000	-386.400391	261.800781	-1757.900391	-57.099609	-16.249357	-105.382698	2.946176	1.612090	-0.551996	1.294097	0	0	0	0	0	0
71389834445	2186.601562	111.000000	-404.500000	276.699219	-1755.699219	-41.500000	-16.531380	-105.609116	2.847286	1.608228	-0.587344	1.418178	0	0	0	0	0	0
71562877434	2219.800781	121.699219	-419.300781	286.500000	-1776.199219	-33.300781	-16.950144	-106.817055	2.728981	1.628330	-0.610221	1.485754	0	0	0	0	0	0
71746262201	2217.101562	126.000000	-427.599609	295.398438	-1779.099609	-30.000000	-17.081390	-106.926003	1.469408	1.617538	-0.626769	1.617857	0	0	0	0	0	0
71934106189	2230.101562	157.699219	-435.500000	316.199219	-1764.599609	-11.800781	-17.734816	-107.178215	1.144919	1.619435	-0.637740	1.786931	0	0	0	0	0	0
72077023125	2213.500000	156.500000	-425.300781	317.000000	-1761.699219	0.101562	-17.168978	-106.088554	0.923593	1.624792	-0.613907	1.770675	0	0	0	0	0	0
72245798188	2206.699219	143.101562	-418.599609	314.199219	-1767.500000	0.699219	-16.878538	-105.886063	0.981367	1.656258	-0.574055	1.708219	0	0	0	0	0	0
72444806591	2194.898438	148.000000	-422.199219	308.101562	-1747.699219	8.398438	-16.972080	-105.267868	0.538769	1.651936	-0.601686	1.723524	0	0	0	0	0	0
72631753367	2173.601562	156.000000	-417.800781	315.000000	-1730.000000	0.000000	-16.846085	-104.212257	-0.475218	1.639262	-0.599969	1.814700	0	0	0	0	0	0
72782566998	2162.601562	157.500000	-410.099609	317.500000	-1733.900391	6.699219	-16.594841	-103.314026	0.426278	1.638808	-0.597356	1.821670	0	0	0	0	0	0
72958277945	2171.601562	161.199219	-417.400391	314.101562	-1740.199219	0.500000	-16.831633	-104.631889	0.282673	1.625585	-0.625360	1.815875	0	0	0	0	0	0
73132668428	2187.601562	174.199219	-430.699219	328.601562	-1745.000000	5.101562	-17.479759	-104.902885	-1.661294	1.653586	-0.619566	1.940163	0	0	0	0	0	0
73324795243	2152.898438	168.000000	-430.199219	323.601562	-1721.599609	7.601562	-17.446451	-103.280739	-1.517144	1.651932	-0.595513	1.918732	0	0	0	0	0	0
73482242201	2173.800781	173.500000	-438.199219	315.800781	-1731.199219	2.101562	-17.532433	-103.842628	-0.700150	1.683756	-0.602497	1.843881	0	0	0	0	0	0
73657824938	1656.601562	188.898438	-356.699219	303.800781	-1290.699219	62.699219	-14.562951	-76.826210	0.593272	1.323615	-0.355311	1.922291	0	0	0	0	0	0
73832518018	318.000000	39.300781	-39.900391	73.699219	-244.400391	32.800781	-1.483865	-14.617614	2.117462	0.471003	0.073838	0.358832	0	0	0	0	0	0
74011048791	3.000000	-2.099609	15.500000	20.398438	2.601562	0.000000	1.031826	-2.379274	0.239173	-0.012810	0.007508	-0.003092	0	0	0	0	0	0
74166963215	-20.699219	-18.500000	62.898438	10.601562	-13.500000	-4.400391	2.470555	-1.910695	2.650737	0.006952	0.130715	-0.140207	0	0	0	0	0	0
74347875803	-158.300781	-32.400391	147.699219	-28.199219	76.699219	-11.400391	3.345678	5.861589	10.362781	0.125913	0.554376	-0.330002	0	0	0	0	0	0
74553024421	-440.300781	-41.900391	332.699219	-58.300781	242.398438	9.898438	6.118759	20.214310	22.851650	0.424449	1.403447	-0.458338	0	0	0	0	0	0
74712422935	-714.199219	-2.500000	475.300781	-46.900391	391.800781	71.699219	8.559275	33.277481	27.239534	0.693097	2.038987	-0.124398	0	0	0	0	0	0
74896479016	-1074.800781	76.199219	652.699219	-6.800781	584.800781	179.898438	13.935870	49.590881	32.299751	0.750805	2.492405	0.513369	0	0	0	0	0	0
75090148563	-1325.500000	127.601562	772.398438	10.699219	724.699219	237.800781	17.548704	59.910580	35.208366	0.711644	2.808651	0.920032	0	0	0	0	0	0
75274654111	-1420.000000	133.398438	818.601562	1.500000	786.300781	245.300781	18.473307	64.388466	36.902603	0.696254	2.942967	0.926950	0	0	0	0	0	0
75414867837	-1442.800781	135.699219	824.500000	-1.900391	802.199219	254.898438	18.539553	65.521446	37.761440	0.709381	3.009934	0.945916	0	0	0	0	0	0
75605736497	-1420.800781	130.000000	786.398438	-8.300781	805.300781	244.898438	17.483969	65.068527	36.622791	0.702526	2.900944	0.871908	0	0	0	0	0	0
75779672851	-1408.000000	116.101562	793.398438	-25.699219	801.601562	232.000000	16.820724	64.486755	37.544373	0.758198	2.976469	0.743682	0	0	0	0	0	0
75960601967	-1372.000000	119.601562	771.500000	-19.500000	781.800781	225.800781	16.360607	63.337856	37.633873	0.754210	2.944430	0.753610	0	0	0	0	0	0
76121384942	-1360.800781	127.199219	756.300781	-10.000000	779.500000	227.101562	16.158051	63.074829	37.467873	0.739847	2.891722	0.824361	0	0	0	0	0	0
76284014017	-1338.199219	134.800781	733.800781	-8.800781	785.199219	230.898438	15.162228	62.458748	36.956825	0.734199	2.852959	0.871142	0	0	0	0	0	0
76465092809	-1342.900391	109.398438	743.199219	-33.800781	782.101562	213.500000	15.085160	63.080288	37.193810	0.823244	2.944850	0.666650	0	0	0	0	0	0
76665142753	-1385.900391	106.101562	780.199219	-40.099609	789.500000	208.800781	15.913072	64.791389	37.946011	0.888699	3.072415	0.645092	0	0	0	0	0	0
76803883609	-1330.400391	109.898438	732.101562	-34.599609	773.398438	202.000000	13.770413	62.633659	37.521435	0.921981	3.087671	0.629166	0	0	0	0	0	0
76962933282	-1269.300781	109.000000	702.199219	-38.500000	748.500000	191.800781	12.411797	60.480965	37.421528	0.939702	3.049123	0.604951	0	0	0	0	0	0
77116737690	-1277.699219	113.199219	702.898438	-40.400391	763.000000	193.699219	11.946033	61.343033	37.077137	0.959356	3.052025	0.638501	0	0	0	0	0	0
77311906236	-1291.000000	128.300781	689.398438	-30.199219	782.398438	208.898438	12.092820	62.130051	35.837791	0.975660	2.984874	0.750882	0	0	0	0	0	0
77470050660	-1307.400391	120.199219	715.300781	-36.900391	775.699219	200.800781	12.583534	63.303585	37.756454	1.117946	3.110697	0.667235	0	0	0	0	0	0
77624058160	-1293.599609	124.699219	695.500000	-42.599609	774.601562	193.000000	12.106568	62.804638	37.323879	1.165039	3.096505	0.631600	0	0	0	0	0	0
77811019856	-1298.000000	124.199219	702.199219	-35.599609	773.601562	195.601562	12.103322	62.751003	36.611683	1.151359	3.064633	0.653934	0	0	0	0	0	0
78001099437	-1278.699219	129.500000	677.398438	-27.400391	774.898438	208.398438	11.643806	62.550041	35.968243	1.138356	3.024595	0.705705	0	0	0	0	0	0
78153926504	-1295.500000	131.398438	691.300781	-33.099609	785.898438	207.101562	11.606590	63.104141	35.024815	1.139576	3.013123	0.713728	0	0	0	0	0	0
78313676363	-1272.599609	151.601562	691.699219	-10.599609	755.199219	226.199219	11.974079	61.966557	35.045532	1.147433	3.055883	0.888615	0	0	0	0	0	0
78495695836	-1273.900391	138.699219	704.601562	-21.199219	742.699219	212.101562	11.756133	61.858574	36.068295	1.279552	3.204098	0.787703	0	0	0	0	0	0
78659017951	-1260.300781	125.601562	719.101562	-29.099609	714.500000	205.500000	11.485328	60.712223	36.632141	1.384802	3.328754	0.743791	0	0	0	0	0	0
78855697790	-1213.900391	99.398438	722.800781	-41.000000	684.300781	185.800781	11.642827	59.416988	36.765831	1.434294	3.384073	0.515309	0	0	0	0	0	0
79008799312	-1165.900391	100.300781	690.398438	-44.099609	659.101562	183.000000	10.446604	57.121437	35.867420	1.411771	3.285649	0.514956	0	0	0	0	0	0
79183019753	-1184.000000	101.101562	682.101562	-40.000000	668.699219	178.601562	10.863463	57.496685	36.178871	1.353840	3.205183	0.563207	0	0	0	0	0	0
79368075585	-1182.800781	128.300781	657.699219	-12.800781	684.800781	202.898438	10.737948	57.620785	34.045086	1.296946	3.002258	0.845441	0	0	0	0	0	0
79548103012	-1156.300781	150.000000	618.000000	-2.800781	686.699219	210.601562	10.322915	56.805305	32.956192	1.276381	2.876670	0.949379	0	0	0	0	0	0
79699406451	-1121.699219	136.601562	627.101562	1.500000	662.199219	217.601562	10.456182	55.886696	32.638275	1.308476	2.889998	0.902707	0	0	0	0	0	0
79873283609	-1130.599609	127.500000	623.699219	-7.900391	655.500000	192.800781	10.445766	55.737923	31.584347	1.291964	2.871792	0.828478	0	0	0	0	0	0
80062641771	-1115.400391	113.398438	625.898438	-20.099609	642.898438	190.500000	10.850379	54.657631	32.550789	1.262095	2.803610	0.726324	0	0	0	0	0	0
80222390061	-1169.099609	119.601562	640.699219	-23.500000	674.300781	198.898438	11.189323	56.917969	33.273838	1.249469	2.862789	0.766727	0	0	0	0	0	0
80376745562	-1209.500000	102.898438	717.101562	-38.900391	663.500000	196.300781	12.980478	58.331833	35.020786	1.468487	3.152015	0.647709	0	0	0	0	0	0
80560972046	-1209.599609	109.300781	715.800781	-31.300781	657.898438	204.101562	13.634333	58.939121	34.379097	1.481289	3.121021	0.704169	0	0	0	0	0	0
80748464874	-1181.400391	113.601562	681.398438	-30.500000	661.601562	197.699219	12.225587	58.178368	32.980289	1.447666	3.037628	0.740221	0	0	0	0	0	0
80910994801	-1210.199219	114.101562	680.500000	-29.400391	679.800781	196.500000	12.558074	58.907253	32.553394	1.407769	3.020448	0.735664	0	0	0	0	0	0
81053515082	-1190.900391	128.000000	661.101562	-14.800781	683.300781	211.500000	11.688107	58.280376	31.763376	1.343401	2.915745	0.888661	0	0	0	0	0	0
81218510365	-1197.400391	133.398438	659.898438	-12.000000	693.898438	215.601562	12.075697	59.332973	32.242332	1.341412	2.934371	0.883504	0	0	0	0	0	0
81393037489	-1191.000000	134.699219	642.000000	-12.599609	692.000000	211.199219	11.376418	58.408798	30.897047	1.312399	2.824946	0.926685	0	0	0	0	0	0
81572081152	-1276.599609	93.300781	729.199219	-61.300781	719.398438	179.199219	12.941087	62.206745	33.834782	1.465912	3.201898	0.639864	0	0	0	0	0	0
81746921903	-1257.300781	107.800781	692.601562	-49.400391	727.898438	190.601562	12.374787	61.366627	33.827389	1.462766	3.146699	0.685493	0	0	0	0	0	0
81910955548	-1243.900391	105.300781	669.800781	-46.599609	723.699219	186.699219	11.968788	61.658802	33.456757	1.454375	3.105571	0.714329	0	0	0	0	0	0
82095064773	-1258.599609	134.101562	653.800781	-28.599609	757.300781	208.398438	11.747149	62.345764	32.736664	1.329532	2.956624	0.890957	0	0	0	0	0	0
82293537736	-1276.300781	127.898438	657.800781	-42.099609	774.898438	206.101562	12.106345	63.344986	32.164856	1.314278	2.945223	0.827906	0	0	0	0	0	0
82440704992	-1255.699219	134.300781	630.101562	-34.000000	776.300781	208.898438	11.252044	62.669308	32.062542	1.302647	2.884386	0.876825	0	0	0	0	0	0
82601490940	-1262.000000	132.000000	619.101562	-39.900391	782.398438	208.101562	10.924932	63.259777	33.086536	1.336045	2.927940	0.819572	0	0	0	0	0	0
82806248562	-1218.300781	111.500000	607.500000	-57.300781	754.199219	173.101562	10.093291	61.516502	32.764214	1.423855	2.953053	0.676182	0	0	0	0	0	0
83002236667	-1188.599609	101.800781	611.601562	-61.800781	733.300781	171.699219	10.042198	61.071030	33.771027	1.534210	2.982830	0.629796	0	0	0	0	0	0
83147723272	-1168.199219	116.300781	577.398438	-49.000000	723.500000	181.101562	9.068237	58.765568	31.482737	1.445993	2.836236	0.766827	0	0	0	0	0	0
83309853186	-1054.800781	143.398438	512.101562	-8.099609	667.300781	187.699219	7.821381	53.248852	28.452768	1.210052	2.498141	0.928712	0	0	0	0	0	0
83487858793	-916.000000	56.000000	518.898438	-53.300781	552.000000	112.500000	7.630617	46.116814	29.698439	1.196344	2.488351	0.203069	0	0	0	0	0	0
83678436657	-982.400391	89.398438	530.601562	-31.000000	602.699219	155.101562	9.109780	48.663727	29.427435	1.051839	2.314330	0.498350	0	0	0	0	0	0
83836475897	-1030.599609	95.101562	520.000000	-26.199219	642.699219	163.300781	9.748532	50.789162	28.972961	0.977946	2.230111	0.598090	0	0	0	0	0	0
84003491941	-976.099609	87.300781	484.398438	-33.500000	625.000000	149.101562	8.045395	48.842491	28.462563	1.036849	2.223900	0.529576	0	0	0	0	0	0
84189935165	-950.699219	103.300781	453.300781	-24.000000	639.398438	144.199219	7.041545	48.059353	26.881048	0.974959	2.102161	0.591483	0	0	0	0	0	0
84355467918	-889.599609	115.398438	411.500000	-2.800781	612.300781	166.398438	6.900721	44.616077	24.328060	0.830072	1.836828	0.795354	0	0	0	0	0	0
84533755292	-813.900391	90.000000	379.398438	-13.900391	550.699219	136.398438	6.228678	41.040680	22.494909	0.857089	1.779102	0.665508	0	0	0	0	0	0
84685645601	-895.000000	107.898438	397.199219	-17.800781	611.601562	155.000000	6.915925	45.016945	24.242039	0.794836	1.807128	0.682708	0	0	0	0	0	0
84847004520	-868.199219	125.800781	368.500000	6.101562	604.898438	165.000000	6.684691	43.252846	22.225599	0.634777	1.601283	0.883975	0	0	0	0	0	0
85026576688	-606.500000	72.101562	247.000000	-1.900391	431.500000	104.601562	4.215928	29.338823	16.385477	0.507384	1.144269	0.554113	0	0	0	0	0	0
85208002290	-121.900391	-22.500000	32.601562	-30.800781	115.898438	-11.900391	0.452901	4.241438	5.099839	0.010104	0.167212	-0.085854	0	0	0	0	0	0
85361793230	-21.000000	-38.400391	19.199219	-32.199219	23.199219	-23.099609	0.963913	-1.385076	2.318752	0.030834	0.075194	-0.180337	0	0	0	0	0	0
85529684545	17.601562	-31.400391	-20.900391	-18.599609	4.398438	-26.199219	0.369844	-3.205716	0.593838	-0.099988	-0.217010	-0.153979	0	0	0	0	0	0
85725752287	56.898438	-14.500000	-46.199219	-6.599609	-0.099609	-19.000000	-0.933182	-4.024811	1.043393	0.004187	-0.177675	-0.046609	0	0	0	0	0	0
85900209595	41.000000	-28.099609	1.601562	-2.900391	-23.000000	-7.599609	0.379979	-4.321109	0.487573	0.006007	-0.037721	-0.135303	0	0	0	0	0	0
86048127193	-15.699219	-16.599609	17.898438	-7.199219	8.601562	-10.199219	1.115631	-2.464352	1.273569	-0.123575	-0.036999	-0.075109	0	0	0	0	0	0
86216608840	238.000000	40.601562	-198.500000	51.800781	-159.199219	25.199219	-3.493979	-12.864704	-23.978098	0.299016	-0.809030	0.575841	0	0	0	0	0	0
86408629075	419.000000	33.800781	-564.000000	54.699219	-282.800781	-22.199219	-6.651850	-18.042328	-79.398880	0.769880	-2.319862	0.400364	0	0	0	0	0	0
86592027035	538.699219	-2.000000	-699.199219	26.601562	-448.699219	-55.599609	-4.803061	-23.324644	-112.730598	1.314929	-3.070557	0.097622	0	0	0	0	0	0
86750274154	602.699219	17.500000	-798.800781	53.699219	-474.500000	-47.300781	-7.853428	-25.528591	-122.554268	1.280664	-3.262365	0.253038	0	0	0	0	0	0
86917929100	701.800781	24.601562	-893.800781	61.800781	-520.800781	-51.199219	-9.106267	-30.159798	-132.302292	1.248131	-3.779790	0.310104	0	0	0	0	0	0
87111980777	897.101562	73.101562	-997.800781	114.800781	-684.400391	-42.099609	-11.813590	-37.545834	-140.664566	1.869030	-3.953048	0.750452	0	0	0	0	0	0
87293797577	1015.300781	98.398438	-1092.699219	137.601562	-741.900391	-39.900391	-14.523902	-40.801289	-148.850494	2.150366	-4.157951	0.840430	0	0	0	0	0	0
87439545554	978.398438	103.699219	-1080.000000	132.199219	-709.300781	-35.699219	-13.985866	-39.377567	-148.679504	2.083311	-4.196228	0.784218	0	0	0	0	0	0
87605085124	940.800781	95.699219	-1080.099609	123.601562	-675.900391	-35.300781	-13.479445	-37.954315	-147.932739	1.984038	-4.241419	0.710330	0	0	0	0	0	0
87792131077	979.800781	82.398438	-1126.000000	111.699219	-685.800781	-58.199219	-13.718451	-39.136364	-151.749893	1.977806	-4.581047	0.633773	0	0	0	0	0	0
87984017191	935.699219	84.898438	-1052.500000	122.699219	-690.699219	-35.400391	-12.313173	-36.802017	-145.480286	2.128705	-4.233380	0.704487	0	0	0	0	0	0
88128168256	926.898438	95.199219	-1049.199219	123.101562	-680.599609	-28.000000	-12.191107	-36.442776	-144.478973	2.107019	-4.240845	0.770584	0	0	0	0	0	0
88299587136	931.500000	100.300781	-1038.800781	127.300781	-680.000000	-23.900391	-12.397038	-36.280762	-143.247482	2.240577	-4.178752	0.777525	0	0	0	0	0	0
88479739086	957.398438	102.898438	-1018.599609	131.699219	-707.199219	-22.199219	-12.689568	-37.059761	-140.502655	2.355442	-4.017123	0.784029	0	0	0	0	0	0
88665559284	972.199219	106.000000	-1041.500000	127.601562	-700.300781	-21.300781	-12.768220	-37.914333	-138.435287	2.283204	-4.175568	0.803755	0	0	0	0	0	0
88816171006	943.398438	97.101562	-1030.300781	123.300781	-667.900391	-30.400391	-12.480448	-36.508835	-138.756546	2.160495	-4.209813	0.720269	0	0	0	0	0	0
88984043181	930.398438	82.398438	-1019.699219	108.199219	-667.500000	-45.500000	-12.462498	-35.794502	-135.892441	2.150688	-4.128187	0.601694	0	0	0	0	0	0
89163255756	884.898438	38.300781	-1008.900391	73.000000	-638.800781	-78.900391	-11.222562	-34.861969	-137.631058	1.993600	-4.205371	0.209425	0	0	0	0	0	0
89348217356	881.500000	31.101562	-991.300781	55.500000	-649.199219	-93.900391	-11.338618	-34.320229	-137.798828	2.049956	-4.112195	0.164370	0	0	0	0	0	0
89500342098	874.800781	35.000000	-940.000000	71.398438	-670.000000	-65.000000	-10.658606	-33.592258	-135.144836	2.321204	-3.783470	0.250949	0	0	0	0	0	0
89663384618	892.000000	36.500000	-896.300781	61.898438	-728.000000	-68.599609	-10.900944	-33.786301	-132.541824	2.662737	-3.428840	0.263840	0	0	0	0	0	0
89833588871	908.898438	28.500000	-907.199219	53.000000	-742.000000	-85.800781	-10.915638	-34.461136	-136.228104	2.722434	-3.531738	0.203104	0	0	0	0	0	0
90023925748	931.398438	26.398438	-914.300781	58.699219	-759.900391	-80.400391	-11.157335	-34.764545	-136.635132	2.851020	-3.513421	0.192540	0	0	0	0	0	0
90179798547	974.398438	43.500000	-947.300781	70.300781	-781.599609	-81.900391	-12.335017	-36.622093	-137.947159	2.924665	-3.556429	0.254379	0	0	0	0	0	0
90350007846	963.398438	41.898438	-935.000000	71.898438	-793.400391	-72.099609	-11.648301	-36.371529	-138.844604	2.936226	-3.525452	0.318119	0	0	0	0	0	0
90518933862	964.199219	52.300781	-943.000000	82.800781	-794.800781	-61.699219	-11.848675	-36.207153	-141.021194	2.956541	-3.558702	0.394817	0	0	0	0	0	0
90705214610	1001.199219	56.101562	-940.099609	84.398438	-824.900391	-68.199219	-12.547385	-37.596031	-139.785980	3.064895	-3.471802	0.417580	0	0	0	0	0	0
90868196680	1005.800781	45.800781	-941.099609	75.898438	-827.000000	-75.800781	-12.378038	-37.366516	-140.391052	3.111986	-3.461099	0.320850	0	0	0	0	0	0
91031067962	1065.398438	13.000000	-966.000000	46.800781	-861.199219	-113.300781	-13.446596	-39.879894	-140.436584	3.175815	-3.495788	0.028075	0	0	0	0	0	0
91219081362	1048.699219	25.800781	-937.900391	57.000000	-865.400391	-96.099609	-12.711213	-39.298225	-139.687714	3.176154	-3.444660	0.122042	0	0	0	0	0	0
91404550064	1071.300781	30.699219	-959.599609	61.199219	-863.000000	-104.000000	-13.472916	-40.259449	-137.650284	3.107828	-3.511467	0.129290	0	0	0	0	0	0
91556804125	1044.398438	20.898438	-948.599609	50.398438	-847.400391	-111.500000	-12.756495	-39.376472	-139.505463	3.036768	-3.560904	0.066105	0	0	0	0	0	0
91724799264	972.800781	20.699219	-927.900391	56.199219	-798.099609	-89.300781	-11.647146	-37.311947	-137.681366	2.832397	-3.475930	0.107650	0	0	0	0	0	0
91908428233	935.500000	32.199219	-905.000000	64.101562	-777.800781	-76.699219	-10.899565	-36.045231	-137.019043	2.710048	-3.480229	0.243634	0	0	0	0	0	0
92100904749	930.699219	37.500000	-890.500000	70.000000	-783.500000	-66.900391	-10.370212	-36.260929	-136.273834	2.739204	-3.459817	0.278693	0	0	0	0	0	0
92257431360	935.101562	35.199219	-894.000000	71.699219	-778.300781	-73.500000	-10.610916	-36.145924	-135.860519	2.723116	-3.458628	0.263282	0	0	0	0	0	0
92449075282	946.000000	25.601562	-884.800781	61.101562	-804.199219	-76.000000	-10.793046	-36.298328	-135.250244	2.898919	-3.312749	0.202730	0	0	0	0	0	0
92638206589	950.601562	46.500000	-889.400391	79.000000	-788.000000	-61.400391	-10.971865	-36.586727	-134.830566	2.839390	-3.384843	0.393533	0	0	0	0	0	0
92833622843	915.199219	65.000000	-866.000000	107.500000	-783.300781	-33.500000	-9.763434	-35.304314	-133.740326	2.758107	-3.399066	0.575376	0	0	0	0	0	0
93012927521	887.101562	58.699219	-846.099609	95.300781	-770.000000	-39.500000	-9.005805	-34.543728	-132.332748	2.700803	-3.286817	0.534671	0	0	0	0	0	0
93181223347	819.500000	41.101562	-794.699219	81.398438	-716.699219	-38.400391	-8.118358	-31.601591	-127.923737	2.547517	-3.165243	0.376562	0	0	0	0	0	0
93352170469	778.699219	38.500000	-782.099609	66.800781	-695.599609	-37.699219	-6.958958	-30.898472	-126.434647	2.454204	-3.199817	0.385956	0	0	0	0	0	0
93532086303	738.000000	38.398438	-740.800781	68.800781	-657.800781	-38.199219	-6.191485	-29.691320	-120.442886	2.170114	-3.145365	0.355820	0	0	0	0	0	0
93698956159	630.601562	17.000000	-701.900391	50.398438	-562.300781	-36.500000	-4.218033	-25.609858	-115.425346	1.772739	-3.197429	0.222414	0	0	0	0	0	0
93864178949	692.199219	54.898438	-790.900391	89.699219	-584.599609	-11.300781	-5.776332	-29.260204	-123.542709	1.760030	-3.552990	0.488322	0	0	0	0	0	0
94049711328	497.000000	39.800781	-551.699219	65.199219	-462.500000	-9.699219	-3.767316	-20.797031	-91.978699	1.391606	-2.262162	0.352092	0	0	0	0	0	0
94230341019	38.101562	-33.599609	-69.099609	-41.400391	-36.699219	-36.900391	-0.604888	-2.320844	-9.932973	0.143048	-0.162466	-0.482787	0	0	0	0	0	0
94424699630	263.000000	-126.699219	87.300781	-117.199219	-58.199219	-135.599609	-2.019036	-9.101682	50.314800	0.635513	0.132385	-1.200703	0	0	0	0	0	0
94581261045	361.800781	-68.599609	4.898438	-54.699219	-6.599609	-97.300781	-2.019326	-10.829878	61.750237	0.380381	-0.461447	-0.658123	0	0	0	0	0	0
94734618266	133.398438	-33.199219	56.000000	-22.500000	197.699219	-53.500000	0.529184	-3.635454	67.861221	-0.525854	-0.663333	-0.431947	0	0	0	0	0	0
94908265013	57.601562	-77.800781	69.500000	-75.000000	303.699219	-101.099609	1.349872	-0.458122	75.127708	-0.902977	-0.797864	-0.858986	0	0	0	0	0	0
95102492532	200.699219	-118.699219	32.398438	-110.800781	193.398438	-145.400391	-1.304091	-3.638278	73.437309	-0.148688	-0.522007	-1.228751	0	0	0	0	0	0
95271164138	232.300781	-119.099609	26.101562	-115.400391	193.398438	-159.800781	-1.599335	-5.201573	79.071770	-0.183296	-0.659610	-1.291565	0	0	0	0	0	0
95432350302	261.601562	-101.400391	-4.199219	-100.199219	203.800781	-148.400391	-2.123518	-5.100334	81.129738	-0.158422	-0.833470	-1.138845	0	0	0	0	0	0
95602632549	333.500000	-59.199219	-54.199219	-69.599609	159.199219	-117.500000	-3.905737	-6.731794	76.448441	0.170959	-0.983326	-0.772980	0	0	0	0	0	0
95777594777	337.000000	-53.699219	-87.900391	-61.300781	185.800781	-110.300781	-3.965237	-6.845718	73.574097	0.043490	-1.167840	-0.748577	0	0	0	0	0	0
95958589689	226.398438	-45.500000	-46.300781	-65.199219	256.199219	-107.699219	-2.821398	-3.936357	76.599228	-0.320893	-1.070356	-0.773748	0	0	0	0	0	0
96117874394	230.398438	-43.500000	-67.199219	-58.500000	293.199219	-103.000000	-3.278645	-3.366377	80.002960	-0.380409	-1.183878	-0.724302	0	0	0	0	0	0
96286949306	248.699219	-63.099609	-9.000000	-81.000000	234.398438	-115.800781	-1.996194	-4.392342	83.283035	-0.225615	-0.988894	-0.888097	0	0	0	0	0	0
96479361556	190.898438	-50.500000	32.199219	-69.599609	267.601562	-97.900391	-1.900026	-2.359251	85.523041	-0.293500	-0.765230	-0.767786	0	0	0	0	0	0
96654120105	255.300781	-11.400391	23.601562	-35.699219	188.199219	-74.099609	-1.507353	-5.300054	84.003304	-0.066380	-0.796459	-0.413705	0	0	0	0	0	0
96805935123	277.800781	-43.800781	40.101562	-49.400391	154.699219	-89.199219	-0.890770	-6.090378	85.190651	0.088784	-0.697899	-0.659216	0	0	0	0	0	0
96972871928	310.601562	-60.599609	98.398438	-59.800781	95.601562	-93.400391	-0.987581	-6.854814	87.908882	0.358389	-0.359419	-0.701268	0	0	0	0	0	0
97169251141	381.500000	-64.300781	72.199219	-58.900391	21.800781	-97.900391	-1.531278	-9.561528	85.371826	0.727404	-0.416910	-0.659660	0	0	0	0	0	0
97334518446	441.800781	-14.699219	27.101562	-9.599609	10.398438	-54.199219	-1.660921	-11.492723	82.991714	0.686627	-0.716260	-0.213672	0	0	0	0	0	0
97483144966	356.000000	-23.400391	27.300781	-26.300781	90.898438	-57.800781	-0.892142	-9.076208	82.310509	0.317242	-0.823703	-0.422660	0	0	0	0	0	0
97648627786	334.601562	-36.000000	10.699219	-36.800781	116.199219	-69.099609	-0.946240	-8.156551	82.142342	0.179841	-0.924692	-0.451155	0	0	0	0	0	0
97829062427	280.500000	-29.000000	53.800781	-30.300781	130.398438	-63.400391	0.518322	-6.760623	82.589973	0.036152	-0.821566	-0.430404	0	0	0	0	0	0
98012182888	270.699219	-27.500000	46.500000	-33.900391	149.398438	-65.599609	0.079717	-6.060173	83.605873	0.000664	-0.828764	-0.438083	0	0	0	0	0	0
98162998047	252.300781	-39.599609	85.300781	-37.300781	155.000000	-55.800781	1.161109	-5.648000	84.133751	-0.035173	-0.721663	-0.492045	0	0	0	0	0	0
98327682627	229.699219	-33.000000	65.800781	-33.800781	182.601562	-60.599609	0.975680	-5.048928	85.113533	-0.149005	-0.816560	-0.486508	0	0	0	0	0	0
98506270236	274.500000	-56.800781	55.199219	-55.400391	142.699219	-83.500000	0.636780	-6.578196	84.371864	0.010066	-0.834814	-0.680518	0	0	0	0	0	0
98675002878	303.898438	-53.800781	57.601562	-50.800781	106.199219	-87.800781	-0.165387	-7.576563	81.437225	0.134876	-0.791196	-0.600316	0	0	0	0	0	0
98848936311	304.699219	-35.500000	18.300781	-37.199219	132.500000	-85.500000	-0.664672	-7.284496	79.672462	0.038847	-0.916310	-0.521041	0	0	0	0	0	0
98998042516	254.500000	-53.800781	88.898438	-50.900391	122.398438	-79.400391	0.355357	-6.451042	80.278267	0.079209	-0.537914	-0.607360	0	0	0	0	0	0
99176129784	316.699219	-34.400391	72.300781	-25.800781	41.000000	-55.199219	0.443889	-8.540001	73.013245	0.393396	-0.443314	-0.357728	0	0	0	0	0	0
99367728493	227.398438	1.699219	75.300781	5.199219	111.601562	-20.500000	1.797337	-6.444168	73.069534	-0.071271	-0.659550	-0.145959	0	0	0	0	0	0
99525917784	213.800781	-6.099609	27.800781	-8.500000	174.300781	-36.099609	0.206936	-5.228013	73.536606	-0.242474	-0.847935	-0.243065	0	0	0	0	0	0
99682009685	176.300781	13.898438	24.699219	16.601562	224.699219	-16.099609	0.348774	-3.948172	72.250809	-0.406291	-0.883898	-0.070152	0	0	0	0	0	0
99842926138	147.601562	13.500000	67.601562	16.398438	205.101562	-10.900391	1.399551	-3.936880	72.922112	-0.447100	-0.770699	-0.021118	0	0	0	0	0	0
100027243908	175.398438	10.199219	67.898438	11.699219	185.101562	-13.900391	0.527883	-4.314325	75.807632	-0.288046	-0.701842	-0.050093	0	0	0	0	0	0
100187272202	136.898438	-1.099609	118.398438	6.300781	165.699219	-13.400391	2.812005	-3.520706	75.066711	-0.315788	-0.552070	-0.081914	0	0	0	0	0	0
100339731976	166.300781	23.398438	88.898438	31.601562	121.398438	5.601562	1.166288	-4.705957	64.564713	-0.047324	-0.481666	0.105663	0	0	0	0	0	0
100521355690	173.800781	-3.300781	69.300781	7.699219	-8.300781	-11.000000	0.320562	-5.295191	38.579796	0.462948	-0.004023	-0.014020	0	0	0	0	0	0
100720798030	16.800781	-22.300781	50.800781	-3.500000	-9.099609	-9.500000	1.173858	-2.936350	7.045861	0.080930	0.075308	-0.101972	0	0	0	0	0	0
100880833845	29.800781	-21.599609	-11.199219	-0.300781	0.500000	-10.699219	0.344351	-3.526170	0.607326	-0.016691	-0.124981	-0.116518	0	0	0	0	0	0
101036712204	2.699219	-12.300781	9.101562	12.699219	5.398438	-3.000000	0.814104	-2.582475	-0.250275	-0.104460	-0.070172	0.015319	0	0	0	0	0	0
101197707947	-3.500000	-8.199219	4.300781	3.199219	8.199219	-4.599609	0.791654	-2.671606	-0.170452	-0.101777	-0.069709	0.017887	0	0	0	0	0	0
101369883186	2.800781	-8.300781	-4.500000	6.800781	12.000000	-2.199219	0.994018	-2.728106	0.466755	-0.099147	-0.072920	0.006115	0	0	0	0	0	0
101536346908	-0.699219	-12.199219	5.101562	5.500000	11.300781	-4.699219	0.808572	-2.547244	-0.408443	-0.102904	-0.070840	0.014726	0	0	0	0	0	0
101712171921	-2.599609	-9.500000	0.101562	5.101562	6.898438	-2.400391	0.661602	-2.694087	0.208839	-0.103931	-0.080005	0.009125	0	0	0	0	0	0
101859441485	-2.199219	-7.699219	5.300781	9.699219	6.199219	-1.699219	0.774672	-2.532224	0.022646	-0.102123	-0.070377	0.014459	0	0	0	0	0	0
102023511945	2.500000	-8.199219	3.398438	11.500000	8.898438	8.398438	0.881134	-2.602656	0.441177	-0.102721	-0.069664	0.009743	0	0	0	0	0	0
102202464956	1.101562	-9.599609	6.398438	2.398438	12.398438	7.898438	0.670627	-2.505324	0.324019	-0.104547	-0.074690	0.006523	0	0	0	0	0	0
102395504727	1.898438	-13.099609	0.101562	7.300781	11.500000	-1.400391	0.843829	-2.519228	0.048113	-0.099551	-0.076605	0.008019	0	0	0	0	0	0
102549016495	3.398438	-14.099609	-6.699219	10.000000	9.101562	4.101562	0.736259	-2.603638	0.777398	-0.102658	-0.070815	0.001483	0	0	0	0	0	0
102714565339	-1.599609	-8.599609	-0.699219	1.398438	4.800781	-2.400391	0.874748	-2.532310	0.207686	-0.101573	-0.070691	0.009927	0	0	0	0	0	0
102902553063	3.398438	-10.900391	1.500000	6.199219	5.898438	9.500000	0.670091	-2.636287	0.402717	-0.105443	-0.073215	0.008222	0	0	0	0	0	0
103082776346	6.300781	-12.500000	-0.199219	7.601562	10.500000	10.898438	0.806049	-2.503970	0.123975	-0.097447	-0.076025	0.007324	0	0	0	0	0	0
103228755808	2.199219	-13.400391	-5.300781	7.699219	8.699219	10.500000	0.823785	-2.719744	1.472099	-0.105532	-0.070370	-0.002903	0	0	0	0	0	0
103403915260	3.601562	-15.900391	1.699219	4.898438	13.398438	13.199219	0.763386	-2.497989	0.245392	-0.100656	-0.076822	0.007534	0	0	0	0	0	0
103579589154	0.699219	-8.599609	1.398438	12.601562	13.000000	6.000000	0.835671	-2.573788	-0.254023	-0.102446	-0.069245	0.014454	0	0	0	0	0	0
103774132630	-0.099609	-11.599609	-5.800781	5.699219	2.699219	-0.099609	0.840129	-2.558612	0.086234	-0.099149	-0.074770	0.008479	0	0	0	0	0	0
103928903629	2.898438	-16.900391	-1.500000	10.898438	10.300781	8.898438	0.763584	-2.678058	1.476387	-0.105851	-0.071075	-0.001957	0	0	0	0	0	0
104076278781	-0.699219	-13.800781	4.398438	8.000000	9.101562	5.300781	0.787071	-2.573996	0.437811	-0.105068	-0.068959	0.006956	0	0	0	0	0	0
104248129669	5.199219	-6.699219	-1.400391	4.000000	9.699219	9.500000	0.734507	-2.657534	1.209486	-0.107628	-0.070467	0.000733	0	0	0	0	0	0
104417712664	-1.500000	-9.199219	0.398438	7.699219	8.000000	-0.900391	0.892926	-2.462429	-0.446861	-0.102994	-0.066732	0.015112	0	0	0	0	0	0
104607382111	-0.099609	-8.099609	1.699219	11.699219	13.300781	9.300781	0.867252	-2.693300	1.081858	-0.102802	-0.075696	-0.002224	0	0	0	0	0	0
104761691938	-1.400391	-7.000000	3.699219	2.699219	10.000000	5.398438	0.829761	-2.601698	0.361548	-0.107307	-0.073907	0.006742	0	0	0	0	0	0
104923133651	1.398438	-12.199219	1.601562	3.601562	18.000000	9.601562	0.817368	-2.564292	0.438815	-0.105670	-0.068081	0.007362	0	0	0	0	0	0
105102736516	3.500000	-10.800781	-2.900391	7.699219	15.199219	7.199219	0.782552	-2.536198	0.121495	-0.098276	-0.072566	0.006951	0	0	0	0	0	0
105292863946	-1.099609	-9.800781	2.000000	13.199219	11.800781	2.199219	0.802688	-2.636945	0.159975	-0.102856	-0.065371	0.007846	0	0	0	0	0	0
105457312977	1.398438	-11.500000	0.101562	4.398438	14.199219	2.601562	0.807655	-2.646477	-0.638473	-0.104867	-0.068578	0.018195	0	0	0	0	0	0
105625239666	0.898438	-7.900391	-1.800781	11.800781	8.898438	10.000000	0.898134	-2.532006	-0.035331	-0.102930	-0.072882	0.005803	0	0	0	0	0	0
105816078051	-1.099609	-10.900391	-1.400391	7.300781	8.800781	6.699219	0.941084	-2.547187	0.525878	-0.103744	-0.075206	0.010593	0	0	0	0	0	0
106016125593	2.199219	-15.699219	-0.599609	1.300781	8.300781	3.500000	0.889508	-2.524137	0.246825	-0.103523	-0.073305	0.008679	0	0	0	0	0	0
106188617600	6.398438	-7.400391	-6.699219	10.398438	9.101562	12.101562	0.858602	-2.593923	1.057839	-0.105934	-0.067742	0.003834	0	0	0	0	0	0
106373324349	-1.099609	-12.599609	0.000000	11.800781	6.398438	6.101562	0.758618	-2.651251	0.245543	-0.101649	-0.070222	0.010450	0	0	0	0	0	0
106532000179	-1.599609	-14.900391	-1.199219	2.101562	5.398438	9.000000	0.833822	-2.627546	0.479935	-0.104180	-0.070762	0.008983	0	0	0	0	0	0
106710967070	-0.400391	-7.300781	-1.500000	6.300781	11.898438	7.898438	0.744347	-2.613335	0.471361	-0.101394	-0.070135	0.005723	0	0	0	0	0	0
106842945014	2.398438	-11.099609	-2.599609	5.898438	9.101562	4.898438	0.791464	-2.437522	0.323043	-0.101472	-0.066900	0.008185	0	0	0	0	0	0
106973863103	2.398438	-11.800781	-1.300781	4.500000	11.699219	5.000000	0.849684	-2.561721	0.166120	-0.101143	-0.074471	0.008575	0	0	0	0	0	0
