990691	-1.300781	0.500000	-5.000000	-0.500000	0.898438	3.500000	-0.086838	0.150268	1.003402	0.004371	0.002857	-0.007807	0	0	0	0	0	0
109574593	-3.300781	2.699219	4.101562	-1.099609	-1.300781	-2.500000	-0.018148	0.087069	-1.273973	-0.001293	-0.000750	0.007803	0	0	0	0	0	0
211541075	3.101562	4.601562	-0.900391	0.699219	-2.000000	0.000000	-0.125265	0.294656	-2.405107	-0.012160	0.002197	0.005149	0	0	0	0	0	0
313289755	2.000000	4.398438	0.500000	6.199219	3.101562	0.500000	-0.187990	0.097506	-0.000125	-0.001161	-0.001964	-0.002653	0	0	0	0	0	0
415063090	-2.800781	7.898438	-1.000000	2.000000	6.199219	6.601562	-0.192111	0.028014	0.031512	0.000979	-0.001188	-0.004347	0	0	0	0	0	0
517040254	-3.300781	12.101562	6.699219	7.398438	-7.300781	5.898438	-0.202588	0.087764	-0.033655	0.004055	-0.000530	0.001931	0	0	0	0	0	0
618790722	-7.199219	5.601562	8.601562	14.800781	-2.099609	7.800781	-0.053199	0.037823	-0.080623	0.000292	-0.001059	-0.001698	0	0	0	0	0	0
747813576	-0.500000	6.800781	-2.000000	-1.500000	0.699219	-1.599609	-0.019235	0.116398	-0.074144	-0.005784	-0.005598	-0.002535	0	0	0	0	0	0
893148449	-1.300781	-3.500000	2.699219	0.800781	3.300781	-5.099609	-0.133109	0.004469	-0.115189	-0.001847	-0.002294	-0.000409	0	0	0	0	0	0
1066807412	-1.699219	-0.300781	-3.500000	0.398438	-7.400391	-3.199219	-0.017006	0.018619	-0.000462	0.003388	-0.003198	-0.000023	0	0	0	0	0	0
1241799602	-1.099609	-1.500000	0.500000	-1.699219	-3.400391	6.601562	-0.112489	0.187406	1.431199	0.004649	0.004376	-0.009738	0	0	0	0	0	0
1420547341	-1.900391	0.398438	13.898438	11.000000	2.300781	4.500000	-0.157759	0.074618	0.890527	0.001229	-0.003097	-0.007129	0	0	0	0	0	0
1586384590	-7.099609	-6.599609	-0.800781	-6.599609	-1.699219	-11.800781	-0.097217	0.093256	0.152538	0.002729	0.004570	-0.001686	0	0	0	0	0	0
1716133141	-9.400391	-2.800781	14.898438	10.000000	-3.000000	11.699219	-0.063336	0.102277	-0.036103	0.000763	-0.000336	0.000105	0	0	0	0	0	0
1851753815	-8.300781	2.101562	8.000000	8.199219	-4.500000	2.601562	-0.087653	0.068972	-0.458674	-0.002060	-0.001505	0.003386	0	0	0	0	0	0
2005399074	-5.500000	-7.800781	-0.699219	1.500000	-4.500000	-4.199219	0.021507	0.059894	-0.005308	0.002389	0.003090	-0.001644	0	0	0	0	0	0
2144797190	-0.300781	4.699219	-0.199219	9.398438	-1.099609	-1.900391	-0.135420	0.050166	-0.081630	-0.000196	0.000607	-0.002406	0	0	0	0	0	0
2284313594	-4.800781	0.398438	0.398438	6.101562	-3.000000	1.500000	-0.026031	0.079635	0.120255	-0.000736	0.000122	-0.000177	0	0	0	0	0	0
2458816134	0.101562	12.199219	0.500000	10.898438	2.000000	7.000000	-0.047364	0.049354	-0.004212	0.004311	0.000271	-0.001190	0	0	0	0	0	0
2637401082	0.300781	7.898438	5.398438	13.500000	1.800781	13.398438	-0.067269	-0.001273	0.045112	0.000665	-0.004304	0.001762	0	0	0	0	0	0
2785107296	-12.699219	-3.199219	2.699219	9.300781	-3.300781	1.800781	0.079121	0.152796	0.351843	0.001669	0.002556	-0.001216	0	0	0	0	0	0
2958880088	-6.099609	2.300781	3.699219	11.199219	4.101562	15.800781	-0.149817	0.078456	0.728730	-0.003341	-0.002637	-0.010663	0	0	0	0	0	0
3116316835	0.800781	2.898438	5.601562	17.199219	0.101562	13.000000	0.003220	0.010465	0.191727	0.000095	0.003569	-0.001405	0	0	0	0	0	0
3261197074	1.398438	-2.699219	-2.099609	5.800781	-3.300781	4.000000	-0.067799	0.084960	1.161686	-0.003362	-0.001885	-0.009809	0	0	0	0	0	0
3442966320	-5.500000	-2.099609	3.699219	8.199219	0.601562	4.500000	-0.072245	0.117601	0.151017	0.004163	0.002207	-0.002577	0	0	0	0	0	0
3607840193	-2.800781	-3.199219	3.199219	4.000000	-2.000000	-1.199219	-0.009942	0.040042	-0.043658	0.002296	0.004766	-0.000805	0	0	0	0	0	0
3756665927	-3.699219	0.398438	-0.699219	3.898438	2.300781	6.199219	-0.060626	-0.009958	-0.004568	0.001310	0.002602	-0.001175	0	0	0	0	0	0
3941161060	0.601562	2.500000	-6.800781	0.300781	-2.699219	-1.699219	-0.297891	-0.002927	0.920045	0.002760	-0.002441	-0.010343	0	0	0	0	0	0
4108516913	-3.199219	-5.199219	-7.599609	0.000000	0.500000	-2.599609	-0.051776	0.165827	-0.294641	-0.000093	-0.001178	0.006130	0	0	0	0	0	0
4282735607	-2.199219	-7.900391	-3.599609	-7.599609	-0.800781	-1.800781	-0.075233	0.044790	0.113934	0.004279	-0.001742	-0.001461	0	0	0	0	0	0
4437382089	-3.099609	-9.099609	-6.500000	2.699219	3.101562	4.500000	-0.043222	0.082294	0.308108	0.003274	0.005967	-0.001560	0	0	0	0	0	0
4620610797	-0.099609	-4.900391	-7.800781	2.000000	0.398438	-1.500000	-0.091568	0.183877	1.160445	0.005257	0.002461	-0.008016	0	0	0	0	0	0
4807662534	-8.099609	-2.800781	1.500000	-5.199219	-4.800781	-3.199219	-0.005433	0.083368	-0.110339	-0.000092	-0.003258	0.001581	0	0	0	0	0	0
4997106135	-2.300781	-0.699219	-1.400391	9.800781	3.800781	7.898438	-0.127839	0.080045	0.190509	0.003313	0.004411	-0.002038	0	0	0	0	0	0
5141243300	-3.500000	-3.099609	0.500000	3.500000	0.101562	0.300781	-0.147184	0.052238	1.002339	-0.003549	-0.004161	-0.011216	0	0	0	0	0	0
5335577022	-7.099609	-3.599609	7.398438	7.500000	4.199219	6.699219	-0.061922	0.134834	-0.042849	0.001689	0.005106	-0.001920	0	0	0	0	0	0
5501291265	-3.699219	-4.900391	-0.900391	1.699219	2.500000	9.101562	-0.118341	0.074025	1.068442	0.003195	0.003548	-0.013199	0	0	0	0	0	0
5680102214	-5.699219	-2.000000	4.898438	11.300781	0.000000	5.699219	-0.060078	0.125664	0.997944	0.000923	0.006032	-0.010331	0	0	0	0	0	0
5856300243	-1.800781	-5.000000	4.601562	10.800781	1.898438	8.199219	-0.018247	0.067388	0.545665	0.003145	0.005720	-0.000478	0	0	0	0	0	0
6010457786	-6.800781	-2.800781	10.398438	9.500000	0.000000	1.699219	-0.067327	0.060702	0.044738	0.001094	-0.004323	0.000966	0	0	0	0	0	0
6192202056	-6.099609	-5.900391	6.800781	5.898438	-1.099609	2.699219	-0.146080	0.128002	-0.542516	0.003692	0.003913	0.003017	0	0	0	0	0	0
6395817874	6.199219	0.101562	1.199219	6.800781	5.800781	7.199219	-0.067922	0.144966	0.272652	0.002396	0.003226	-0.001552	0	0	0	0	0	0
6555471912	-5.900391	-9.000000	5.800781	6.500000	3.800781	9.898438	-0.052073	0.028939	0.194428	-0.000414	0.000679	-0.001351	0	0	0	0	0	0
6728748574	-4.199219	-6.300781	6.398438	9.898438	-0.699219	3.101562	0.051765	0.045909	-0.847809	0.001667	0.003352	0.007811	0	0	0	0	0	0
6894802137	0.898438	-1.300781	8.300781	8.101562	1.601562	7.398438	-0.085205	0.064300	0.351763	-0.000114	0.003743	-0.001058	0	0	0	0	0	0
7073529336	-5.000000	2.500000	9.800781	7.601562	-0.599609	5.601562	-0.001388	0.078939	0.155338	0.000572	0.002843	-0.000981	0	0	0	0	0	0
7231700706	-7.800781	-1.400391	11.300781	7.500000	-3.000000	1.500000	-0.206549	0.104206	-0.498879	0.002926	0.003945	0.004812	0	0	0	0	0	0
7380054619	0.500000	-4.900391	2.898438	6.500000	-1.000000	11.101562	-0.121792	0.086655	0.961148	0.001326	0.002474	-0.009534	0	0	0	0	0	0
7565472282	-5.099609	-9.699219	3.699219	4.601562	0.699219	-4.900391	-0.088416	0.056776	-0.278893	-0.002803	0.001110	-0.003517	0	0	0	0	0	0
7727024377	-1.400391	-8.099609	12.300781	7.500000	-6.099609	1.300781	-0.094356	0.015701	0.038167	-0.002472	-0.002934	-0.002370	0	0	0	0	0	0
7904078723	-6.500000	-3.199219	8.199219	9.699219	-1.699219	11.800781	-0.003525	0.151004	0.690495	0.004343	0.005258	-0.006575	0	0	0	0	0	0
8107768938	-7.000000	-5.699219	8.500000	6.800781	-5.000000	6.000000	-0.064965	0.073978	0.157586	0.000618	0.005438	0.000389	0	0	0	0	0	0
8320849886	-6.900391	-4.099609	8.500000	9.300781	3.000000	12.601562	-0.041991	0.013949	0.735939	-0.000538	0.001966	-0.004491	0	0	0	0	0	0
8507865311	-14.500000	-6.099609	16.101562	14.898438	-4.000000	2.800781	-0.118079	0.068857	-0.160367	0.001883	0.000109	-0.002105	0	0	0	0	0	0
8689864642	-9.000000	-0.699219	12.898438	9.500000	3.300781	1.398438	-0.165903	-0.013846	-1.080222	-0.000570	-0.000478	0.007720	0	0	0	0	0	0
8870474809	-7.300781	-2.099609	11.601562	7.800781	-3.500000	5.101562	-0.012045	0.140803	-0.651691	0.003036	0.004054	0.006939	0	0	0	0	0	0
9028223792	-5.199219	-3.400391	15.199219	13.199219	0.199219	2.300781	-0.119100	0.077361	-0.193478	0.004613	0.003655	0.002095	0	0	0	0	0	0
9221139259	-1.099609	-7.400391	3.898438	11.898438	-3.500000	5.300781	0.024388	-0.027473	0.571607	-0.000231	0.001970	-0.006906	0	0	0	0	0	0
9421919660	-6.900391	-6.300781	7.800781	7.199219	1.500000	6.500000	-0.056216	0.146006	0.663071	-0.002925	-0.002651	-0.005343	0	0	0	0	0	0
9566724547	-5.599609	-8.199219	9.601562	2.398438	-1.300781	1.398438	-0.058755	0.064790	0.000100	0.000501	0.000380	-0.000716	0	0	0	0	0	0
9736454665	-5.199219	3.199219	7.800781	13.101562	7.000000	11.000000	-0.090555	0.093956	0.002909	0.000713	-0.001603	-0.000256	0	0	0	0	0	0
9929248036	-3.500000	-3.400391	11.500000	7.699219	-0.400391	1.601562	-0.060684	0.116904	-0.803363	0.000294	0.003724	0.008491	0	0	0	0	0	0
10107291070	-9.699219	-12.800781	8.000000	4.000000	-4.800781	-3.099609	-0.016219	0.011675	0.114710	-0.001224	0.000118	-0.001927	0	0	0	0	0	0
10294736615	-2.199219	0.101562	9.101562	16.300781	-0.900391	7.398438	0.005174	0.031501	-0.042122	0.000203	-0.000740	-0.001725	0	0	0	0	0	0
10499999730	-6.000000	-5.099609	2.800781	9.500000	-4.500000	11.601562	-0.063531	0.061801	0.850496	0.000383	-0.005523	-0.007748	0	0	0	0	0	0
10681099469	-11.699219	-6.699219	6.000000	9.300781	-6.300781	4.101562	0.003077	-0.101011	0.489922	-0.000741	0.000740	-0.007888	0	0	0	0	0	0
10859625145	-0.599609	-3.199219	12.500000	15.699219	-0.500000	10.601562	-0.140130	0.111471	1.115213	0.004803	0.004322	-0.009723	0	0	0	0	0	0
11057808906	-8.900391	-5.500000	8.199219	15.898438	5.000000	10.300781	-0.050014	0.213614	0.353295	0.003540	0.005562	-0.000561	0	0	0	0	0	0
11264484660	-2.300781	-9.199219	12.300781	10.898438	1.000000	7.699219	0.057133	0.076494	0.000593	-0.000141	0.002842	0.000024	0	0	0	0	0	0
11425078404	-10.000000	-2.500000	9.500000	9.000000	-2.199219	4.800781	-0.145175	0.056150	-0.075710	-0.000138	0.000630	0.000140	0	0	0	0	0	0
11609080789	-7.800781	-3.000000	9.699219	11.000000	-0.599609	6.398438	-0.087109	0.124677	-0.690590	0.001027	0.004980	0.006575	0	0	0	0	0	0
11780522984	-3.500000	-2.300781	8.699219	11.000000	1.000000	8.699219	-0.207496	0.219376	0.962097	0.002279	-0.001333	-0.011477	0	0	0	0	0	0
11955499498	-6.099609	-1.500000	11.699219	8.300781	-0.900391	8.699219	-0.122863	0.125191	0.235379	0.001636	0.001810	-0.001137	0	0	0	0	0	0
12136183857	-4.500000	-5.300781	6.699219	5.300781	-1.900391	7.601562	-0.038833	0.217268	0.237122	0.001582	0.004453	-0.000715	0	0	0	0	0	0
12283938413	-7.199219	-11.000000	5.898438	5.898438	-5.000000	-1.699219	-0.050062	-0.012001	-0.039047	-0.000735	-0.003611	-0.000876	0	0	0	0	0	0
12476284586	-3.800781	-2.800781	10.800781	16.601562	-4.400391	12.800781	-0.101594	0.088616	0.269608	0.003363	0.005648	-0.001534	0	0	0	0	0	0
12668375605	-9.300781	-0.300781	11.000000	5.000000	-0.500000	3.800781	-0.063288	0.132170	-1.030631	-0.004892	-0.002681	0.009024	0	0	0	0	0	0
12830415182	-9.000000	-5.699219	9.699219	9.000000	-7.800781	2.000000	-0.131124	0.060906	-1.191053	0.001888	-0.001879	0.010514	0	0	0	0	0	0
12995082787	-3.699219	-2.500000	13.898438	10.898438	0.699219	8.500000	-0.064971	-0.024051	0.115060	0.001838	-0.000677	-0.000659	0	0	0	0	0	0
13170353323	-11.000000	1.601562	13.199219	6.800781	4.500000	-1.400391	-0.128792	0.001937	-1.465874	0.001476	-0.002521	0.010970	0	0	0	0	0	0
13346516749	-6.300781	-2.000000	12.699219	7.800781	-2.800781	-5.699219	-0.100055	0.024322	-0.077790	0.002222	0.000301	0.000460	0	0	0	0	0	0
13498606819	-7.400391	-1.699219	10.601562	11.800781	4.199219	9.000000	-0.065133	0.155767	1.193962	0.001791	0.006354	-0.010487	0	0	0	0	0	0
13680813171	-62.000000	-50.900391	119.199219	-29.800781	-40.900391	-21.000000	2.378242	1.215388	4.381258	0.187561	0.428835	-0.322118	0	0	0	0	0	0
13845124849	-482.099609	-14.300781	551.300781	12.699219	155.699219	90.000000	14.266459	17.381802	45.579960	0.055064	1.497487	0.060965	0	0	0	0	0	0
14025111118	291.199219	133.199219	494.898438	240.601562	-616.099609	273.500000	16.403725	-21.130930	28.529224	1.315211	0.590729	2.318726	0	0	0	0	0	0
14173587656	1446.601562	524.101562	-579.800781	597.500000	-1183.699219	404.000000	-11.220343	-62.992878	-55.967804	2.298515	-2.413234	5.180732	0	0	0	0	0	0
14358119891	1419.300781	577.898438	-1661.300781	544.101562	-322.699219	232.500000	-35.790440	-50.153641	-97.267921	-0.517218	-6.137912	4.270708	0	0	0	0	0	0
14501249790	-410.900391	-102.800781	-935.800781	-238.900391	1030.699219	-278.000000	-16.206961	29.482384	-52.232391	-2.641811	-3.961490	-2.463443	0	0	0	0	0	0
14664212454	-1167.000000	-639.199219	174.898438	-741.300781	1036.101562	-606.699219	8.118773	54.166924	5.360320	-1.572721	-0.021801	-6.514806	0	0	0	0	0	0
14848690694	-1125.599609	-711.699219	1518.800781	-543.500000	-232.300781	-269.199219	53.450706	29.443489	22.229897	1.059404	3.309441	-4.694569	0	0	0	0	0	0
14987845964	-743.099609	-417.599609	1779.101562	-132.400391	-956.500000	162.398438	69.757622	-1.554338	10.975388	0.976859	2.798173	-1.101508	0	0	0	0	0	0
15165496649	167.699219	-183.699219	810.300781	20.898438	-1010.199219	109.500000	33.126499	-27.423092	-7.051630	1.121606	1.073023	0.123398	0	0	0	0	0	0
15358937033	1001.199219	34.300781	97.000000	173.601562	-1146.900391	98.601562	3.387883	-51.514824	-9.070424	1.835879	0.199338	1.384081	0	0	0	0	0	0
15533128579	1710.000000	596.898438	-1408.400391	552.101562	-469.599609	195.601562	-51.640903	-59.080833	-27.645836	0.439209	-2.752488	4.423609	0	0	0	0	0	0
15700312541	1508.398438	618.601562	-1918.300781	448.699219	263.000000	73.601562	-70.312416	-37.849697	-22.151146	-0.542812	-3.656562	3.655230	0	0	0	0	0	0
15859399857	843.601562	541.300781	-1785.000000	297.398438	877.699219	17.000000	-63.168728	-3.711748	-6.070532	-1.160181	-3.795021	2.397375	0	0	0	0	0	0
16044423150	-283.199219	76.601562	-697.099609	-102.400391	1061.398438	-141.500000	-21.302767	33.714458	17.163540	-0.869437	-2.252872	-0.858423	0	0	0	0	0	0
16196350417	-431.900391	-212.000000	532.601562	-162.400391	83.101562	-61.300781	21.545948	16.887716	31.302088	0.697850	0.491787	-1.479484	0	0	0	0	0	0
16383988387	-762.199219	-302.599609	1731.500000	-23.199219	-859.099609	269.699219	72.506119	1.025759	18.163950	0.763581	1.796842	-0.166945	0	0	0	0	0	0
16569724966	-608.800781	-185.800781	1943.500000	160.101562	-1278.099609	459.000000	83.657433	-16.157845	9.695261	0.298173	1.961851	1.450712	0	0	0	0	0	0
16724797478	-366.800781	-69.500000	1281.398438	124.398438	-804.599609	312.800781	44.066608	-6.152413	20.700216	1.133811	2.653121	1.135641	0	0	0	0	0	0
16902509540	483.898438	178.300781	-510.000000	121.101562	64.300781	3.898438	-27.241335	-8.205722	8.517365	0.583463	-0.234081	1.111114	0	0	0	0	0	0
17072776647	774.300781	397.000000	-1570.400391	166.800781	783.398438	-93.500000	-66.619011	-1.319784	0.142177	-0.392885	-2.106950	1.528518	0	0	0	0	0	0
17223946304	1162.000000	604.000000	-2480.400391	250.101562	1222.601562	-133.199219	-97.871246	-4.829143	-11.907006	-1.211895	-3.956131	2.233937	0	0	0	0	0	0
17400610456	615.898438	410.699219	-2172.199219	48.398438	1507.199219	-240.800781	-81.671028	19.467596	-6.123998	-1.595530	-3.877083	0.316523	0	0	0	0	0	0
17549694482	-195.699219	130.199219	-1276.400391	-196.400391	1541.199219	-296.800781	-49.467278	44.725937	14.264665	-1.118788	-2.321741	-1.407464	0	0	0	0	0	0
17733672980	-647.099609	-66.199219	464.898438	-103.099609	422.699219	20.699219	12.603512	30.227509	43.660122	0.230226	1.207964	-0.572350	0	0	0	0	0	0
17894495493	-508.400391	20.300781	1322.699219	186.398438	-577.500000	387.000000	44.096584	3.273794	42.134647	1.260532	2.856107	1.833422	0	0	0	0	0	0
18064755098	411.601562	333.398438	1139.101562	550.898438	-1399.699219	663.601562	38.048073	-41.863728	29.854416	1.903214	2.591933	5.144210	0	0	0	0	0	0
18205133707	1058.699219	509.898438	665.699219	723.800781	-1695.099609	709.199219	24.634022	-66.881233	10.573734	2.058445	1.204490	6.507578	0	0	0	0	0	0
18377444211	1600.500000	766.601562	223.898438	925.199219	-1770.199219	810.398438	4.026232	-83.860870	17.251299	1.920511	1.153969	8.129284	0	0	0	0	0	0
18536840689	758.000000	402.601562	747.699219	545.300781	-1040.500000	549.199219	10.687582	-47.413830	86.330986	0.469000	3.018763	4.718098	0	0	0	0	0	0
18713902881	464.898438	245.898438	220.199219	269.601562	-46.300781	195.699219	-8.538766	-18.956703	116.681313	-0.658450	1.174191	2.078919	0	0	0	0	0	0
18852320432	465.199219	112.199219	-276.300781	95.300781	243.101562	-4.000000	-14.004439	-9.376498	70.405884	-0.414644	-1.346539	0.656971	0	0	0	0	0	0
19023515652	709.300781	287.199219	-765.800781	275.101562	-204.400391	114.500000	-22.182587	-23.269909	-47.927101	0.662187	-2.032753	2.417251	0	0	0	0	0	0
19188607423	860.398438	437.601562	-968.900391	414.199219	-501.900391	242.398438	-25.343506	-31.352238	-109.324684	1.314698	-2.223652	3.689287	0	0	0	0	0	0
19359632685	107.898438	220.000000	-651.099609	170.800781	-20.500000	113.898438	-13.060631	5.916498	-94.614777	1.081995	-1.404843	1.381490	0	0	0	0	0	0
19509529127	-1230.099609	-24.900391	39.898438	-190.599609	984.300781	-12.900391	4.364320	65.892487	-33.235409	0.165981	-0.059802	-1.064531	0	0	0	0	0	0
19669175220	-1931.199219	-97.199219	797.500000	-270.699219	1138.699219	79.500000	27.894686	87.266518	7.016699	0.120595	1.776279	-1.279363	0	0	0	0	0	0
19820633425	-1569.300781	-96.800781	1770.601562	29.000000	-41.599609	389.500000	58.748466	46.945267	30.690001	1.167409	4.224511	0.788078	0	0	0	0	0	0
19967030645	-908.800781	21.101562	2143.601562	300.199219	-1081.900391	646.300781	72.117607	5.634898	32.576817	2.222707	5.256032	2.969131	0	0	0	0	0	0
20135404865	352.398438	156.199219	1410.398438	408.898438	-1644.699219	567.300781	41.736122	-42.595337	23.147068	2.672917	4.266665	3.828013	0	0	0	0	0	0
20276961968	1177.699219	398.199219	405.398438	561.300781	-1625.800781	512.398438	8.319241	-64.951828	-3.510177	2.633721	1.764326	5.002590	0	0	0	0	0	0
20421448896	1677.500000	606.300781	-426.599609	693.800781	-1435.300781	483.300781	-16.188530	-76.366356	-24.848658	2.093647	-0.347680	5.873173	0	0	0	0	0	0
20593197575	664.000000	442.800781	-25.599609	459.300781	-298.800781	360.000000	-13.618796	-27.353672	67.530563	-0.156825	1.244522	3.769054	0	0	0	0	0	0
20770369073	75.898438	51.699219	306.199219	26.800781	269.398438	0.300781	-10.663262	2.541047	114.545662	-0.227416	2.240882	0.003900	0	0	0	0	0	0
20920632853	343.199219	-23.300781	-140.500000	-35.500000	-49.400391	-92.800781	-12.553768	-3.608861	24.042877	1.459293	0.389395	-0.416347	0	0	0	0	0	0
21080754950	436.800781	149.699219	-540.099609	132.000000	-265.000000	46.000000	-17.107969	-10.721681	-66.026428	1.730215	-0.641268	1.153535	0	0	0	0	0	0
21258052913	462.699219	184.699219	-857.099609	126.898438	-180.500000	29.699219	-24.757011	-9.135307	-100.178360	1.341032	-1.534626	1.207300	0	0	0	0	0	0
21454048731	281.601562	239.699219	-1555.900391	-35.699219	980.500000	-188.900391	-60.051735	21.910955	-49.442558	0.181798	-2.177567	-0.101200	0	0	0	0	0	0
21604280416	-189.000000	-233.599609	-751.699219	-445.800781	880.000000	-502.099609	-32.094986	38.320183	-9.385470	1.078537	-0.119646	-3.918054	0	0	0	0	0	0
21762555639	-873.800781	-365.300781	1111.898438	-296.699219	-72.199219	-78.699219	32.264275	31.749260	27.974564	1.900176	3.383203	-2.357082	0	0	0	0	0	0
21910655159	-282.900391	-768.699219	1148.500000	-621.400391	-692.900391	-468.400391	25.542553	7.286887	20.401493	3.743081	4.571368	-5.814470	0	0	0	0	0	0
22094261548	82.699219	-5.900391	565.800781	91.800781	-658.300781	172.101562	16.998720	-10.385972	-4.022433	2.137749	1.690553	1.358197	0	0	0	0	0	0
22241657100	592.398438	759.101562	-148.699219	790.601562	-622.400391	742.000000	-0.364022	-31.241196	-22.271646	0.642147	-0.734525	7.450241	0	0	0	0	0	0
22415450926	755.300781	1050.398438	-490.500000	1052.699219	-505.599609	949.101562	-9.766976	-35.500820	-34.117157	-0.063089	-1.951184	9.727816	0	0	0	0	0	0
22596612858	525.300781	609.398438	-332.699219	633.000000	-356.300781	553.898438	-4.611533	-23.043577	-21.876171	0.048421	-1.352598	5.435954	0	0	0	0	0	0
22743455395	165.601562	202.699219	8.000000	196.800781	55.101562	170.699219	-4.247920	-3.862989	44.335678	0.009159	-0.036720	1.641205	0	0	0	0	0	0
22916847680	315.398438	314.398438	-275.199219	233.199219	492.300781	138.898438	-21.032503	-0.191876	99.042290	-0.991251	-0.416083	1.884801	0	0	0	0	0	0
23086809801	130.500000	191.398438	-312.300781	126.300781	375.898438	71.199219	-14.165554	5.998364	33.700405	0.060449	-0.954424	1.062239	0	0	0	0	0	0
23259639949	515.898438	329.500000	-565.500000	312.199219	-246.500000	218.398438	-14.906858	-16.924704	-52.645088	0.959314	-1.399170	2.894514	0	0	0	0	0	0
23440408914	551.898438	374.898438	-526.599609	412.699219	-593.800781	329.398438	-6.636271	-23.021152	-94.840637	1.428600	-1.476799	3.675799	0	0	0	0	0	0
23582263254	732.898438	415.500000	-145.199219	529.398438	-954.900391	451.500000	7.323542	-44.099648	-60.464512	0.774709	-1.552979	4.605960	0	0	0	0	0	0
23749830333	1856.898438	454.300781	-447.099609	616.300781	-1629.199219	354.500000	-8.392444	-93.618675	-36.532776	1.229990	-1.954325	4.965372	0	0	0	0	0	0
23930932665	2758.398438	812.500000	-671.400391	985.500000	-2247.800781	583.199219	-18.151379	-129.796814	-24.217785	1.802608	-2.054974	7.806339	0	0	0	0	0	0
24100843253	222.699219	152.601562	97.800781	184.500000	-293.599609	173.500000	0.996102	-6.379298	6.148336	0.981243	0.662994	1.412702	0	0	0	0	0	0
24247025618	-883.599609	95.699219	271.500000	0.101562	658.398438	126.500000	3.656466	47.520603	12.931518	0.429728	1.262835	0.395920	0	0	0	0	0	0
24405066958	-1466.300781	103.898438	283.500000	-128.500000	1254.300781	93.398438	3.614669	78.340881	18.714745	-0.107873	1.140096	-0.194375	0	0	0	0	0	0
24577320385	-1298.199219	-37.599609	682.699219	-136.599609	751.800781	88.101562	16.905344	58.498272	29.557547	0.347081	2.136066	-0.673913	0	0	0	0	0	0
24740059840	-1262.699219	-400.500000	1757.199219	-223.400391	-245.699219	91.898438	60.105045	35.324619	45.891129	1.416719	4.035985	-1.892534	0	0	0	0	0	0
24899142431	-936.000000	-362.599609	1720.601562	-154.099609	-569.800781	141.000000	57.363808	17.851595	36.869156	1.737291	3.668126	-1.303017	0	0	0	0	0	0
25066348953	815.300781	135.199219	-156.300781	178.500000	-576.000000	77.601562	-15.066243	-32.932030	16.560329	1.603312	0.398156	1.578521	0	0	0	0	0	0
25214622461	1836.398438	443.898438	-1189.900391	417.699219	-635.599609	74.000000	-53.880711	-60.855900	2.916013	1.751489	-1.183608	3.263017	0	0	0	0	0	0
25392842055	1673.101562	545.500000	-1872.800781	368.000000	106.500000	-23.699219	-76.567284	-38.417503	-15.316706	0.970227	-2.572164	2.829097	0	0	0	0	0	0
25532350157	1085.800781	239.300781	-1830.199219	15.300781	638.601562	-302.699219	-71.794388	-8.985279	-19.020321	0.359843	-2.750559	-0.302236	0	0	0	0	0	0
25698559993	122.898438	-185.500000	-1177.800781	-422.000000	1034.398438	-557.400391	-48.124645	30.394848	-5.918217	0.578422	-1.550339	-3.910259	0	0	0	0	0	0
25849725123	-566.199219	-304.900391	-252.800781	-463.400391	915.800781	-420.300781	-13.718831	46.326523	14.043432	0.707587	-0.034315	-3.781847	0	0	0	0	0	0
26042102853	-338.000000	-75.900391	681.101562	-14.099609	-138.000000	80.699219	18.716969	8.650066	37.728928	0.863962	1.861546	0.028815	0	0	0	0	0	0
26207813128	-359.500000	-261.699219	1658.000000	-6.300781	-1010.800781	219.601562	56.844448	-10.412240	50.071381	1.449731	3.690634	-0.062663	0	0	0	0	0	0
26349683827	-756.000000	-481.099609	2265.500000	-135.099609	-1208.699219	204.601562	79.583450	-6.103823	52.631847	1.406967	4.716830	-1.312223	0	0	0	0	0	0
26530400649	175.300781	-91.300781	641.500000	47.398438	-640.800781	84.601562	17.578337	-19.473896	29.197811	0.683089	1.326038	0.341981	0	0	0	0	0	0
26683452720	937.398438	243.500000	-1085.099609	129.898438	238.300781	-107.599609	-49.966358	-18.749052	16.645391	0.176703	-1.252615	0.991058	0	0	0	0	0	0
26861016580	1509.398438	369.601562	-2313.800781	82.199219	824.199219	-351.599609	-99.337158	-19.270428	6.285089	-0.015074	-2.866826	0.383753	0	0	0	0	0	0
26997562502	1760.898438	459.199219	-2718.000000	146.601562	946.398438	-369.500000	-110.899071	-24.466167	-1.785009	-0.215867	-3.765047	0.802444	0	0	0	0	0	0
27162394149	1008.500000	314.601562	-1291.500000	130.699219	625.500000	-160.400391	-62.042038	-12.294633	65.835960	-0.455750	-0.951582	0.832105	0	0	0	0	0	0
27320812033	507.000000	185.199219	-596.500000	41.601562	682.601562	-126.699219	-40.442604	0.595225	108.094658	-0.827028	0.177131	0.229062	0	0	0	0	0	0
27503729021	582.699219	203.699219	-523.800781	143.000000	87.300781	16.000000	-24.191336	-11.488116	25.671652	0.671858	-0.677421	1.243182	0	0	0	0	0	0
27643357353	520.699219	215.800781	-353.199219	234.898438	-433.099609	157.300781	-7.602917	-20.384916	-49.166473	1.392475	-0.920121	2.038772	0	0	0	0	0	0
27820976440	-85.800781	64.398438	-333.699219	13.898438	190.898438	7.699219	-6.188149	12.453672	-39.864403	0.381739	-1.055347	0.046148	0	0	0	0	0	0
27981061267	-989.000000	-397.199219	136.800781	-505.400391	847.300781	-361.900391	5.635216	55.286552	-2.698376	0.386273	0.087096	-4.212593	0	0	0	0	0	0
28132169158	-1101.900391	-229.800781	1156.500000	-154.800781	72.898438	87.199219	39.635273	34.777229	22.922424	0.662109	2.422627	-0.948960	0	0	0	0	0	0
28299772918	-128.300781	150.000000	1302.898438	385.199219	-1088.800781	575.699219	50.061623	-22.942360	17.444143	0.771933	1.936030	3.564238	0	0	0	0	0	0
28455006754	198.199219	24.500000	350.601562	130.898438	-526.000000	152.199219	12.290689	-16.178738	2.065435	0.465658	0.501312	0.971711	0	0	0	0	0	0
28625833468	820.800781	197.199219	-1062.099609	94.398438	232.601562	-120.800781	-46.976646	-15.813218	0.184395	0.105730	-1.225603	0.644750	0	0	0	0	0	0
28813589572	1254.500000	426.699219	-2203.900391	127.500000	924.300781	-242.199219	-90.937111	-12.737067	-1.794815	-0.647727	-3.072375	1.065369	0	0	0	0	0	0
28973210102	1224.898438	871.300781	-1788.099609	667.300781	462.898438	325.699219	-69.507057	-25.155077	-10.530560	-0.677924	-2.544532	6.169596	0	0	0	0	0	0
29122799933	1116.500000	1161.500000	-1304.599609	1059.699219	20.101562	776.398438	-48.425449	-35.461056	-18.877787	-0.800197	-2.309089	9.396702	0	0	0	0	0	0
29284835437	1098.601562	1246.800781	-1191.199219	1148.398438	-125.300781	885.500000	-42.917999	-37.699593	-25.507744	-0.718672	-2.127066	10.361038	0	0	0	0	0	0
29453030458	1089.000000	1360.000000	-1059.400391	1277.101562	-259.400391	1037.000000	-38.727135	-40.185879	-26.746899	-0.633229	-1.810183	11.549304	0	0	0	0	0	0
29606990505	1003.398438	1178.898438	-920.599609	1115.000000	-291.800781	903.898438	-34.025814	-35.927242	-25.475239	-0.316298	-1.466830	9.771711	0	0	0	0	0	0
29743962990	438.300781	66.199219	-419.699219	42.398438	-94.099609	-57.599609	-19.035297	-8.724586	-14.825033	0.711133	-0.081466	-0.067686	0	0	0	0	0	0
29915840650	31.199219	-599.800781	108.398438	-541.599609	-142.000000	-547.400391	0.893460	1.095092	-10.177196	0.877596	0.679512	-5.333589	0	0	0	0	0	0
30087260132	-68.699219	-706.199219	275.199219	-616.800781	-207.900391	-598.400391	7.756331	2.190450	-8.169285	0.941872	0.901169	-5.919537	0	0	0	0	0	0
30257505828	-126.099609	-677.400391	332.500000	-592.300781	-194.500000	-553.500000	9.889616	4.059550	-7.942594	0.901793	0.914278	-5.670787	0	0	0	0	0	0
30410716045	-189.300781	-786.199219	424.300781	-693.800781	-201.099609	-649.900391	12.080866	6.090189	-2.281688	1.036855	1.265128	-6.705403	0	0	0	0	0	0
30583880608	-93.300781	-881.900391	489.601562	-764.900391	-310.699219	-720.599609	13.838523	0.553692	4.490020	1.277442	1.291993	-7.201583	0	0	0	0	0	0
30735816102	571.800781	-476.300781	152.898438	-337.000000	-676.599609	-393.300781	5.552671	-30.994911	-0.257547	0.750317	0.077578	-3.395274	0	0	0	0	0	0
30891899511	1284.898438	-108.800781	-157.500000	43.398438	-1140.000000	-130.599609	-4.714475	-63.359726	-7.949438	1.011423	-0.734840	-0.036082	0	0	0	0	0	0
31055921244	1911.699219	220.199219	-307.699219	397.898438	-1654.900391	142.601562	-8.797804	-93.527557	-12.689448	1.432138	-1.213329	2.984243	0	0	0	0	0	0
31212415096	2427.300781	405.699219	-517.099609	594.300781	-1999.699219	253.500000	-15.497108	-118.369522	-16.667891	1.457151	-1.781153	4.588356	0	0	0	0	0	0
31392808593	2980.300781	645.000000	-715.800781	852.199219	-2381.599609	399.601562	-20.172728	-145.161285	-20.202457	1.365376	-2.646390	6.620693	0	0	0	0	0	0
31590528934	3346.601562	862.699219	-766.199219	1091.601562	-2706.800781	600.800781	-19.218275	-164.418213	-20.077654	1.161529	-3.128802	8.499711	0	0	0	0	0	0
31733340702	2747.898438	709.898438	-622.699219	906.300781	-2236.400391	507.300781	-15.398692	-132.230011	-18.147207	1.173949	-2.366009	6.964665	0	0	0	0	0	0
31918390575	499.699219	142.800781	-35.099609	193.398438	-481.900391	137.300781	-1.770158	-21.077600	-3.469756	0.685059	0.178307	1.375840	0	0	0	0	0	0
32117992133	-715.400391	-13.099609	209.601562	-67.300781	526.500000	31.101562	5.991100	36.733944	4.845186	0.044778	0.507412	-0.538074	0	0	0	0	0	0
32280669122	-1201.500000	-125.699219	309.300781	-242.699219	920.398438	-68.099609	9.333941	60.319489	9.148912	-0.160501	0.656485	-1.750510	0	0	0	0	0	0
32422302002	-1586.900391	-202.099609	421.398438	-384.400391	1212.601562	-123.900391	14.492760	77.228622	12.145718	-0.590885	0.592505	-2.628173	0	0	0	0	0	0
32588761448	-1838.400391	-336.400391	1116.199219	-397.099609	855.800781	-67.500000	39.881485	74.257378	26.347168	-0.235363	1.950315	-2.877812	0	0	0	0	0	0
32750331495	-1772.099609	-454.300781	1940.199219	-294.900391	20.500000	93.398438	70.122932	53.077076	34.056309	0.870045	3.670406	-2.335252	0	0	0	0	0	0
32920673521	-964.199219	-642.699219	1954.500000	-376.800781	-786.099609	-47.199219	66.167511	16.507845	31.887413	2.393737	4.453061	-3.364320	0	0	0	0	0	0
33079259591	119.101562	-346.199219	1609.800781	-44.099609	-1595.900391	155.898438	52.681896	-32.343269	19.514660	3.277362	4.044685	-0.372814	0	0	0	0	0	0
33263903983	1250.800781	113.898438	753.000000	370.000000	-2019.000000	352.800781	24.689188	-75.803566	-1.377740	3.031065	1.937381	3.180596	0	0	0	0	0	0
33406280735	1823.300781	440.199219	107.199219	662.898438	-2038.300781	488.699219	5.299493	-96.349731	-16.939447	2.340722	0.004706	5.495519	0	0	0	0	0	0
33585886140	2010.300781	616.398438	-510.300781	789.800781	-1680.500000	495.800781	-13.676796	-95.861908	-28.175261	1.361818	-1.758762	6.257749	0	0	0	0	0	0
33738034554	1846.101562	612.699219	-1219.699219	628.398438	-808.500000	277.398438	-45.643723	-69.697891	-28.872576	0.730786	-2.324613	4.870860	0	0	0	0	0	0
33917636583	1720.300781	555.898438	-1967.199219	430.601562	40.398438	11.500000	-74.370560	-47.277065	-35.260113	-0.116517	-3.476476	3.130074	0	0	0	0	0	0
34102968400	1772.800781	640.300781	-2632.599609	394.199219	635.101562	-113.199219	-101.403847	-35.794415	-35.010330	-0.711374	-4.398325	2.843932	0	0	0	0	0	0
34249366116	2068.398438	772.699219	-3116.599609	467.800781	806.601562	-122.099609	-121.157402	-40.504490	-38.933079	-0.855002	-5.170696	3.492882	0	0	0	0	0	0
34428731324	2403.101562	911.398438	-3590.099609	593.398438	917.199219	-111.000000	-135.167206	-48.679222	-43.590145	-1.206686	-6.280070	4.197563	0	0	0	0	0	0
34611710732	2227.101562	716.601562	-2677.199219	533.500000	238.398438	-55.199219	-97.519173	-60.120651	-37.495655	-0.558639	-4.984222	3.696382	0	0	0	0	0	0
34751223136	2150.398438	614.601562	-1872.099609	596.000000	-444.900391	82.500000	-62.604633	-76.875526	-29.205074	-0.418391	-4.385873	3.977915	0	0	0	0	0	0
34898519013	1598.500000	200.101562	-612.400391	312.800781	-1002.199219	30.898438	-17.672024	-69.192093	-5.313646	0.639434	-1.793252	1.741352	0	0	0	0	0	0
35074675972	695.800781	34.300781	474.000000	217.101562	-1091.400391	204.500000	20.355116	-43.816963	10.953040	0.898143	0.511837	1.506675	0	0	0	0	0	0
35254582661	-375.699219	-176.800781	1332.000000	53.199219	-815.400391	244.500000	49.221012	-6.314479	24.740469	0.970950	2.531962	0.292641	0	0	0	0	0	0
35410405861	-1002.599609	-187.800781	1650.199219	36.101562	-490.400391	315.699219	61.012466	18.613712	29.085239	0.772047	3.030153	0.331592	0	0	0	0	0	0
35587354853	-1388.099609	-225.800781	1747.800781	-44.900391	-185.800781	293.101562	63.508160	36.806351	33.452221	0.463763	3.220321	-0.221582	0	0	0	0	0	0
35745199898	-1737.000000	-217.000000	1514.300781	-155.000000	424.000000	186.101562	53.547871	59.815643	37.945465	-0.202877	2.602149	-0.972712	0	0	0	0	0	0
35896524128	-1452.000000	-237.099609	1144.101562	-223.800781	641.699219	42.300781	36.645370	51.774319	61.879051	-1.150976	1.691860	-1.612885	0	0	0	0	0	0
36062494584	-37.000000	37.800781	83.699219	45.398438	105.699219	35.000000	-3.601860	3.718048	27.474823	0.206086	0.659605	0.346162	0	0	0	0	0	0
36227101795	19.398438	144.300781	-87.199219	95.800781	500.300781	51.500000	-11.000173	7.584521	81.116173	-1.228765	-0.065434	0.652107	0	0	0	0	0	0
36407368443	-47.300781	8.601562	11.199219	-45.800781	633.800781	-84.000000	-10.740405	12.694837	109.219528	-1.086734	-0.122869	-0.544481	0	0	0	0	0	0
36597890217	145.300781	-55.800781	-157.300781	-130.000000	623.500000	-190.400391	-15.510585	8.932405	106.233101	-0.703000	-0.534299	-1.308841	0	0	0	0	0	0
36744826608	321.800781	54.101562	-265.699219	28.398438	156.199219	-43.099609	-16.985085	-1.029543	35.700237	0.693145	-0.107398	0.149743	0	0	0	0	0	0
36931838568	251.398438	192.199219	-444.300781	195.199219	-65.800781	125.300781	-11.941490	-5.834857	-48.196133	0.350098	-1.032064	1.671959	0	0	0	0	0	0
37097231439	171.500000	120.101562	-555.500000	109.699219	-105.099609	57.300781	-11.350986	-4.474914	-89.024826	0.467050	-1.503162	0.972803	0	0	0	0	0	0
37256076360	499.101562	72.601562	-912.099609	66.699219	-223.900391	-56.099609	-21.560556	-17.867928	-114.736526	0.358135	-2.344315	0.449789	0	0	0	0	0	0
37429851717	1095.000000	230.699219	-1194.400391	251.699219	-553.199219	2.199219	-28.877409	-47.520527	-115.417755	-0.074458	-3.465349	1.889225	0	0	0	0	0	0
37594843755	1710.101562	423.898438	-1285.699219	495.300781	-972.199219	141.800781	-31.240780	-77.863037	-97.755035	-0.286371	-4.123924	3.748280	0	0	0	0	0	0
37766306122	2253.199219	637.898438	-968.900391	797.699219	-1740.099609	420.101562	-17.378782	-112.503616	-78.536644	0.192170	-3.951224	6.321992	0	0	0	0	0	0
37920995015	2439.199219	906.800781	-162.500000	1131.800781	-2571.099609	861.199219	1.465705	-131.262772	-44.070358	1.712092	-1.095106	9.483549	0	0	0	0	0	0
38090082405	2298.800781	1085.800781	399.300781	1331.398438	-2872.400391	1148.398438	17.371742	-130.454880	-21.642004	2.002319	0.791027	11.601711	0	0	0	0	0	0
38271985524	446.000000	619.300781	1743.199219	926.398438	-2170.699219	1119.101562	60.998898	-62.168438	13.720721	1.511172	4.417393	8.510080	0	0	0	0	0	0
38419245980	-442.199219	337.800781	2374.500000	672.300781	-1811.400391	1054.300781	80.305603	-27.144676	28.389864	1.781932	6.022495	6.343679	0	0	0	0	0	0
38571288931	-999.699219	114.601562	2545.699219	452.601562	-1377.300781	849.800781	85.413765	-0.768009	34.269539	1.675126	6.282492	4.252386	0	0	0	0	0	0
38742872155	-1660.199219	-42.300781	2194.199219	165.300781	-361.599609	572.601562	72.751297	44.553871	37.447170	1.135035	5.212059	1.765338	0	0	0	0	0	0
38886120937	-2062.800781	-131.900391	1903.000000	-70.099609	347.500000	354.101562	61.946678	72.473488	39.926128	0.628784	4.312165	0.000487	0	0	0	0	0	0
39067266940	-2413.800781	-37.300781	1491.601562	-185.300781	1134.000000	268.898438	48.150452	99.575798	47.954784	-0.488128	3.086328	-0.345741	0	0	0	0	0	0
39223954079	-2185.199219	-49.900391	947.500000	-287.599609	1419.300781	124.101562	26.526222	98.564209	42.627247	-0.794998	1.857940	-1.229844	0	0	0	0	0	0
39392379994	-1112.900391	136.300781	-542.900391	-229.400391	1740.800781	-102.400391	-27.527340	76.877457	18.938755	-1.219126	-0.948589	-0.934080	0	0	0	0	0	0
39545267503	-172.199219	263.601562	-1641.599609	-152.099609	1822.101562	-248.300781	-68.082939	50.997429	9.687673	-1.524144	-2.809103	-0.634251	0	0	0	0	0	0
39726580273	739.500000	515.300781	-2430.400391	106.500000	1645.000000	-209.500000	-95.941223	20.162376	-2.779729	-1.464359	-4.320885	1.177604	0	0	0	0	0	0
39865499571	1277.699219	640.300781	-2911.500000	204.699219	1523.699219	-208.300781	-113.669472	0.813043	-13.130486	-1.342186	-5.149654	1.988672	0	0	0	0	0	0
40032474730	1866.101562	716.300781	-3284.900391	315.199219	1258.000000	-229.800781	-127.164238	-21.899212	-24.333790	-1.086017	-5.777266	2.559703	0	0	0	0	0	0
40194911759	2220.000000	807.500000	-3503.099609	430.398438	1089.800781	-186.300781	-134.123962	-37.099022	-32.611649	-1.081338	-6.398460	3.337740	0	0	0	0	0	0
40380207521	2652.601562	906.398438	-3496.099609	614.000000	592.000000	-96.599609	-132.880966	-61.685654	-39.406544	-0.541518	-6.241146	4.459420	0	0	0	0	0	0
40523601392	2886.000000	952.898438	-3027.500000	763.101562	-107.800781	63.800781	-111.674683	-86.272484	-39.085514	-0.083837	-5.737435	5.868956	0	0	0	0	0	0
40688957584	2694.101562	1033.000000	-1701.300781	1073.000000	-1226.500000	529.601562	-57.405903	-106.675552	-34.767471	0.708548	-3.966379	8.389688	0	0	0	0	0	0
40845908101	2057.800781	1061.800781	-454.599609	1214.101562	-1798.599609	936.000000	-9.309948	-100.126770	-23.411074	1.307127	-1.781742	10.266964	0	0	0	0	0	0
41032578174	915.898438	890.800781	1064.398438	1138.300781	-2045.599609	1218.500000	45.156101	-71.274368	-3.903993	1.719488	1.597033	10.105593	0	0	0	0	0	0
41187833374	25.300781	459.800781	1917.800781	770.800781	-1877.000000	1068.000000	71.297508	-41.092724	18.965073	1.783506	3.833180	7.135534	0	0	0	0	0	0
41337772786	-588.099609	31.199219	2341.699219	367.000000	-1576.900391	749.500000	80.442230	-15.842053	34.033871	2.104215	5.200526	3.371870	0	0	0	0	0	0
41527687539	720.500000	4.898438	1586.898438	318.300781	-2182.900391	467.101562	51.592709	-67.446953	24.542780	2.808337	3.669633	3.005848	0	0	0	0	0	0
41681039372	2087.000000	434.699219	586.398438	693.300781	-2701.800781	575.000000	17.995213	-116.478432	-2.183703	3.311681	1.344051	5.961314	0	0	0	0	0	0
41831669569	2779.500000	698.300781	-539.300781	884.101562	-2426.599609	500.300781	-21.090271	-131.082748	-31.549381	2.683979	-1.568692	6.924388	0	0	0	0	0	0
42002560622	2745.000000	832.500000	-1863.400391	842.300781	-1182.599609	281.000000	-68.583122	-102.514008	-51.495998	1.235945	-3.832022	6.071587	0	0	0	0	0	0
42139250536	1893.199219	544.500000	-2300.599609	380.699219	124.800781	-116.400391	-85.880653	-45.191658	-49.953129	0.298551	-3.958703	2.141080	0	0	0	0	0	0
42320418164	475.898438	-212.900391	-1771.400391	-464.400391	1119.398438	-698.300781	-65.677544	19.848116	-35.409203	-0.252801	-3.117830	-4.734987	0	0	0	0	0	0
42491611957	-719.300781	-658.900391	-531.000000	-872.599609	1262.601562	-835.800781	-23.324902	60.091068	-5.276260	0.304292	-0.447356	-7.615954	0	0	0	0	0	0
42645834393	-1228.099609	-522.900391	868.000000	-533.400391	514.300781	-313.199219	23.537107	54.512012	23.870581	1.048529	2.817727	-4.266711	0	0	0	0	0	0
42815671788	-786.599609	-214.699219	1432.699219	-40.400391	-475.400391	192.500000	45.371647	15.310582	28.103012	1.558751	3.547091	-0.178794	0	0	0	0	0	0
42995263738	863.500000	186.199219	840.199219	428.101562	-1656.699219	457.898438	26.897793	-60.728630	6.498449	2.431093	1.941739	3.988004	0	0	0	0	0	0
43162678871	2317.000000	606.199219	17.398438	814.199219	-2420.000000	577.300781	-1.335895	-119.125389	-12.583723	2.854643	0.217046	6.798516	0	0	0	0	0	0
43353258668	3055.800781	826.898438	-525.000000	1012.101562	-2672.300781	598.101562	-21.785202	-145.188339	-22.756653	3.076955	-0.749399	8.168646	0	0	0	0	0	0
43515492052	3369.898438	960.500000	-802.900391	1119.000000	-2729.800781	626.300781	-33.476353	-155.499130	-25.954847	3.112351	-1.126623	8.865588	0	0	0	0	0	0
43697459231	3431.300781	1034.101562	-1198.599609	1166.500000	-2425.199219	602.898438	-46.642315	-151.228134	-30.872950	2.714476	-2.099644	9.001589	0	0	0	0	0	0
43853151116	3417.199219	1011.000000	-1675.500000	1092.898438	-2009.000000	467.500000	-62.782265	-141.522278	-43.419312	2.166510	-3.234209	8.102680	0	0	0	0	0	0
44029172580	2998.398438	716.699219	-2016.199219	742.500000	-1255.699219	101.300781	-76.766304	-110.647461	-45.934376	1.804311	-3.380584	4.755237	0	0	0	0	0	0
44222691874	1646.199219	177.699219	-1925.900391	61.000000	55.199219	-357.699219	-73.426819	-37.659348	-42.972832	0.997095	-3.111044	-0.710912	0	0	0	0	0	0
44370190118	1246.699219	-80.900391	-2027.400391	-283.800781	548.101562	-651.300781	-78.194046	-12.847470	-42.878777	0.990257	-3.143489	-3.336151	0	0	0	0	0	0
44546776315	694.398438	-361.000000	-1773.400391	-597.400391	922.300781	-863.699219	-68.702339	14.461956	-33.741161	1.024305	-2.610388	-6.039847	0	0	0	0	0	0
44700003353	-152.000000	-622.900391	-835.800781	-801.900391	970.398438	-862.599609	-33.475731	38.613369	-14.082751	1.157078	-1.047014	-7.337304	0	0	0	0	0	0
44866779179	-685.800781	-615.000000	222.800781	-667.099609	539.601562	-569.300781	2.446968	44.734077	9.447940	1.849114	1.303329	-5.796590	0	0	0	0	0	0
45025590180	-727.800781	-309.099609	788.800781	-263.000000	127.500000	-102.099609	22.709721	29.686951	34.424896	1.205093	2.042195	-2.218800	0	0	0	0	0	0
45159744264	-33.199219	-132.400391	376.601562	-101.800781	84.699219	-96.500000	-1.197985	1.601274	76.535873	0.021230	1.831344	-1.108562	0	0	0	0	0	0
45326254104	707.398438	-40.099609	-75.300781	-60.800781	-14.300781	-191.900391	-28.619978	-17.362400	109.956383	0.749952	2.323102	-0.819294	0	0	0	0	0	0
45491800408	507.199219	181.101562	155.898438	177.000000	-327.300781	125.500000	-17.711020	-9.008132	58.659901	2.555530	3.299057	1.707504	0	0	0	0	0	0
45658733569	419.300781	176.601562	-28.800781	199.601562	-285.500000	139.800781	-9.506196	-13.061413	16.661200	1.375423	1.000914	1.668013	0	0	0	0	0	0
45823472011	371.800781	207.601562	-269.699219	248.398438	-320.099609	172.800781	-5.716077	-18.149868	-40.542339	0.437964	-0.653967	2.016962	0	0	0	0	0	0
45986633206	709.101562	189.300781	-575.900391	240.800781	-720.000000	118.500000	-12.474609	-32.252869	-106.916054	1.500652	-1.057885	1.964296	0	0	0	0	0	0
46172524748	977.199219	296.699219	-715.599609	385.000000	-1082.099609	206.898438	-12.820763	-49.519016	-144.514450	1.828257	-1.499522	3.209768	0	0	0	0	0	0
46315380655	1986.398438	413.300781	-743.199219	570.699219	-1864.000000	248.101562	-17.100336	-98.299286	-109.731346	2.375382	-1.675474	4.412532	0	0	0	0	0	0
46479070501	2732.500000	577.000000	-635.300781	776.500000	-2497.900391	371.500000	-17.597298	-135.997437	-68.993271	2.623452	-1.553250	5.970849	0	0	0	0	0	0
46661656156	3606.699219	672.300781	-473.500000	906.601562	-3333.099609	408.601562	-17.209429	-179.100372	-32.074165	3.191104	-0.723375	6.824947	0	0	0	0	0	0
46828113368	2074.800781	316.898438	782.000000	591.601562	-2753.300781	492.601562	23.700798	-119.527451	21.166962	2.361882	2.669041	4.730323	0	0	0	0	0	0
47003830456	567.800781	-37.099609	1746.500000	255.898438	-1927.099609	417.101562	47.919697	-60.017509	67.823761	1.523957	5.694958	2.231132	0	0	0	0	0	0
47181192916	-7.000000	-198.199219	806.800781	-60.099609	-616.699219	28.300781	24.595192	-9.674747	26.725878	1.251298	2.103751	-0.708336	0	0	0	0	0	0
47337865436	6.101562	-82.400391	250.101562	0.699219	-267.099609	20.800781	11.773739	-5.933508	-3.364355	0.144459	0.103769	-0.233321	0	0	0	0	0	0
47517513417	152.000000	-80.500000	274.199219	-39.599609	-610.599609	-24.900391	-1.304624	-4.029428	-39.235893	3.182818	3.379497	-0.257729	0	0	0	0	0	0
47664133152	229.800781	-183.500000	964.500000	-81.400391	-1698.300781	45.800781	3.939481	-9.521408	-94.347443	8.131489	9.005210	-0.481471	0	0	0	0	0	0
47834635357	537.300781	168.800781	-850.699219	205.199219	-378.199219	69.699219	-7.326097	-23.859722	-122.143234	-0.025092	-3.656923	1.415830	0	0	0	0	0	0
48014083223	1414.500000	1004.000000	-3050.199219	1010.898438	631.699219	602.101562	-16.379408	-43.659252	-174.151230	-6.949235	-19.863192	8.046356	0	0	0	0	0	0
48191049802	854.800781	692.699219	-1900.099609	678.800781	398.800781	422.500000	-12.048389	-27.410271	-107.857048	-3.821810	-10.953992	5.179679	0	0	0	0	0	0
48339020801	-653.099609	321.398438	1092.500000	470.898438	-658.300781	673.601562	45.831825	9.530745	-34.215008	1.359516	2.462389	4.697670	0	0	0	0	0	0
48526436432	-1434.500000	421.800781	2130.800781	680.300781	-989.500000	1114.398438	79.735802	21.195456	-43.241577	1.574081	4.668931	6.513716	0	0	0	0	0	0
48702949389	-1208.900391	-255.199219	1595.398438	-43.099609	-405.900391	240.699219	63.779190	22.934052	-2.389062	-0.306347	2.644634	-0.639736	0	0	0	0	0	0
48835926492	-2364.599609	-793.599609	2738.398438	-416.699219	-284.699219	92.601562	111.725822	46.186726	13.472071	-2.159231	3.579186	-3.917913	0	0	0	0	0	0
48980796610	-1543.199219	-103.800781	1483.101562	59.300781	58.800781	350.699219	58.625744	39.927296	3.952314	-1.203798	1.965872	0.933146	0	0	0	0	0	0
49148618743	-2477.699219	636.898438	2011.199219	726.500000	421.000000	1262.699219	86.101578	69.634285	10.343258	-1.906708	1.714812	7.579488	0	0	0	0	0	0
49338230342	-1585.599609	425.398438	1548.300781	565.601562	-11.000000	901.199219	64.249001	38.621777	1.018485	-0.853899	1.568271	5.453875	0	0	0	0	0	0
49480822933	-956.300781	56.398438	536.898438	113.800781	201.101562	215.398438	7.547377	13.048952	-36.617821	-3.705646	3.413110	0.696522	0	0	0	0	0	0
49638198921	146.601562	170.800781	-588.699219	143.800781	92.699219	-20.199219	-32.971607	-17.079840	-60.258129	-2.876813	1.164549	1.051091	0	0	0	0	0	0
49802994907	490.699219	-63.800781	-125.900391	9.398438	-496.099609	-73.400391	-8.394383	-28.531656	-25.819918	0.601503	0.609459	-0.334179	0	0	0	0	0	0
49965873935	2019.199219	-129.699219	-390.400391	43.101562	-1774.900391	-253.599609	-23.893353	-96.168999	-29.779083	1.840162	0.567442	-0.516433	0	0	0	0	0	0
50151597369	2114.199219	-36.199219	-553.699219	101.500000	-1692.300781	-244.099609	-28.678637	-96.727554	-24.341555	1.802045	0.243455	-0.017126	0	0	0	0	0	0
50298491683	1742.601562	-70.099609	-1265.500000	-56.300781	-744.400391	-329.099609	-27.656935	-46.696495	-55.694489	4.509123	-5.647069	-1.166835	0	0	0	0	0	0
50467910490	2556.398438	-116.300781	-3062.900391	-278.800781	-166.199219	-676.500000	-50.516968	-30.483700	-129.150818	10.315890	-15.317925	-3.244864	0	0	0	0	0	0
50635471110	1764.699219	-76.900391	-2439.599609	-251.500000	40.101562	-524.199219	-40.072853	-10.254507	-124.914413	7.933037	-10.954592	-2.556697	0	0	0	0	0	0
50806762961	-274.800781	-36.699219	48.398438	-15.900391	-335.699219	21.300781	-7.032301	7.578020	-101.644012	1.811819	2.866218	-0.143224	0	0	0	0	0	0
50955160850	-305.400391	-99.800781	-53.900391	-99.000000	-114.599609	-91.300781	-5.368622	10.540152	-82.324646	0.757914	1.639034	-1.032371	0	0	0	0	0	0
51142889974	-1425.500000	-574.699219	1474.101562	-329.099609	-94.199219	-20.000000	70.976746	28.280085	-13.551481	-1.607702	0.423880	-3.166527	0	0	0	0	0	0
51285701428	-1407.000000	-440.400391	2023.300781	-130.300781	-613.800781	243.601562	86.513718	15.562890	-0.876150	-1.084596	1.971302	-1.091036	0	0	0	0	0	0
51465619541	-1364.900391	334.199219	2428.101562	687.898438	-1132.000000	1130.500000	93.808311	7.415434	-4.863114	0.385999	4.005137	6.263204	0	0	0	0	0	0
51614867017	-630.099609	185.300781	1696.898438	445.699219	-1189.199219	711.800781	63.337887	-8.105799	-15.789244	1.710091	3.667502	4.145716	0	0	0	0	0	0
51787429743	-377.800781	182.199219	1410.300781	423.101562	-1234.500000	662.101562	52.112427	-14.090600	-32.303570	2.179782	2.991965	3.979755	0	0	0	0	0	0
51935554956	812.101562	260.000000	-1207.500000	161.000000	191.000000	-58.800781	-44.266026	-15.368627	-34.917595	0.562765	-2.841159	1.102971	0	0	0	0	0	0
52120055498	1625.101562	464.800781	-2765.400391	151.800781	945.300781	-298.199219	-104.464958	-17.988068	-33.020420	0.441095	-5.069096	0.914971	0	0	0	0	0	0
52258430557	2105.398438	369.398438	-3553.900391	-18.500000	1292.398438	-639.500000	-133.000198	-21.110207	-29.458134	0.425438	-6.682157	-1.002846	0	0	0	0	0	0
52429811361	2464.000000	372.000000	-2758.900391	212.101562	130.000000	-408.099609	-98.895988	-63.926472	-29.412516	1.740865	-5.595515	0.805449	0	0	0	0	0	0
52580578941	3157.398438	640.800781	-1427.800781	714.699219	-1901.099609	169.199219	-46.465343	-122.274315	-31.225496	4.457366	-3.341753	5.182705	0	0	0	0	0	0
52724950403	1791.398438	555.000000	276.800781	767.398438	-2215.800781	643.898438	20.408749	-88.713493	-23.602264	4.125404	-0.354753	6.347835	0	0	0	0	0	0
52900436247	-313.300781	165.601562	1159.699219	376.699219	-906.300781	589.101562	54.834511	-6.147611	-8.381371	1.679177	0.668902	3.437249	0	0	0	0	0	0
53062380267	-1377.199219	112.000000	1325.699219	230.398438	78.101562	549.300781	58.972214	40.011284	7.212641	-0.170610	0.876778	2.327932	0	0	0	0	0	0
53235767324	-435.199219	-86.199219	267.199219	-46.000000	135.199219	38.398438	13.969246	15.287497	-7.370462	0.133700	-0.375816	-0.429421	0	0	0	0	0	0
53413918485	516.000000	138.398438	-772.000000	132.699219	-54.599609	73.199219	-3.086103	-11.775206	-56.342964	1.117188	-5.276319	1.216067	0	0	0	0	0	0
53572807947	637.601562	138.601562	-1182.000000	64.101562	239.898438	-66.199219	-16.824345	-6.897348	-54.638359	0.685229	-5.814258	0.383384	0	0	0	0	0	0
53735792299	-324.300781	-182.900391	-420.599609	-222.300781	564.898438	-189.599609	6.366511	23.242558	-34.132198	-0.435751	-3.981201	-2.103504	0	0	0	0	0	0
53914015230	-1023.000000	-344.699219	25.500000	-403.199219	872.500000	-260.500000	20.595682	49.169731	-23.366037	-1.006295	-2.819790	-3.408561	0	0	0	0	0	0
54101161789	-1214.199219	-165.099609	609.398438	-159.199219	533.300781	59.898438	34.084435	45.000904	-11.887058	-0.561965	-0.608861	-1.070120	0	0	0	0	0	0
54244581798	-459.099609	-46.900391	260.500000	-7.199219	134.398438	81.898438	15.829372	15.114507	-10.325303	-0.001892	-0.675530	0.011922	0	0	0	0	0	0
54409169941	-4.800781	-19.800781	2.101562	12.398438	-0.199219	6.800781	0.334146	0.143476	0.003016	0.034418	-0.111409	0.007415	0	0	0	0	0	0
54571624594	-32.400391	-20.400391	31.699219	14.199219	-6.000000	6.500000	1.335587	0.238934	-1.175241	-0.018223	-0.053071	0.003723	0	0	0	0	0	0
54757125417	65.898438	-33.800781	58.800781	26.699219	-141.699219	21.601562	3.567387	-5.695566	-5.756587	0.160023	-0.164439	0.107938	0	0	0	0	0	0
54920228999	721.800781	139.699219	-466.099609	177.300781	-388.599609	70.101562	-9.124181	-27.640636	-26.316914	1.004662	-2.200214	1.451708	0	0	0	0	0	0
55089523010	2143.601562	549.300781	-1537.099609	571.800781	-928.099609	209.000000	-35.814831	-75.361435	-57.307430	2.734365	-5.986916	4.531241	0	0	0	0	0	0
55275675294	556.699219	166.199219	-42.500000	256.398438	-617.900391	216.199219	8.149658	-24.659740	-17.978748	1.172250	-0.976459	2.001466	0	0	0	0	0	0
55449917056	-537.300781	33.300781	653.101562	123.500000	-125.000000	244.898438	26.694283	12.703899	1.268135	0.078973	0.996469	1.066244	0	0	0	0	0	0
55598749124	-883.300781	-25.900391	739.500000	26.500000	165.500000	207.699219	28.693676	27.949148	2.700038	-0.273081	1.078787	0.411787	0	0	0	0	0	0
55769506571	-800.699219	-68.900391	646.101562	-13.699219	136.800781	138.500000	27.363129	24.316315	0.076098	-0.344960	0.708997	-0.024591	0	0	0	0	0	0
55939455991	-738.599609	-51.599609	667.500000	21.199219	66.500000	168.699219	27.546623	20.751364	-1.596646	-0.228970	0.765803	0.232373	0	0	0	0	0	0
56125668361	-381.599609	12.000000	487.898438	83.800781	-142.000000	196.500000	21.712355	7.410408	-8.307388	0.270175	0.304572	0.850201	0	0	0	0	0	0
56301068472	191.601562	67.300781	53.000000	140.199219	-376.599609	161.300781	11.680815	-10.898596	-25.019239	1.154949	-1.384938	1.263392	0	0	0	0	0	0
56491521312	770.101562	128.500000	-558.099609	180.300781	-455.300781	110.398438	0.366939	-25.090439	-44.966156	1.977168	-4.050461	1.507065	0	0	0	0	0	0
56658712259	1487.000000	296.199219	-1284.500000	295.000000	-532.000000	74.000000	-19.791388	-44.841530	-63.793030	2.799006	-6.623048	2.374855	0	0	0	0	0	0
56816522681	1858.601562	360.800781	-1937.699219	312.500000	-346.400391	-21.000000	-36.620937	-48.796829	-77.327667	2.976125	-8.820824	2.205775	0	0	0	0	0	0
56985669738	1482.800781	226.000000	-1995.199219	129.699219	121.500000	-162.500000	-38.682491	-28.102818	-71.276680	2.057623	-8.614700	0.555844	0	0	0	0	0	0
57157866353	434.699219	-102.900391	-1475.500000	-237.699219	717.500000	-345.800781	-18.109491	12.903464	-62.292568	0.639508	-7.957223	-2.479793	0	0	0	0	0	0
57342815430	-790.699219	-320.000000	-698.900391	-495.400391	1273.300781	-390.099609	4.771926	55.685143	-42.339306	-0.890620	-5.749582	-4.260153	0	0	0	0	0	0
57504044501	-1313.000000	-382.699219	11.699219	-501.000000	1158.898438	-285.099609	24.754501	64.485794	-27.477386	-1.326306	-3.590742	-4.060532	0	0	0	0	0	0
57668421547	-1345.800781	-336.300781	478.699219	-366.300781	798.000000	-126.800781	36.080742	55.121933	-15.246572	-1.013456	-1.969519	-2.901863	0	0	0	0	0	0
57835814910	-1278.199219	-280.300781	828.199219	-238.500000	437.500000	7.699219	43.013611	45.030827	-3.989071	-0.552548	-0.462131	-1.754708	0	0	0	0	0	0
57988650170	-988.699219	-173.300781	808.601562	-100.900391	170.699219	108.800781	38.644585	30.483088	0.480755	-0.191819	0.188135	-0.650376	0	0	0	0	0	0
58168233014	-789.699219	-127.400391	941.101562	-1.800781	-142.000000	185.898438	38.842903	17.056347	0.890549	-0.047320	1.077068	0.093547	0	0	0	0	0	0
58337757089	-512.800781	-48.900391	746.300781	78.398438	-253.199219	220.398438	33.121998	7.322729	-6.650557	0.139179	0.543980	0.793294	0	0	0	0	0	0
58534548157	-137.800781	-19.599609	330.101562	88.101562	-284.699219	160.300781	22.114079	-2.395338	-18.236977	0.451199	-0.826264	0.740232	0	0	0	0	0	0
58693731750	535.101562	24.898438	-244.599609	108.500000	-509.300781	77.898438	8.712791	-23.411989	-40.917854	1.447603	-3.066518	0.945551	0	0	0	0	0	0
58868939625	1617.300781	275.601562	-1268.800781	320.101562	-737.900391	76.500000	-16.993523	-54.410439	-69.606354	2.766026	-6.721224	2.435850	0	0	0	0	0	0
59029152308	2246.898438	452.398438	-1958.099609	470.101562	-814.199219	103.699219	-30.626337	-69.817261	-94.956490	3.836714	-9.734878	3.454675	0	0	0	0	0	0
59213485626	2335.601562	475.500000	-2261.599609	473.699219	-691.199219	78.199219	-32.950737	-66.234901	-112.650414	4.517914	-11.343273	3.364179	0	0	0	0	0	0
59361588402	2481.199219	536.101562	-2273.599609	536.000000	-844.900391	121.699219	-34.588711	-71.986786	-117.764771	5.092432	-11.251215	3.872800	0	0	0	0	0	0
59549863434	2204.000000	517.699219	-1846.900391	520.699219	-962.599609	184.199219	-23.412008	-66.275833	-107.681183	5.142897	-9.625067	4.016482	0	0	0	0	0	0
59690439632	2241.898438	500.199219	-1847.099609	512.800781	-1007.099609	171.000000	-24.127081	-66.861549	-110.221909	5.455625	-9.723059	3.846617	0	0	0	0	0	0
59855720165	2019.101562	447.000000	-1842.000000	442.601562	-799.500000	141.101562	-20.425163	-55.390656	-109.719391	4.854271	-9.936575	3.198480	0	0	0	0	0	0
60010282980	1627.101562	296.601562	-1722.800781	279.800781	-461.800781	20.300781	-18.793739	-40.473938	-100.600250	3.966709	-9.454519	1.821311	0	0	0	0	0	0
60184087298	1481.800781	245.699219	-1662.599609	217.398438	-371.900391	-10.300781	-15.258081	-34.790329	-102.398026	3.758266	-9.523356	1.371760	0	0	0	0	0	0
60322256764	1431.898438	206.699219	-1599.800781	184.601562	-373.199219	-30.599609	-14.410065	-33.876472	-103.232239	3.748431	-9.320206	1.064369	0	0	0	0	0	0
60497299361	1144.699219	150.000000	-1109.400391	138.800781	-678.699219	-10.800781	-13.204447	-22.173645	-115.898422	5.540997	-4.731122	0.911440	0	0	0	0	0	0
60649908591	203.101562	-15.199219	182.898438	-17.000000	-792.599609	25.898438	-6.515447	3.753327	-71.098633	5.561680	4.049588	0.134671	0	0	0	0	0	0
60818111236	64.000000	-24.699219	174.000000	-24.300781	-460.400391	-4.900391	-6.840461	3.178444	-39.279099	3.219388	3.119993	-0.092314	0	0	0	0	0	0
60981550221	-99.199219	8.300781	67.300781	19.800781	5.300781	24.101562	0.643099	3.457297	-5.159051	0.258384	0.403811	0.062665	0	0	0	0	0	0
61140532620	210.000000	-0.099609	4.601562	3.500000	70.601562	-38.699219	-6.293770	-3.685630	50.184177	0.118533	0.046796	-0.094536	0	0	0	0	0	0
61329838874	-131.400391	-81.500000	184.300781	-115.599609	466.800781	-106.099609	-3.673793	17.358229	92.757126	0.164553	0.640025	-1.180633	0	0	0	0	0	0
61475428330	-46.699219	-101.400391	-56.300781	-167.699219	579.500000	-191.800781	-10.238070	16.378391	82.009087	-0.022783	-0.335500	-1.526614	0	0	0	0	0	0
61658268957	351.398438	-133.300781	-277.800781	-131.300781	-73.900391	-205.800781	-13.984505	-8.621410	-8.544822	0.916970	-0.100422	-1.192160	0	0	0	0	0	0
61800739578	677.500000	93.000000	-816.500000	84.398438	-387.800781	-62.500000	-21.216228	-23.829027	-98.795654	1.127315	-1.803265	0.602550	0	0	0	0	0	0
61978967593	-403.099609	-299.699219	-493.199219	-362.400391	478.199219	-362.500000	-7.691805	26.981436	-78.024673	-0.131323	-1.604462	-3.483106	0	0	0	0	0	0
62149077405	-1227.199219	-471.900391	229.699219	-559.800781	894.699219	-391.099609	12.203247	58.168705	-19.197895	-0.376657	0.158081	-4.726474	0	0	0	0	0	0
62327533116	-1484.599609	-537.500000	1611.199219	-404.400391	-52.900391	-60.699219	56.700085	49.009666	11.351344	1.850595	3.739874	-3.296486	0	0	0	0	0	0
62477217862	-1280.000000	-491.000000	2291.300781	-234.300781	-856.400391	174.199219	75.193466	29.076077	25.332428	3.535247	6.083650	-1.735603	0	0	0	0	0	0
62648303141	43.898438	-39.300781	1787.101562	215.898438	-1741.599609	481.300781	50.927177	-25.928556	19.295504	4.962302	5.955623	2.527404	0	0	0	0	0	0
62831115228	1514.300781	500.500000	768.898438	688.500000	-2280.400391	675.300781	15.028386	-82.200043	9.658496	4.650720	3.750632	6.428823	0	0	0	0	0	0
62975909430	2255.699219	574.300781	203.398438	754.300781	-2507.800781	563.601562	-1.940900	-111.699989	-4.745035	4.270784	1.836688	6.551962	0	0	0	0	0	0
63158471794	2314.101562	570.000000	-407.500000	710.601562	-2057.800781	408.300781	-15.711624	-104.598221	-24.718552	3.024513	-0.345518	5.589028	0	0	0	0	0	0
63306681592	359.800781	209.601562	718.699219	360.199219	-1015.099609	414.898438	24.155916	-27.744249	16.387869	1.758506	2.335773	3.064047	0	0	0	0	0	0
63462881941	-236.699219	-174.699219	2033.500000	138.101562	-1548.400391	408.199219	62.062336	-23.197878	43.059044	2.351657	5.896029	1.279672	0	0	0	0	0	0
63631264915	-515.199219	-40.599609	1035.199219	52.500000	-264.199219	197.500000	22.336117	15.358141	48.308784	1.285194	3.920327	0.490395	0	0	0	0	0	0
63804036728	-1140.099609	-84.300781	186.101562	-316.800781	1197.000000	-157.699219	-8.522516	71.830147	48.340630	0.761667	1.902005	-2.082211	0	0	0	0	0	0
63967077350	-765.699219	53.800781	-788.099609	-339.099609	1713.699219	-263.699219	-39.278065	69.729134	31.305668	-0.144095	-1.112129	-1.945832	0	0	0	0	0	0
64141284338	578.500000	522.601562	-2240.099609	86.199219	1667.300781	-173.400391	-89.439934	25.259893	3.622886	-0.975579	-4.085654	1.482449	0	0	0	0	0	0
64294413577	1398.800781	740.300781	-2974.800781	331.300781	1478.199219	-127.500000	-113.508934	-4.700059	-12.128745	-1.238261	-5.499092	2.850811	0	0	0	0	0	0
64496306375	2172.898438	893.199219	-2989.900391	616.800781	594.500000	41.800781	-110.805954	-49.912491	-34.099457	-0.527865	-5.528546	5.111610	0	0	0	0	0	0
64665448615	2509.500000	1174.398438	-2162.000000	1075.199219	-608.400391	528.398438	-78.288818	-87.537514	-37.946358	0.639233	-3.976996	8.826103	0	0	0	0	0	0
64813981229	2303.300781	1071.300781	-965.300781	1137.699219	-1520.400391	742.101562	-30.829332	-99.266594	-22.151260	1.515693	-1.769682	9.244207	0	0	0	0	0	0
64990764350	68.898438	10.101562	1359.699219	250.199219	-1373.699219	433.601562	47.891281	-28.441948	11.886827	1.976465	3.471904	2.318731	0	0	0	0	0	0
65175556725	-873.000000	-209.099609	2128.800781	84.898438	-1108.099609	426.699219	73.247978	2.396602	29.070095	1.799128	4.953975	0.875343	0	0	0	0	0	0
65319950123	564.101562	-33.699219	1047.699219	186.699219	-1519.599609	275.601562	28.363573	-46.596958	13.491291	2.698042	3.292528	1.853826	0	0	0	0	0	0
65448118739	1772.199219	456.601562	57.199219	602.800781	-1883.699219	434.800781	-4.250977	-88.587936	-7.696332	2.949266	1.044645	5.428270	0	0	0	0	0	0
65617269708	2267.300781	1177.300781	-1037.599609	1248.300781	-1488.199219	879.500000	-36.986294	-98.798172	-37.069355	1.458418	-2.272856	10.476988	0	0	0	0	0	0
65781119269	2119.800781	974.199219	-2090.900391	879.898438	-435.400391	392.000000	-70.752968	-70.889351	-68.303711	0.001418	-4.694883	6.740627	0	0	0	0	0	0
65933346965	696.800781	46.898438	-1648.800781	-127.199219	690.898438	-392.800781	-55.151291	-0.609117	-46.603443	-0.638302	-3.394150	-1.944344	0	0	0	0	0	0
66119870611	-763.599609	-518.900391	-15.500000	-615.300781	815.101562	-530.500000	-2.773580	47.013313	-0.363756	0.204729	0.265035	-5.287697	0	0	0	0	0	0
66262520965	-1521.199219	-367.599609	1210.898438	-357.199219	448.199219	-66.000000	40.789551	59.710735	22.446741	0.687335	2.910511	-2.580494	0	0	0	0	0	0
66452598564	-1158.800781	-446.000000	1390.101562	-309.500000	-109.000000	-28.300781	44.586288	33.361301	21.244616	1.138296	3.163367	-2.720336	0	0	0	0	0	0
66619786686	-588.099609	-475.000000	745.601562	-385.000000	-60.900391	-255.699219	24.814224	18.650846	11.802339	0.857582	1.694795	-3.499651	0	0	0	0	0	0
66784061550	-213.800781	-229.900391	389.800781	-158.099609	-122.800781	-98.300781	11.520195	6.635341	5.833841	0.656599	0.891175	-1.440503	0	0	0	0	0	0
66956091620	-7.199219	-16.099609	8.000000	5.898438	0.199219	-6.800781	-0.092064	0.824023	0.422640	0.055773	0.021415	-0.009710	0	0	0	0	0	0
67114606846	-10.800781	-20.099609	-1.000000	1.300781	-2.199219	-9.900391	-0.472541	0.782126	0.284979	0.057707	0.013432	-0.002819	0	0	0	0	0	0
67290997537	-11.800781	-20.099609	12.500000	9.300781	-3.699219	9.000000	-0.081470	0.870946	1.361050	0.053526	0.029817	-0.010966	0	0	0	0	0	0
67431003885	-2.599609	-20.300781	8.101562	9.101562	5.398438	-2.099609	-0.283006	0.950022	1.408032	0.049512	0.015629	-0.013272	0	0	0	0	0	0
67607624207	-13.500000	-20.500000	15.000000	9.898438	6.199219	10.199219	-0.107492	0.806138	0.356571	0.055024	0.021112	-0.004319	0	0	0	0	0	0
67765268182	-3.699219	-18.900391	11.500000	8.898438	5.800781	0.101562	-0.222804	0.963956	0.560356	0.053618	0.023232	-0.003355	0	0	0	0	0	0
67951558546	-12.599609	-22.699219	9.898438	2.199219	4.800781	4.699219	-0.262591	0.757801	0.868835	0.047530	0.015288	-0.006942	0	0	0	0	0	0
68101898083	-5.300781	-18.599609	16.800781	11.101562	2.199219	7.398438	-0.135691	0.861453	-0.240946	0.048240	0.017387	0.005541	0	0	0	0	0	0
68284368042	-7.900391	-13.199219	15.000000	10.398438	9.500000	7.398438	-0.338429	0.832178	0.367365	0.052777	0.020489	-0.001473	0	0	0	0	0	0
68442020691	-7.699219	-17.800781	13.500000	12.500000	-2.800781	2.699219	-0.171103	0.769039	-0.198269	0.048264	0.015085	0.007639	0	0	0	0	0	0
68576476680	-13.099609	-21.500000	10.300781	8.199219	2.199219	0.898438	-0.317546	0.699320	0.334386	0.047861	0.015361	0.000424	0	0	0	0	0	0
68760505276	-8.500000	-17.699219	15.398438	5.800781	-3.199219	1.500000	-0.308345	0.829331	-0.628220	0.051468	0.018966	0.009049	0	0	0	0	0	0
68905269810	-2.300781	-14.500000	13.800781	8.199219	3.199219	12.898438	-0.221760	1.032063	0.488703	0.052131	0.022845	-0.001705	0	0	0	0	0	0
69077240362	-6.599609	-22.300781	14.500000	9.300781	3.800781	4.398438	-0.310210	0.807760	0.254213	0.047325	0.018221	-0.001241	0	0	0	0	0	0
69247417923	-9.400391	-19.599609	14.000000	9.000000	1.398438	13.000000	-0.230560	0.798668	0.286717	0.054413	0.019401	-0.001331	0	0	0	0	0	0
69431105589	-4.699219	-19.000000	8.601562	7.101562	2.199219	9.199219	-0.272460	0.887737	0.874006	0.048448	0.015272	-0.005987	0	0	0	0	0	0
69581147161	-9.000000	-20.900391	12.699219	10.398438	0.101562	2.800781	-0.325112	0.763766	-0.283965	0.047048	0.016966	0.003968	0	0	0	0	0	0
69775095619	-12.500000	-24.300781	11.398438	10.398438	-0.900391	1.199219	-0.281052	0.925139	0.850360	0.044887	0.023245	0.000866	0	0	0	0	0	0
69954547854	-6.000000	-20.800781	14.199219	7.199219	6.398438	8.898438	-0.255025	0.731502	0.341437	0.045417	0.014914	0.002490	0	0	0	0	0	0
70136049803	-5.300781	-17.500000	10.101562	6.300781	0.199219	5.199219	-0.218997	0.703100	0.414803	0.045194	0.016137	0.000846	0	0	0	0	0	0
70302294626	-6.699219	-18.699219	13.800781	7.800781	3.000000	3.898438	-0.295765	0.758705	0.181479	0.047656	0.019919	0.002418	0	0	0	0	0	0
70469695967	-7.400391	-16.800781	9.101562	7.300781	2.398438	11.601562	-0.158042	0.871317	0.486204	0.050956	0.022482	-0.001069	0	0	0	0	0	0
70642339269	-3.000000	-22.099609	14.601562	8.199219	3.101562	9.800781	-0.370321	0.757983	0.215280	0.051649	0.021118	0.001282	0	0	0	0	0	0
70775394817	-10.500000	-23.699219	10.101562	8.398438	3.101562	3.000000	-0.317238	0.864146	0.341307	0.047037	0.014198	0.000971	0	0	0	0	0	0
70894812894	-3.500000	-18.500000	9.500000	7.800781	0.101562	2.398438	-0.303895	0.798191	0.338667	0.049230	0.018447	0.002201	0	0	0	0	0	0
71042481003	-4.599609	-21.900391	13.500000	10.300781	3.601562	8.699219	-0.391371	0.846758	-0.011890	0.052991	0.024483	0.004921	0	0	0	0	0	0
71170498324	-7.000000	-15.599609	7.601562	7.800781	0.101562	10.101562	-0.181370	0.913976	0.791213	0.048576	0.017582	-0.007413	0	0	0	0	0	0
