1246503	-3.300781	-0.800781	-7.300781	-6.000000	1.601562	2.101562	-0.041192	0.014070	0.463559	-0.001179	0.002393	-0.003550	0	0	0	0	0	0
172874813	0.500000	2.101562	8.398438	0.800781	3.000000	4.500000	0.042442	-0.092228	0.655557	-0.000053	-0.000011	-0.003960	0	0	0	0	0	0
283942515	-2.599609	-4.199219	5.300781	1.398438	-0.599609	-2.699219	-0.055363	-0.073163	0.541463	0.000840	0.001736	-0.002264	0	0	0	0	0	0
390801055	-1.300781	-1.800781	5.000000	-1.300781	-0.800781	0.000000	-0.034330	-0.038125	0.466015	-0.002878	0.000198	-0.002772	0	0	0	0	0	0
515977061	-3.099609	0.398438	1.800781	-2.699219	2.601562	10.300781	-0.132341	0.039039	0.544792	-0.000932	0.002246	-0.002903	0	0	0	0	0	0
619872390	-2.000000	-0.599609	3.398438	0.500000	-2.199219	0.699219	-0.077864	-0.104685	1.113345	0.002645	0.009423	-0.007374	0	0	0	0	0	0
742123456	-5.800781	-2.800781	6.000000	1.300781	2.300781	1.398438	-0.104086	0.006670	0.390416	-0.001203	-0.000806	-0.001923	0	0	0	0	0	0
855913481	3.300781	7.000000	7.101562	8.000000	1.699219	6.199219	-0.026259	-0.135443	0.807366	0.002348	0.003321	-0.004539	0	0	0	0	0	0
962873440	2.199219	-0.199219	6.898438	-0.400391	0.199219	-1.300781	0.037284	-0.131799	0.801373	0.002353	0.007266	-0.006256	0	0	0	0	0	0
1071889496	-2.900391	0.101562	3.199219	-3.500000	-0.300781	5.101562	-0.066344	-0.079692	0.571830	0.004732	0.002524	-0.004752	0	0	0	0	0	0
1175374136	-1.000000	-1.500000	7.000000	1.800781	1.398438	2.601562	-0.006107	-0.043569	0.611441	0.003670	0.007170	-0.004269	0	0	0	0	0	0
1280124039	-5.900391	-5.500000	1.398438	-1.099609	-3.099609	-3.199219	0.026679	-0.069164	0.734342	0.002112	0.002565	-0.002968	0	0	0	0	0	0
1385264034	-6.800781	-4.900391	3.000000	0.398438	-2.400391	-1.800781	-0.124064	-0.116378	0.693272	0.003240	0.005069	-0.002843	0	0	0	0	0	0
1488374135	-4.400391	4.398438	8.000000	3.199219	3.199219	-1.000000	0.043533	0.046525	-0.693484	-0.000345	-0.001287	0.005019	0	0	0	0	0	0
1609239720	-1.300781	4.601562	3.800781	2.500000	3.199219	3.101562	0.012781	0.019625	0.229018	0.003443	0.005257	-0.000942	0	0	0	0	0	0
1744183936	0.699219	-1.599609	11.101562	-9.300781	3.199219	-2.800781	0.040677	0.039976	0.504539	-0.000439	-0.000747	-0.003203	0	0	0	0	0	0
1867160959	-4.400391	-0.099609	6.199219	-0.500000	-3.500000	-5.400391	0.012470	-0.033540	-0.182843	-0.000879	-0.000465	0.006043	0	0	0	0	0	0
1980207271	-0.300781	-5.900391	2.699219	1.000000	2.300781	-3.300781	0.090898	-0.073523	0.996729	0.003364	0.007178	-0.006889	0	0	0	0	0	0
2086261532	2.601562	-1.500000	3.800781	-0.900391	3.101562	-2.000000	-0.019992	-0.015207	-0.345905	0.000643	0.005605	0.004705	0	0	0	0	0	0
2191975692	-3.900391	-1.699219	11.101562	2.300781	-1.599609	-6.900391	-0.014417	-0.005212	0.658140	-0.000685	0.002523	-0.003785	0	0	0	0	0	0
2301522061	2.898438	-3.000000	6.398438	2.800781	0.800781	-0.800781	0.035078	-0.043169	0.537806	0.000986	0.003300	-0.003600	0	0	0	0	0	0
2410626676	-4.199219	-1.400391	7.101562	-4.300781	5.199219	1.300781	-0.061375	-0.057584	0.658111	-0.002341	0.000717	-0.004201	0	0	0	0	0	0
2514335779	-0.199219	3.601562	8.601562	8.699219	2.699219	10.601562	0.055616	-0.011508	0.890872	0.001868	0.006295	-0.003144	0	0	0	0	0	0
2617159166	-8.000000	0.800781	4.898438	-1.400391	-4.199219	2.101562	0.007638	-0.120263	1.656153	0.004387	0.006892	-0.009822	0	0	0	0	0	0
2720160139	-7.099609	-1.000000	2.800781	-1.800781	-3.400391	-5.800781	-0.006082	-0.038550	1.003924	-0.000299	0.001336	-0.006785	0	0	0	0	0	0
2823548751	-6.699219	-2.699219	0.500000	-4.400391	2.101562	-1.300781	0.107681	-0.002697	0.501148	-0.001444	-0.000073	-0.004150	0	0	0	0	0	0
2929377507	0.898438	1.101562	7.300781	2.300781	4.699219	-3.300781	-0.066394	0.053572	0.266654	0.002462	0.008707	-0.001986	0	0	0	0	0	0
3058482811	-2.900391	2.300781	4.699219	-4.000000	-2.800781	-2.500000	-0.081153	-0.022732	1.657310	0.000542	0.006452	-0.012142	0	0	0	0	0	0
3222602626	-1.300781	-1.599609	4.199219	-1.000000	1.699219	-6.400391	0.030135	-0.086998	0.496680	0.002611	-0.000640	-0.004154	0	0	0	0	0	0
3359878623	-8.599609	1.601562	1.398438	2.199219	-0.699219	-2.300781	0.012493	-0.008467	0.761798	0.001957	0.011045	-0.007391	0	0	0	0	0	0
3501380690	-2.599609	-2.000000	6.800781	-3.800781	2.800781	0.101562	0.006784	-0.099377	0.647097	0.002583	0.004594	-0.005992	0	0	0	0	0	0
3639882314	-1.000000	-2.300781	7.898438	2.398438	-3.400391	-4.400391	0.035181	-0.133433	0.643247	0.003005	0.007683	-0.006443	0	0	0	0	0	0
3776652045	0.300781	4.101562	-1.099609	3.601562	4.300781	5.101562	0.021896	-0.115225	1.579996	0.001778	0.005395	-0.009931	0	0	0	0	0	0
3911923503	-0.099609	-0.699219	4.101562	4.800781	5.898438	5.398438	0.034371	0.022563	0.616567	0.001434	0.002533	-0.004305	0	0	0	0	0	0
4043401726	-1.300781	-1.500000	4.000000	0.898438	-1.199219	-3.800781	0.036878	-0.047545	0.494830	0.001609	0.003677	-0.004917	0	0	0	0	0	0
4177568178	-0.199219	0.398438	1.601562	8.601562	-1.900391	3.898438	0.096183	0.034054	1.498428	0.000776	0.004544	-0.013374	0	0	0	0	0	0
4289429321	3.699219	4.800781	8.601562	1.800781	4.101562	-0.699219	0.012657	-0.016741	0.466231	-0.001436	0.002014	-0.001958	0	0	0	0	0	0
4413380958	2.101562	1.500000	6.699219	1.898438	1.199219	5.898438	-0.008860	-0.032180	0.577418	-0.000893	0.001085	-0.004767	0	0	0	0	0	0
4545135363	-6.800781	-3.000000	7.601562	0.800781	-1.699219	-7.400391	-0.142136	-0.054322	0.504441	0.000399	0.002695	-0.001752	0	0	0	0	0	0
4660380060	0.699219	1.300781	4.601562	-5.099609	0.398438	-5.900391	0.003094	-0.019196	0.730115	0.001873	0.008177	-0.004517	0	0	0	0	0	0
4781379606	-0.199219	-3.199219	2.199219	2.699219	-6.000000	-5.599609	-0.035046	-0.091958	0.499879	-0.001319	-0.002316	-0.004493	0	0	0	0	0	0
4917134222	0.699219	3.101562	1.199219	-0.800781	4.699219	9.398438	-0.072398	-0.013451	1.423171	-0.000727	0.004295	-0.012447	0	0	0	0	0	0
5058383744	-4.099609	-1.699219	2.000000	1.601562	-2.000000	2.000000	-0.063008	-0.009123	0.961235	0.000610	0.002103	-0.008420	0	0	0	0	0	0
5198384604	-5.400391	-1.900391	2.398438	2.898438	0.699219	-3.099609	0.080360	-0.055694	1.424877	0.001495	0.005374	-0.009722	0	0	0	0	0	0
5337632686	3.699219	1.800781	-2.300781	0.898438	2.300781	7.898438	0.018422	-0.025954	1.727055	0.000433	0.007255	-0.015537	0	0	0	0	0	0
5468631353	-3.400391	-1.300781	8.898438	-3.699219	1.000000	-0.099609	-0.060854	0.023905	0.081051	-0.000410	0.002914	0.001069	0	0	0	0	0	0
5582632475	-1.199219	3.699219	-0.800781	-5.599609	-0.699219	-4.000000	0.084789	0.017849	0.618011	0.002026	0.003252	-0.003103	0	0	0	0	0	0
5704735465	-1.400391	-5.000000	8.601562	-4.500000	-2.000000	-6.400391	0.033745	-0.036973	0.692332	0.001074	0.008346	-0.003767	0	0	0	0	0	0
5826381504	1.398438	7.398438	7.500000	1.101562	-3.800781	-7.500000	-0.031048	0.037540	-0.420792	0.002300	0.002018	0.005458	0	0	0	0	0	0
5947132174	-3.500000	-3.199219	2.398438	-0.699219	-2.800781	-3.199219	-0.010235	-0.010424	-0.350639	0.000638	0.003399	0.002142	0	0	0	0	0	0
6071634134	-6.800781	-2.199219	8.898438	-2.199219	1.000000	6.800781	-0.056850	-0.042361	0.648971	0.003059	0.007169	-0.005418	0	0	0	0	0	0
6187131678	0.300781	1.199219	6.300781	-4.599609	1.101562	1.101562	-0.004913	-0.124836	0.196953	-0.000207	0.000370	0.001833	0	0	0	0	0	0
6302261938	-3.900391	-0.699219	-2.099609	-0.599609	-3.900391	-2.400391	0.032952	-0.042298	0.619756	0.000345	0.003641	-0.002229	0	0	0	0	0	0
6422631816	-2.900391	-2.300781	7.500000	0.601562	2.398438	-0.400391	0.085170	-0.051388	0.578225	0.001560	0.004737	-0.002344	0	0	0	0	0	0
6558924287	-3.300781	-3.900391	3.601562	-2.300781	-0.099609	0.101562	-0.019654	0.030465	1.044844	0.000912	0.007522	-0.005336	0	0	0	0	0	0
6741057383	-0.300781	-5.300781	3.300781	-2.199219	-1.400391	2.101562	0.059576	-0.052946	0.421176	0.001546	0.002063	-0.002955	0	0	0	0	0	0
6902994028	-3.699219	-4.000000	5.699219	3.500000	-0.699219	-1.000000	0.041207	-0.007911	0.573868	0.005184	0.006084	-0.003525	0	0	0	0	0	0
7054446805	0.199219	3.101562	1.300781	2.300781	2.101562	6.300781	-0.132016	0.042545	0.505817	-0.000914	0.001528	-0.002956	0	0	0	0	0	0
7227054386	-2.699219	0.398438	9.699219	4.699219	-1.900391	-1.800781	0.031259	-0.041763	-0.027876	0.000404	0.004423	0.006673	0	0	0	0	0	0
7351694405	-0.300781	5.398438	4.500000	2.101562	4.101562	-0.900391	-0.019099	-0.153144	0.770660	0.000882	0.000398	-0.004213	0	0	0	0	0	0
7464259891	-0.300781	-3.500000	3.699219	1.000000	-0.800781	2.398438	-0.012190	0.032787	0.579052	0.003542	0.005348	-0.002581	0	0	0	0	0	0
7576114503	-0.900391	2.000000	-2.099609	-3.400391	0.601562	-1.300781	0.037102	-0.068681	1.386727	-0.000563	0.001732	-0.010599	0	0	0	0	0	0
7712259912	-1.699219	1.101562	4.699219	2.199219	4.699219	7.699219	-0.052371	0.021184	0.580918	0.000832	0.001318	-0.003413	0	0	0	0	0	0
7853509440	-0.699219	0.500000	2.300781	3.199219	-4.300781	1.601562	-0.040655	-0.051533	0.774337	0.002990	0.006975	-0.001933	0	0	0	0	0	0
8015166105	0.898438	1.699219	3.300781	4.500000	4.500000	6.898438	-0.018184	-0.102186	0.650990	0.001258	0.002591	-0.005135	0	0	0	0	0	0
8181920643	0.300781	-2.000000	3.199219	-3.099609	-2.400391	-0.900391	-0.069831	-0.059111	0.505759	-0.002319	0.002234	-0.001835	0	0	0	0	0	0
8323847311	-3.599609	-2.599609	5.601562	-3.000000	1.699219	2.199219	-0.049624	-0.002473	0.657537	0.000053	0.006014	-0.003281	0	0	0	0	0	0
8464887761	-4.099609	-1.699219	10.601562	-5.199219	-2.000000	-6.900391	0.020980	-0.115524	-0.032489	-0.001440	0.002404	0.004506	0	0	0	0	0	0
8609533858	-1.199219	4.000000	6.898438	4.601562	8.300781	1.800781	0.003780	-0.010868	0.655910	0.001858	0.000201	-0.004277	0	0	0	0	0	0
8765930303	-4.099609	-3.800781	4.800781	0.300781	1.699219	-5.300781	0.036081	0.051268	-0.615244	0.000996	-0.002003	0.005110	0	0	0	0	0	0
8919003068	-0.199219	-2.400391	3.300781	-2.500000	-0.900391	-5.599609	0.045016	-0.067239	0.927606	0.000115	0.000628	-0.005291	0	0	0	0	0	0
9054336259	-1.400391	0.800781	6.199219	1.898438	4.101562	2.300781	-0.000552	-0.061270	0.575686	-0.001771	-0.000024	-0.005651	0	0	0	0	0	0
9217431160	-6.500000	2.101562	2.101562	-2.599609	2.500000	-4.599609	-0.054308	-0.052773	1.763035	-0.000400	0.003085	-0.017993	0	0	0	0	0	0
9410786112	-2.199219	1.500000	10.000000	-2.599609	1.800781	4.898438	0.020787	-0.018720	0.657558	-0.001477	0.001215	-0.004272	0	0	0	0	0	0
9589309667	-1.400391	3.500000	9.000000	0.300781	-2.000000	-2.599609	-0.082730	-0.112100	0.426392	-0.000066	0.000878	-0.001143	0	0	0	0	0	0
9744471200	-3.599609	1.398438	7.398438	-4.099609	-0.099609	-9.300781	0.055218	0.020767	-0.154109	0.003453	0.006455	0.003605	0	0	0	0	0	0
9889556094	-4.699219	-7.199219	10.398438	0.199219	2.101562	2.300781	-0.022940	-0.064329	0.460517	0.000879	0.002273	-0.003229	0	0	0	0	0	0
10030141140	3.300781	1.898438	2.000000	-0.099609	-1.599609	0.898438	0.025439	0.002884	0.695249	0.002007	0.007271	-0.002900	0	0	0	0	0	0
10204890111	-5.300781	-8.599609	34.601562	-6.599609	-23.000000	-12.699219	1.254906	-0.541169	-0.822323	0.010457	0.035635	-0.047565	0	0	0	0	0	0
10353475468	-2.599609	-19.099609	64.699219	-1.900391	-42.500000	1.101562	1.637561	-0.552489	2.208107	0.148981	0.193481	-0.071398	0	0	0	0	0	0
10536104480	504.199219	228.101562	-384.599609	254.000000	-235.900391	183.398438	-5.223509	-23.055923	-21.232630	-0.293936	-2.394794	2.301106	0	0	0	0	0	0
10675120755	957.898438	522.300781	-1316.800781	481.101562	40.199219	273.101562	-23.917290	-32.183659	-52.143383	-1.208968	-6.080975	4.077683	0	0	0	0	0	0
10803452482	104.101562	73.101562	-748.000000	1.500000	416.101562	-71.500000	-8.581374	2.363830	-39.424248	-1.720286	-3.638022	-0.271634	0	0	0	0	0	0
10966800615	-1216.500000	-309.400391	712.199219	-337.599609	715.101562	-159.900391	20.292843	41.872143	36.921509	-2.123531	1.743085	-2.701569	0	0	0	0	0	0
11123995327	-833.300781	-277.699219	686.898438	-291.300781	578.398438	-176.699219	15.294518	29.244411	76.508247	-1.749182	1.785038	-2.407257	0	0	0	0	0	0
11268266934	-917.099609	-274.900391	959.000000	-269.300781	513.601562	-111.300781	21.508913	29.513069	98.075768	-1.741853	2.659733	-2.207963	0	0	0	0	0	0
11449665978	-566.599609	-276.400391	1127.398438	-191.699219	-116.900391	-48.599609	24.623655	14.923153	74.222855	0.898237	3.997966	-1.608677	0	0	0	0	0	0
11592184328	-405.300781	-224.199219	1669.800781	-35.199219	-1005.800781	208.300781	47.456020	2.246204	43.226471	3.841661	5.435407	-0.203453	0	0	0	0	0	0
11766435255	-515.800781	-449.800781	1929.699219	-192.000000	-1163.400391	111.500000	65.236916	1.240690	36.783440	3.679219	4.543866	-1.581549	0	0	0	0	0	0
11912533528	-128.000000	-275.300781	898.500000	-140.300781	-711.099609	6.101562	25.664415	-0.892348	8.160285	2.818764	2.449931	-1.108590	0	0	0	0	0	0
12063223791	255.500000	246.101562	-909.900391	104.101562	540.898438	0.199219	-33.393093	10.818969	-19.485216	0.379961	-1.911883	1.168814	0	0	0	0	0	0
12238750945	762.000000	543.398438	-2139.000000	220.898438	1183.699219	-25.099609	-71.421242	10.943841	-28.215973	-0.350371	-5.422090	2.320717	0	0	0	0	0	0
12382976320	1333.601562	811.800781	-2950.400391	380.000000	1401.500000	5.699219	-96.327171	1.822917	-33.155521	-0.111053	-7.708611	3.724489	0	0	0	0	0	0
12548858021	2292.500000	887.300781	-3212.699219	571.101562	631.199219	39.500000	-101.160713	-40.483871	-50.185562	1.723110	-8.665065	4.656679	0	0	0	0	0	0
12700226403	2225.699219	579.398438	-1439.900391	562.000000	-1007.500000	188.000000	-33.269657	-71.433800	-39.519016	3.919583	-5.217769	4.349087	0	0	0	0	0	0
12882767399	569.000000	123.898438	1109.699219	331.898438	-1630.300781	478.601562	45.382229	-34.958874	8.533424	4.853737	1.694474	3.088356	0	0	0	0	0	0
13026052829	-237.400391	-320.400391	1961.500000	-67.599609	-1467.699219	231.898438	63.393806	-10.141932	44.078579	4.495603	5.386199	-0.427521	0	0	0	0	0	0
13200271994	153.898438	-529.199219	2132.601562	-238.400391	-2000.000000	57.199219	60.842377	-30.049076	48.921764	5.971561	6.644401	-1.707988	0	0	0	0	0	0
13366861735	2061.398438	43.300781	363.101562	195.500000	-2412.599609	88.800781	5.735768	-84.741173	-3.145921	7.789545	1.425023	1.720422	0	0	0	0	0	0
13542075037	2868.601562	586.398438	-1802.199219	566.398438	-1366.300781	87.500000	-51.450626	-88.512733	-51.079601	5.928904	-5.988883	4.082540	0	0	0	0	0	0
13688477537	2116.398438	518.101562	-2567.900391	308.398438	200.699219	-130.000000	-72.010605	-37.798481	-43.715038	2.837926	-8.406325	2.044832	0	0	0	0	0	0
13849498668	810.699219	111.300781	-1374.400391	-85.000000	781.898438	-274.500000	-38.105961	0.946178	39.737762	0.371211	-5.251150	-0.939877	0	0	0	0	0	0
14015256053	367.300781	-16.400391	-427.000000	-107.800781	619.699219	-207.099609	-16.720423	2.019917	98.871803	-0.599593	-2.420688	-1.102837	0	0	0	0	0	0
14172209648	133.101562	15.898438	-82.199219	-69.599609	668.898438	-120.099609	-10.082959	5.966190	127.750076	-1.375412	-1.146466	-0.665193	0	0	0	0	0	0
14335832499	831.800781	37.601562	-654.300781	-15.199219	140.300781	-163.199219	-24.197758	-17.368118	51.695351	0.679865	-2.439725	-0.161447	0	0	0	0	0	0
14494130659	908.398438	309.000000	-743.599609	312.500000	-496.500000	177.398438	-16.233562	-32.137489	-59.453709	1.910300	-2.421775	2.671597	0	0	0	0	0	0
14651443672	2106.000000	421.398438	-496.500000	519.601562	-1976.300781	273.101562	-14.591804	-86.259811	-64.738144	5.877186	-0.784715	4.225257	0	0	0	0	0	0
14833038866	3027.398438	425.500000	-234.400391	610.300781	-2986.900391	313.800781	-4.904584	-130.416367	-36.722679	7.679185	-0.945187	4.721999	0	0	0	0	0	0
14984528369	2507.800781	25.601562	842.199219	269.199219	-3368.599609	199.500000	32.598370	-118.574142	-5.365014	8.142265	1.595619	2.227303	0	0	0	0	0	0
15151549236	855.300781	-311.800781	2149.000000	51.000000	-2813.400391	324.800781	73.584068	-67.821510	29.207657	6.089057	5.308466	0.752318	0	0	0	0	0	0
15310277285	-309.400391	-506.599609	2540.898438	-166.699219	-1964.900391	236.800781	82.343452	-23.463699	43.566441	4.136517	6.913570	-1.132544	0	0	0	0	0	0
15492008603	-1428.800781	-504.099609	2411.800781	-236.900391	-593.000000	159.101562	75.041389	26.152679	69.630768	0.841565	6.315090	-2.064813	0	0	0	0	0	0
15637169105	-935.699219	-384.699219	1370.398438	-290.500000	145.000000	-66.699219	37.261528	25.866232	104.308846	-0.519589	2.963130	-2.390428	0	0	0	0	0	0
15804398125	-285.199219	-122.599609	-958.099609	-392.800781	1636.898438	-449.599609	-27.834848	38.290058	67.565796	-3.423391	-4.645908	-3.070301	0	0	0	0	0	0
15968562988	130.500000	-37.900391	-2082.000000	-491.300781	2156.601562	-628.199219	-60.865337	42.965439	35.996910	-3.645982	-7.732334	-3.415356	0	0	0	0	0	0
16152926254	1120.601562	319.199219	-3028.400391	-163.000000	2028.300781	-487.000000	-85.621002	17.125053	22.730316	-2.582744	-10.329586	-0.851560	0	0	0	0	0	0
16307584340	1978.398438	514.300781	-2812.400391	232.398438	937.500000	-231.500000	-83.723480	-31.609104	19.285179	0.059175	-8.992341	1.750009	0	0	0	0	0	0
16479233836	2849.601562	460.199219	-2075.000000	403.300781	-716.000000	-121.500000	-63.512161	-85.550987	8.917452	3.574912	-6.766731	2.697034	0	0	0	0	0	0
16643922086	2919.699219	479.000000	-1551.300781	477.398438	-1275.000000	0.300781	-43.582642	-97.096588	11.949617	4.309725	-5.491788	3.259597	0	0	0	0	0	0
16836127532	775.398438	-276.599609	725.199219	-81.800781	-1359.500000	-42.599609	31.801903	-42.769493	16.231728	2.805382	0.600830	-0.997314	0	0	0	0	0	0
16965755111	-136.300781	-321.099609	921.601562	-149.900391	-724.500000	-35.099609	37.358101	-12.114984	6.160627	0.742771	1.262165	-1.434180	0	0	0	0	0	0
17117923157	-292.800781	-313.699219	832.398438	-155.300781	-531.199219	-28.000000	36.147057	-7.037582	-2.777342	0.176002	0.763233	-1.410975	0	0	0	0	0	0
17269005990	-237.000000	-161.400391	933.101562	13.101562	-715.900391	150.300781	43.770679	-13.307966	-4.938019	0.359001	0.819048	0.191172	0	0	0	0	0	0
17429335950	-228.099609	-195.599609	1664.300781	109.800781	-1444.300781	358.101562	70.800339	-26.222712	-4.088919	1.475039	2.341375	1.060462	0	0	0	0	0	0
17585258052	-174.800781	-47.199219	1442.699219	214.199219	-1277.000000	425.800781	59.613663	-24.586082	-3.934376	1.305596	1.980859	2.026552	0	0	0	0	0	0
17751733172	292.500000	112.199219	-165.099609	103.699219	-131.699219	55.800781	-9.911448	-9.640236	-1.257716	0.492765	0.062636	0.866946	0	0	0	0	0	0
17901685110	655.500000	227.800781	-1327.199219	30.300781	651.300781	-187.199219	-56.669704	-1.581729	-1.507986	-0.394323	-1.733989	0.329716	0	0	0	0	0	0
18066211070	1066.898438	373.699219	-2224.199219	29.398438	1147.500000	-329.900391	-92.503494	-1.352247	-1.178885	-0.760391	-3.047098	0.220192	0	0	0	0	0	0
18240675401	1499.601562	490.000000	-2872.400391	83.898438	1311.800781	-391.800781	-114.685188	-10.886066	-9.082605	-1.161514	-4.334325	0.624179	0	0	0	0	0	0
18392173415	1991.601562	536.898438	-3004.300781	206.500000	901.199219	-359.199219	-118.320724	-35.492626	-16.188091	-0.767714	-4.683406	1.305577	0	0	0	0	0	0
18562958773	2524.500000	677.800781	-3142.300781	393.699219	467.898438	-267.099609	-122.498695	-61.122643	-24.130690	-0.351756	-5.040632	2.747367	0	0	0	0	0	0
18710112592	2696.601562	849.898438	-2743.599609	665.300781	-78.500000	8.398438	-104.738274	-79.512016	-18.639053	-0.084024	-4.779681	4.966052	0	0	0	0	0	0
18893206890	1511.300781	464.800781	-1131.500000	347.101562	13.800781	25.699219	-53.608170	-41.059696	74.374626	0.186771	-1.369180	2.518849	0	0	0	0	0	0
19034923958	1217.500000	214.000000	-752.099609	113.199219	135.898438	-147.900391	-45.111279	-28.304859	108.391304	0.452994	-0.410042	0.547714	0	0	0	0	0	0
19199049867	1144.199219	173.300781	-739.199219	37.699219	257.398438	-203.400391	-45.301945	-23.020992	117.523590	0.525689	-0.355473	-0.013049	0	0	0	0	0	0
19368432077	742.898438	36.500000	-421.699219	-47.800781	163.601562	-194.199219	-28.701225	-12.000065	81.051796	0.964779	-0.008236	-0.547532	0	0	0	0	0	0
19550555134	602.300781	151.398438	-256.900391	154.300781	-458.599609	65.699219	-10.052234	-21.154505	-24.383926	1.605280	0.011259	1.373646	0	0	0	0	0	0
19695516662	633.500000	184.898438	-345.699219	241.101562	-681.500000	146.300781	-4.052528	-31.870203	-71.180305	1.052464	-0.999469	2.070073	0	0	0	0	0	0
19864656394	708.601562	142.199219	312.898438	296.000000	-1293.500000	267.800781	17.234388	-46.784191	-50.925072	1.998935	0.603138	2.545963	0	0	0	0	0	0
20019675618	1078.601562	786.699219	374.699219	966.601562	-1707.000000	926.898438	20.962835	-69.723694	-37.736382	1.570714	0.111985	8.778107	0	0	0	0	0	0
20172099076	1154.898438	1330.199219	8.699219	1443.699219	-1463.099609	1359.101562	9.798352	-70.457123	-41.284191	0.550764	-1.034253	13.086764	0	0	0	0	0	0
20335863379	1200.800781	1556.699219	-358.699219	1629.199219	-1202.199219	1479.000000	-2.258143	-67.575371	-47.029045	-0.086074	-2.066565	14.548310	0	0	0	0	0	0
20488262776	1214.500000	1684.699219	-615.300781	1722.500000	-988.599609	1549.199219	-9.511482	-64.712608	-51.984787	-0.688798	-2.930896	15.426998	0	0	0	0	0	0
20644488415	1127.800781	1566.601562	-574.900391	1590.800781	-923.300781	1434.800781	-7.872291	-59.665459	-52.074772	-0.703654	-2.869261	14.082265	0	0	0	0	0	0
20816489478	383.800781	255.500000	224.199219	360.300781	-750.800781	352.800781	10.501460	-25.261728	-24.654255	1.025999	0.224271	2.814228	0	0	0	0	0	0
20964711784	169.000000	-234.900391	469.101562	-123.599609	-709.199219	-73.699219	15.110039	-15.312476	-18.202408	1.552769	1.162512	-1.325492	0	0	0	0	0	0
21100653260	86.101562	-462.000000	553.101562	-329.599609	-694.199219	-274.900391	18.178320	-11.767590	-16.907637	1.675972	1.467998	-3.211993	0	0	0	0	0	0
21284222163	-21.199219	-612.400391	647.199219	-476.800781	-660.599609	-398.199219	21.324532	-7.993391	-15.721099	1.707339	1.650992	-4.505529	0	0	0	0	0	0
21465354356	-36.800781	-670.099609	613.300781	-524.699219	-612.800781	-462.000000	20.061008	-6.375957	-15.610620	1.659375	1.597398	-5.099502	0	0	0	0	0	0
21629420842	-132.000000	-768.599609	624.699219	-644.500000	-502.800781	-563.300781	20.045820	-0.081740	-13.515780	1.676491	1.629255	-6.083062	0	0	0	0	0	0
21765365801	-147.599609	-828.400391	625.398438	-703.500000	-480.500000	-620.400391	19.571283	1.233388	-11.975939	1.806566	1.751254	-6.588753	0	0	0	0	0	0
21941783941	-193.500000	-927.800781	733.699219	-785.300781	-519.199219	-692.199219	22.277023	2.308450	-9.956555	1.949700	2.120810	-7.303142	0	0	0	0	0	0
22116295176	-229.199219	-730.400391	932.199219	-563.000000	-680.599609	-438.300781	32.741329	-2.117273	-4.333514	1.792716	2.251688	-5.141951	0	0	0	0	0	0
22290700656	-282.500000	-199.300781	1282.101562	51.500000	-1051.199219	259.300781	56.562286	-15.599371	-11.439505	0.841152	1.376813	0.552078	0	0	0	0	0	0
22453742477	-755.500000	-244.800781	2042.101562	81.300781	-1229.199219	411.101562	79.298599	-6.441085	10.884831	1.167923	3.415815	0.842387	0	0	0	0	0	0
22613636089	-923.699219	-309.800781	2190.000000	13.300781	-1121.699219	367.199219	82.830261	-0.154516	25.573889	1.174359	4.047603	0.209024	0	0	0	0	0	0
22768241358	-938.199219	-283.900391	2622.398438	112.300781	-1518.599609	539.800781	99.095879	-8.342759	29.232115	1.635525	4.823805	1.175520	0	0	0	0	0	0
22961141678	-989.000000	-254.699219	2506.300781	109.699219	-1343.500000	519.199219	93.322639	-2.109189	29.679232	1.478389	4.327470	1.129460	0	0	0	0	0	0
23131641238	-24.199219	-83.500000	491.800781	-15.800781	-374.400391	52.101562	10.834443	-2.488646	15.706611	1.172968	1.423104	-0.108222	0	0	0	0	0	0
23308195804	556.101562	183.000000	-1087.400391	11.199219	552.699219	-157.400391	-51.089943	3.099132	3.037008	0.256715	-0.985773	0.173962	0	0	0	0	0	0
23475383120	966.199219	319.199219	-2061.000000	0.300781	1052.101562	-336.599609	-88.764687	2.904506	-3.830706	-0.302044	-2.431353	0.021423	0	0	0	0	0	0
23664982874	1215.199219	375.199219	-2635.099609	-36.900391	1362.300781	-426.800781	-110.499557	3.024573	-8.600098	-0.727278	-3.410318	-0.217507	0	0	0	0	0	0
23802761115	1287.898438	426.601562	-2865.900391	-29.400391	1503.898438	-466.699219	-119.528870	4.015210	-11.865586	-0.973922	-3.891002	-0.106397	0	0	0	0	0	0
23977492014	1578.101562	502.500000	-3359.800781	-14.300781	1679.601562	-514.400391	-138.595566	0.235333	-12.688327	-1.103111	-4.537026	0.039360	0	0	0	0	0	0
24126457678	1693.300781	563.101562	-3392.900391	61.300781	1593.699219	-446.099609	-137.883423	-6.421118	-16.302908	-1.186687	-4.872741	0.587409	0	0	0	0	0	0
24303405441	1974.699219	574.800781	-2520.000000	322.300781	452.800781	-202.300781	-102.026741	-43.742401	-14.553805	-0.043881	-3.633259	2.384550	0	0	0	0	0	0
24448911641	2104.601562	617.000000	-1543.300781	559.000000	-594.000000	115.398438	-62.931324	-71.410141	-5.300012	0.931635	-2.251764	4.172438	0	0	0	0	0	0
24622254007	2576.500000	784.500000	-1130.800781	848.699219	-1511.800781	403.699219	-44.975487	-107.326759	-10.343987	1.470008	-2.194874	6.718445	0	0	0	0	0	0
24783392699	3086.601562	1053.101562	-1174.300781	1130.500000	-2009.400391	605.800781	-45.836853	-134.178528	-14.778649	1.783543	-2.426375	9.090960	0	0	0	0	0	0
24954036184	2512.300781	868.398438	-355.500000	1008.398438	-2214.500000	693.101562	-11.958129	-118.830315	-4.991712	2.100501	-0.768920	8.089389	0	0	0	0	0	0
25101310301	1239.800781	332.300781	968.699219	608.101562	-2181.000000	614.601562	39.269768	-82.603394	6.462038	2.065288	1.441047	5.147617	0	0	0	0	0	0
25257767948	432.800781	85.800781	1681.800781	396.800781	-2010.900391	610.398438	64.096619	-56.716152	18.516144	1.894012	2.942496	3.687933	0	0	0	0	0	0
25426475872	40.101562	-77.199219	2063.101562	281.601562	-1936.500000	583.699219	76.511909	-44.487968	28.338417	1.815077	3.944518	2.655494	0	0	0	0	0	0
25605346266	-368.900391	-172.300781	2400.699219	200.300781	-1829.599609	569.500000	88.074226	-30.990902	34.869465	1.780812	4.767850	2.005063	0	0	0	0	0	0
25748288030	-554.699219	-221.099609	2542.300781	166.398438	-1783.800781	570.699219	93.835663	-24.042910	35.889179	1.837989	4.902091	1.721697	0	0	0	0	0	0
25922054063	-770.699219	-280.500000	2709.699219	122.300781	-1721.000000	552.601562	100.499130	-16.260984	37.662064	1.867785	5.164960	1.363545	0	0	0	0	0	0
26072569820	-979.699219	-285.400391	2700.000000	96.101562	-1487.199219	530.398438	99.976654	-5.128139	42.502464	1.639904	5.075455	1.051300	0	0	0	0	0	0
26258458747	-1045.500000	-320.199219	1924.199219	-99.800781	-648.099609	218.898438	64.714874	19.854328	39.385502	1.523614	4.129343	-0.756800	0	0	0	0	0	0
26399916678	-574.199219	-231.000000	623.800781	-210.800781	116.199219	-101.400391	12.763096	26.019020	30.364714	1.095578	2.085634	-1.701096	0	0	0	0	0	0
26578561902	124.699219	6.398438	-862.400391	-202.900391	802.199219	-304.800781	-43.908817	22.948616	13.104144	0.481498	-0.475047	-1.399898	0	0	0	0	0	0
26747275844	819.398438	212.199219	-1903.500000	-100.900391	1077.898438	-385.599609	-82.074219	8.806245	-1.927765	-0.077647	-2.277468	-0.754510	0	0	0	0	0	0
26918976240	1162.199219	340.199219	-2373.300781	-16.900391	1143.300781	-384.199219	-99.252899	-0.162982	-10.567201	-0.339124	-3.093519	-0.076415	0	0	0	0	0	0
27074375150	1356.000000	425.101562	-2654.500000	52.101562	1203.500000	-385.300781	-109.285614	-4.527209	-14.475633	-0.509972	-3.584866	0.339878	0	0	0	0	0	0
27240437258	1520.300781	458.500000	-2911.300781	65.500000	1267.500000	-426.000000	-119.003883	-7.885024	-18.409569	-0.610273	-4.035299	0.345932	0	0	0	0	0	0
27420611833	1670.898438	512.199219	-3150.500000	76.699219	1337.300781	-423.599609	-127.447456	-10.535221	-21.619141	-0.743092	-4.489657	0.623108	0	0	0	0	0	0
27574541302	1790.699219	624.601562	-3367.900391	169.000000	1406.101562	-381.000000	-135.149765	-12.966549	-25.608343	-0.917359	-4.939809	1.308330	0	0	0	0	0	0
27743439888	1562.601562	822.800781	-2796.000000	446.500000	1052.398438	-17.599609	-110.038010	-17.600727	-28.995687	-0.906775	-4.261925	4.004853	0	0	0	0	0	0
27913067626	1458.398438	1264.500000	-2247.800781	1003.300781	541.898438	602.898438	-83.838417	-31.666222	-30.903797	-1.198542	-4.228342	9.032390	0	0	0	0	0	0
28068814919	1484.898438	1447.300781	-1914.800781	1246.800781	173.101562	892.500000	-67.937981	-41.642342	-34.316120	-1.062838	-3.998529	11.182254	0	0	0	0	0	0
28253125833	1426.300781	1619.300781	-1733.099609	1445.800781	14.699219	1118.898438	-59.842110	-44.429688	-34.625179	-1.104762	-3.867763	12.984239	0	0	0	0	0	0
28392938564	1402.800781	1689.101562	-1577.400391	1543.500000	-106.400391	1229.601562	-53.313976	-46.995480	-34.871838	-1.081017	-3.703335	13.770287	0	0	0	0	0	0
28569189497	743.898438	809.398438	-687.500000	750.398438	-226.500000	605.800781	-24.092432	-26.236940	-23.026016	-0.149413	-1.578190	6.377235	0	0	0	0	0	0
28736875605	474.800781	-57.800781	-232.000000	-33.599609	-299.300781	-123.599609	-11.376981	-16.258215	-13.936152	0.872405	-0.127309	-0.679026	0	0	0	0	0	0
28906210696	238.199219	-404.500000	177.398438	-325.099609	-430.599609	-329.400391	4.716515	-11.159010	-9.713086	1.277499	0.508596	-3.263411	0	0	0	0	0	0
29058691388	173.101562	-573.099609	360.000000	-463.500000	-537.800781	-449.400391	10.940485	-11.298183	-7.519870	1.526840	0.866406	-4.417009	0	0	0	0	0	0
29230188730	144.199219	-680.199219	467.101562	-549.699219	-584.099609	-508.199219	15.314705	-10.723773	-4.971410	1.695189	1.064422	-5.241363	0	0	0	0	0	0
29405230667	226.601562	-604.099609	476.898438	-464.199219	-677.000000	-436.199219	14.709593	-16.501816	-6.556474	1.576369	1.026876	-4.335420	0	0	0	0	0	0
29557923571	520.500000	-242.000000	199.000000	-115.300781	-760.800781	-157.300781	5.931616	-29.556421	-10.837681	1.218876	0.488895	-1.183561	0	0	0	0	0	0
29723735814	1147.199219	29.699219	-0.699219	170.398438	-1221.400391	36.500000	-1.202100	-58.165779	-16.055614	1.633180	0.101666	1.192388	0	0	0	0	0	0
29872712133	1629.500000	216.800781	-134.400391	376.199219	-1594.000000	173.199219	-6.115477	-80.624420	-16.846340	1.860687	-0.122479	2.805157	0	0	0	0	0	0
30060505072	2033.300781	383.699219	-368.400391	547.398438	-1784.099609	271.500000	-15.129868	-97.769333	-20.379883	1.747909	-0.548508	4.173481	0	0	0	0	0	0
30206181854	2241.699219	451.398438	-477.300781	626.300781	-1890.699219	307.398438	-18.782154	-107.298981	-22.393604	1.665613	-0.933886	4.711718	0	0	0	0	0	0
30376230455	2447.398438	564.199219	-607.699219	743.800781	-2006.000000	369.199219	-21.991205	-117.142143	-25.924780	1.504198	-1.404896	5.672157	0	0	0	0	0	0
30521398459	1923.601562	621.101562	-533.099609	765.398438	-1537.300781	462.601562	-16.427731	-91.861145	-23.849388	0.755569	-1.546119	5.995728	0	0	0	0	0	0
30669399406	719.601562	305.601562	-135.900391	388.898438	-638.699219	288.699219	-1.848100	-35.743282	-11.032942	0.016039	-0.781798	2.952882	0	0	0	0	0	0
30861900319	251.199219	66.101562	199.398438	152.398438	-471.599609	138.898438	10.464258	-18.944311	-5.075936	0.042737	-0.143396	1.103564	0	0	0	0	0	0
31000318499	-6.400391	-27.800781	343.500000	52.398438	-334.800781	88.800781	14.956530	-8.366172	-2.008686	0.111620	0.125568	0.403182	0	0	0	0	0	0
31179846499	-12.699219	-18.800781	418.800781	87.199219	-417.300781	131.898438	19.359583	-9.664193	-3.294316	0.149821	0.053197	0.698048	0	0	0	0	0	0
31351868032	-10.099609	31.300781	513.000000	157.000000	-509.099609	222.199219	24.972229	-11.169897	-2.325982	0.246697	0.123774	1.228282	0	0	0	0	0	0
31532381296	-508.400391	-117.800781	1027.398438	55.601562	-493.300781	224.300781	43.220531	1.395000	4.579492	0.044517	1.122300	0.461783	0	0	0	0	0	0
31672733359	-689.500000	-174.500000	1244.000000	17.800781	-513.300781	228.398438	51.866173	5.146878	5.369286	-0.031515	1.354480	0.153825	0	0	0	0	0	0
31841276594	-830.099609	-228.599609	1427.000000	-12.400391	-547.300781	237.000000	59.096706	7.697691	6.910686	-0.113182	1.698939	0.000739	0	0	0	0	0	0
31997325918	-902.500000	-234.699219	1546.699219	1.199219	-588.000000	261.199219	63.712715	8.185502	8.760216	-0.143556	1.834584	0.046531	0	0	0	0	0	0
32182538549	-917.500000	-231.099609	1580.699219	0.898438	-609.000000	278.699219	65.523895	7.876149	8.175918	-0.159707	1.869543	0.112384	0	0	0	0	0	0
32318787980	-910.800781	-231.699219	1575.699219	5.199219	-608.400391	273.898438	64.781937	7.810299	9.730514	-0.160390	1.917524	0.130418	0	0	0	0	0	0
32483775999	-899.699219	-226.599609	1566.800781	6.898438	-604.500000	275.601562	63.937374	7.662537	9.911977	-0.134969	1.951403	0.102833	0	0	0	0	0	0
32657448372	-771.099609	-219.400391	1381.398438	-2.400391	-548.300781	219.601562	54.375988	5.928052	11.682133	-0.087117	1.911571	-0.020676	0	0	0	0	0	0
32834819983	-231.800781	-104.300781	443.601562	-38.500000	-152.599609	13.601562	11.517530	3.596585	10.893034	0.190277	1.127795	-0.289207	0	0	0	0	0	0
32970880313	115.300781	48.699219	-129.400391	25.300781	43.398438	-6.300781	-10.779363	-0.201750	6.883855	0.249228	0.330572	0.309969	0	0	0	0	0	0
33145824518	376.699219	221.699219	-535.699219	146.199219	166.000000	48.199219	-26.333246	-3.295863	1.334243	0.274499	-0.343645	1.385467	0	0	0	0	0	0
33304903285	417.800781	277.398438	-679.000000	163.898438	266.000000	52.398438	-32.179562	-1.458210	1.725062	0.280366	-0.488304	1.612240	0	0	0	0	0	0
33451792321	412.800781	302.699219	-780.699219	175.300781	347.601562	56.199219	-36.034046	0.313274	0.763776	0.183811	-0.663154	1.695070	0	0	0	0	0	0
33630843954	470.000000	314.398438	-919.699219	170.000000	438.000000	24.699219	-40.969498	-0.116686	0.892035	-0.114872	-1.073051	1.598411	0	0	0	0	0	0
33770986365	689.800781	304.199219	-1358.699219	107.101562	662.898438	-121.900391	-59.036495	-0.950539	1.984426	-0.348015	-1.720512	0.871556	0	0	0	0	0	0
33948798388	871.000000	308.500000	-1774.800781	39.000000	893.000000	-245.000000	-75.635857	-0.606363	0.470761	-0.594785	-2.352176	0.353646	0	0	0	0	0	0
34137189819	885.101562	351.398438	-1991.099609	35.300781	1091.800781	-270.500000	-83.892159	3.213644	-0.136812	-0.824779	-2.719258	0.402797	0	0	0	0	0	0
34308907398	945.199219	346.300781	-2110.500000	18.101562	1132.699219	-301.500000	-88.462204	2.785300	-1.829086	-0.852957	-2.872614	0.229486	0	0	0	0	0	0
34456635531	1010.300781	376.000000	-2240.400391	39.500000	1196.398438	-305.599609	-93.369431	2.348389	-2.741762	-0.885989	-3.057350	0.376241	0	0	0	0	0	0
34627285424	1294.300781	431.199219	-2602.699219	48.898438	1263.800781	-365.699219	-108.651802	-2.936230	-6.775362	-0.821264	-3.471090	0.386273	0	0	0	0	0	0
34825496543	1344.300781	461.199219	-2725.599609	76.500000	1313.699219	-366.900391	-113.445885	-2.726756	-8.329138	-0.856114	-3.609619	0.493251	0	0	0	0	0	0
34992727493	1341.800781	474.898438	-2791.400391	71.199219	1376.699219	-372.599609	-116.469429	-1.306756	-8.780954	-0.908550	-3.694037	0.545146	0	0	0	0	0	0
35146309665	1370.000000	448.000000	-2831.199219	22.101562	1398.398438	-415.199219	-117.579994	-1.394881	-9.829348	-0.871942	-3.724825	0.152398	0	0	0	0	0	0
35306658552	595.101562	182.601562	-1352.900391	-34.099609	733.800781	-259.800781	-55.648300	3.386481	-4.553511	-0.400373	-1.677819	-0.374371	0	0	0	0	0	0
35506952726	33.898438	23.300781	-82.599609	0.101562	52.199219	-20.500000	-4.637262	0.957123	-1.144905	0.022689	-0.109267	0.042742	0	0	0	0	0	0
35648699256	20.601562	79.699219	-33.400391	81.398438	11.601562	67.500000	-1.399089	-1.728149	-1.327394	-0.153783	-0.237985	0.795047	0	0	0	0	0	0
35826825949	807.898438	96.800781	-153.199219	165.500000	-667.099609	49.500000	-7.109805	-38.093166	-3.849561	0.582044	-0.341196	1.194050	0	0	0	0	0	0
36004532990	1333.199219	111.500000	-215.699219	238.199219	-1136.199219	56.601562	-8.230461	-65.727554	-7.192069	0.814917	-0.693237	1.674404	0	0	0	0	0	0
36193866001	1884.300781	228.800781	-378.599609	393.898438	-1576.099609	112.500000	-14.416950	-92.321426	-11.327193	0.969579	-0.986105	2.770306	0	0	0	0	0	0
36344892850	2186.800781	362.800781	-498.000000	529.601562	-1754.800781	212.199219	-17.001463	-106.830826	-11.502369	0.776268	-1.499958	3.832619	0	0	0	0	0	0
36524513410	2277.101562	379.500000	-463.500000	567.000000	-1857.199219	244.199219	-14.785451	-112.106918	-10.450423	0.731359	-1.639088	4.103908	0	0	0	0	0	0
36711808835	2297.300781	396.500000	-497.900391	578.101562	-1855.400391	238.898438	-16.081409	-113.056175	-9.244046	0.681911	-1.724758	4.160942	0	0	0	0	0	0
36879634129	2365.500000	474.101562	-541.800781	636.000000	-1878.699219	288.199219	-17.875347	-115.878342	-9.141411	0.663894	-1.844878	4.728938	0	0	0	0	0	0
37031349776	2420.898438	515.500000	-572.199219	673.398438	-1922.800781	304.398438	-18.336359	-118.915550	-9.115477	0.558858	-2.021669	4.916882	0	0	0	0	0	0
37205194258	2464.500000	528.500000	-603.000000	672.199219	-1935.500000	311.101562	-18.961678	-121.153252	-8.981624	0.464407	-2.193908	4.989749	0	0	0	0	0	0
37375268004	2500.699219	545.601562	-619.500000	703.300781	-1941.400391	315.601562	-19.864609	-122.539314	-8.924235	0.425750	-2.268915	5.124102	0	0	0	0	0	0
37541367719	2478.898438	549.601562	-613.099609	697.300781	-1919.199219	320.199219	-19.487385	-121.265877	-9.131438	0.366628	-2.303247	5.148657	0	0	0	0	0	0
37707494011	2450.500000	546.300781	-608.900391	683.300781	-1897.599609	329.800781	-19.104782	-119.523567	-8.569386	0.408844	-2.248768	5.071192	0	0	0	0	0	0
37863795860	2427.500000	600.601562	-587.800781	734.800781	-1900.800781	382.101562	-18.894196	-118.301460	-9.108319	0.515491	-2.106557	5.612158	0	0	0	0	0	0
38052600263	1818.898438	877.699219	-302.099609	975.199219	-1632.900391	745.898438	-8.684839	-92.316727	-10.777533	0.702136	-1.143671	8.286036	0	0	0	0	0	0
38198183938	1803.601562	890.101562	-288.400391	989.898438	-1630.099609	763.398438	-8.263492	-92.099411	-12.051758	0.641290	-1.146091	8.343721	0	0	0	0	0	0
38378752579	1938.300781	628.898438	-210.000000	751.398438	-1838.400391	529.300781	-8.376000	-97.242775	-14.783883	1.549865	-0.500032	5.992942	0	0	0	0	0	0
38560270641	2104.101562	323.101562	-226.199219	462.898438	-1955.400391	206.000000	-12.194011	-99.804474	-13.579469	2.404514	-0.176968	3.347592	0	0	0	0	0	0
38712724818	1968.500000	49.000000	-66.000000	214.000000	-1940.500000	-11.400391	-5.000367	-95.104286	-9.102246	2.657215	-0.075214	1.010682	0	0	0	0	0	0
38880686789	2071.398438	-92.699219	9.398438	101.898438	-2100.199219	-127.900391	-1.591924	-101.146812	-10.061571	3.037017	-0.128841	0.120598	0	0	0	0	0	0
39038020338	2362.101562	32.699219	-79.400391	233.300781	-2334.400391	-27.300781	-3.739260	-115.230286	-13.241912	2.966752	-0.510232	1.148082	0	0	0	0	0	0
39202777401	2475.000000	77.699219	-215.599609	283.898438	-2331.900391	-35.500000	-8.154846	-121.067123	-16.209822	2.580820	-0.872079	1.469349	0	0	0	0	0	0
39394515875	2720.300781	172.898438	-316.400391	377.398438	-2478.500000	10.101562	-12.103207	-132.984787	-16.498703	2.484626	-1.043591	2.159658	0	0	0	0	0	0
39547449143	2746.601562	183.199219	-331.500000	390.000000	-2502.900391	11.601562	-12.506862	-134.187271	-17.443203	2.371481	-1.188257	2.281377	0	0	0	0	0	0
39734996293	2819.300781	181.398438	-376.699219	376.898438	-2523.500000	5.699219	-13.830157	-136.925186	-17.521843	2.389081	-1.260109	2.180198	0	0	0	0	0	0
39914733888	2812.800781	180.199219	-397.900391	381.699219	-2504.800781	-10.099609	-14.201828	-137.168869	-17.601377	2.320358	-1.372730	2.154574	0	0	0	0	0	0
40068765360	2780.000000	165.300781	-387.800781	373.699219	-2461.500000	2.398438	-13.839797	-135.081543	-17.135275	2.223425	-1.434408	1.997172	0	0	0	0	0	0
40253351852	2772.199219	170.800781	-397.800781	370.500000	-2465.199219	-2.300781	-14.055540	-134.714447	-16.334423	2.205746	-1.454198	2.024185	0	0	0	0	0	0
40437598610	2743.500000	157.699219	-403.400391	350.898438	-2429.599609	-24.400391	-14.131183	-133.741287	-17.280695	2.128007	-1.497121	1.924160	0	0	0	0	0	0
40589919771	2717.699219	153.000000	-415.300781	351.800781	-2385.800781	-25.599609	-14.200550	-132.002869	-16.677423	2.080429	-1.494463	1.876581	0	0	0	0	0	0
40769392635	2630.000000	125.300781	-358.300781	317.199219	-2340.400391	-33.699219	-12.120576	-127.966324	-16.531939	2.063659	-1.392882	1.599080	0	0	0	0	0	0
40950331903	2602.601562	117.199219	-345.800781	307.199219	-2333.800781	-41.900391	-11.635867	-127.322342	-15.580321	2.051320	-1.364426	1.511414	0	0	0	0	0	0
41112042999	2591.898438	103.101562	-343.000000	302.199219	-2324.800781	-38.300781	-11.570205	-126.867043	-15.845216	2.039180	-1.358294	1.437939	0	0	0	0	0	0
41293006811	2558.199219	98.199219	-335.300781	289.898438	-2293.500000	-46.900391	-11.124783	-125.383667	-16.044317	1.996211	-1.350246	1.442411	0	0	0	0	0	0
41468857451	2504.300781	99.699219	-323.699219	288.101562	-2243.300781	-46.000000	-10.703211	-122.883080	-16.482565	1.924730	-1.353753	1.403706	0	0	0	0	0	0
41639594357	2512.199219	111.000000	-343.400391	295.101562	-2244.500000	-52.099609	-11.340930	-123.147659	-16.335978	1.891150	-1.405912	1.501122	0	0	0	0	0	0
41799418138	2506.500000	126.800781	-349.699219	323.699219	-2224.699219	-20.400391	-11.261266	-122.929817	-15.989734	1.826554	-1.452173	1.657359	0	0	0	0	0	0
41967686400	2489.300781	122.300781	-321.699219	319.398438	-2233.800781	-13.599609	-10.200961	-122.753677	-15.111391	1.822385	-1.441810	1.648562	0	0	0	0	0	0
42127436913	2546.101562	128.601562	-341.699219	319.398438	-2276.699219	-14.300781	-10.685891	-124.940811	-15.037603	1.796504	-1.522493	1.717340	0	0	0	0	0	0
42316418432	2631.898438	136.300781	-366.500000	336.601562	-2344.000000	-28.500000	-11.652689	-128.775101	-15.704475	1.860681	-1.564002	1.756792	0	0	0	0	0	0
42461837066	2653.199219	138.199219	-367.500000	335.601562	-2354.500000	-23.900391	-11.861128	-129.991623	-16.251884	1.892394	-1.572695	1.798052	0	0	0	0	0	0
42647689753	2665.800781	133.199219	-378.800781	334.898438	-2360.500000	-27.800781	-12.177209	-130.383972	-16.058434	1.944207	-1.549834	1.717235	0	0	0	0	0	0
42835828317	2643.000000	116.398438	-385.300781	312.398438	-2346.900391	-40.800781	-12.538577	-129.576645	-16.489695	1.925448	-1.552398	1.595105	0	0	0	0	0	0
42989087251	2672.300781	130.800781	-395.199219	325.101562	-2349.300781	-43.599609	-13.092393	-130.386047	-16.329546	1.968118	-1.561367	1.634113	0	0	0	0	0	0
43164396406	2699.500000	123.101562	-372.500000	324.300781	-2394.500000	-37.300781	-12.208198	-131.776733	-16.599865	2.047025	-1.530437	1.618116	0	0	0	0	0	0
43336254976	2664.199219	125.199219	-385.699219	326.800781	-2360.199219	-34.099609	-12.646687	-129.642624	-16.657158	2.012993	-1.514143	1.713949	0	0	0	0	0	0
43513011345	2480.699219	266.300781	-494.699219	445.000000	-2058.500000	95.101562	-16.959934	-116.146828	-14.988803	1.656820	-1.573309	3.001247	0	0	0	0	0	0
43662338896	1166.398438	234.300781	-305.000000	314.000000	-880.400391	143.699219	-11.378837	-48.990238	-5.631644	0.835245	-0.713570	2.240132	0	0	0	0	0	0
43847589754	60.199219	-6.900391	28.300781	1.101562	-68.900391	-5.599609	-1.075488	-0.644652	2.000940	0.276898	0.123880	-0.091337	0	0	0	0	0	0
44034460930	-34.500000	-52.099609	106.000000	-38.599609	-44.500000	-34.400391	1.659410	2.048607	4.473317	0.192992	0.347781	-0.377817	0	0	0	0	0	0
44177169507	-256.699219	-6.400391	138.800781	-28.000000	163.101562	7.101562	0.166318	15.503325	8.666089	0.362699	0.808599	-0.145212	0	0	0	0	0	0
44351441745	-721.599609	48.601562	315.699219	-13.300781	448.800781	96.800781	4.096486	38.677898	10.276425	0.617552	1.624892	0.243676	0	0	0	0	0	0
44504738235	-1160.900391	81.101562	454.500000	-54.699219	778.300781	138.699219	6.278562	59.265495	16.016214	0.457270	2.271950	0.320050	0	0	0	0	0	0
44661293263	-1368.599609	115.199219	537.199219	-58.000000	922.199219	167.800781	7.405056	69.725006	18.694847	0.562608	2.660173	0.535914	0	0	0	0	0	0
44851883149	-1536.500000	148.398438	613.000000	-56.699219	1016.500000	207.800781	9.612748	76.708481	23.986639	0.516231	2.909927	0.731951	0	0	0	0	0	0
44998109936	-1553.500000	127.398438	646.199219	-73.400391	1015.699219	195.500000	10.614003	77.670235	25.043549	0.582069	2.924504	0.606858	0	0	0	0	0	0
45178313404	-1558.300781	107.101562	659.699219	-89.300781	1012.898438	185.101562	11.382726	78.000031	26.929420	0.625021	2.921225	0.445052	0	0	0	0	0	0
45364550746	-1635.400391	114.800781	703.398438	-100.400391	1061.300781	201.800781	12.548711	81.366577	28.813862	0.610992	3.007695	0.437421	0	0	0	0	0	0
45523425409	-1656.300781	85.000000	720.000000	-143.599609	1070.300781	163.199219	12.807344	81.999451	29.443190	0.620348	3.028557	0.176651	0	0	0	0	0	0
45670425414	-1634.699219	72.398438	709.000000	-148.599609	1059.199219	162.199219	13.003710	81.919724	29.608133	0.695211	3.033308	0.050084	0	0	0	0	0	0
45834025810	-1603.099609	52.398438	734.800781	-164.500000	1002.398438	139.101562	13.812390	80.303108	29.180996	0.839895	3.074384	-0.044605	0	0	0	0	0	0
46027428349	-1582.400391	43.601562	723.398438	-160.300781	995.601562	134.699219	13.316599	78.935341	29.236595	0.830489	3.072981	-0.112635	0	0	0	0	0	0
46181192971	-1580.400391	33.800781	724.398438	-167.699219	984.398438	125.101562	13.356790	78.352180	28.387300	0.848854	3.049754	-0.184742	0	0	0	0	0	0
46361995136	-1537.000000	14.398438	721.699219	-183.000000	941.000000	104.699219	13.549310	76.940689	28.083191	0.940081	3.068621	-0.320805	0	0	0	0	0	0
46561468547	-1518.300781	17.300781	723.101562	-170.400391	927.199219	107.398438	13.990719	75.975990	27.028948	0.941537	2.975240	-0.253040	0	0	0	0	0	0
46726526289	-1500.400391	6.500000	731.500000	-183.099609	906.699219	106.500000	14.484845	74.962914	27.229944	0.977581	2.972150	-0.347750	0	0	0	0	0	0
46901652812	-1495.500000	6.101562	724.500000	-175.800781	901.699219	104.000000	14.056714	74.619034	26.954687	0.977078	2.975932	-0.292280	0	0	0	0	0	0
47067613970	-1490.099609	-5.500000	724.101562	-181.099609	886.699219	102.898438	14.407621	74.393234	27.128435	1.041982	2.996337	-0.360463	0	0	0	0	0	0
47253049373	-1442.500000	-21.000000	713.699219	-189.699219	852.300781	85.800781	14.151845	72.305397	27.315899	1.082535	2.953108	-0.456868	0	0	0	0	0	0
47405916288	-1413.099609	-20.500000	693.898438	-183.000000	834.000000	79.199219	13.582745	70.628960	26.617376	1.070765	2.887316	-0.433816	0	0	0	0	0	0
47578681732	-1363.099609	-28.900391	689.800781	-186.500000	798.800781	69.898438	13.431654	68.274971	26.092707	1.114850	2.852487	-0.491394	0	0	0	0	0	0
47783416794	-1209.900391	-66.000000	662.800781	-193.400391	687.000000	34.601562	12.255309	61.705002	25.293098	1.253096	2.796814	-0.787900	0	0	0	0	0	0
47933948519	-1216.800781	-84.500000	691.800781	-206.500000	665.699219	31.898438	12.952634	61.461704	26.299488	1.299679	2.873282	-0.880809	0	0	0	0	0	0
48109613827	-1249.199219	-76.599609	674.199219	-199.599609	696.300781	42.101562	13.288193	62.865955	26.733984	1.268892	2.811150	-0.813359	0	0	0	0	0	0
48299660119	-1238.000000	-67.699219	661.800781	-191.400391	691.101562	29.500000	12.870273	62.392735	24.577488	1.227024	2.741574	-0.713007	0	0	0	0	0	0
48457471554	-1236.599609	-59.900391	658.898438	-188.199219	698.500000	40.101562	12.539309	62.615360	25.721556	1.197564	2.739265	-0.654587	0	0	0	0	0	0
48624179725	-1226.800781	-52.099609	651.300781	-183.500000	711.898438	55.601562	12.380562	62.594059	25.529076	1.205902	2.709689	-0.621412	0	0	0	0	0	0
48802593563	-1237.400391	-53.400391	652.398438	-183.400391	711.898438	50.800781	12.472783	62.872623	25.077244	1.205862	2.712238	-0.615516	0	0	0	0	0	0
48982550611	-1244.900391	-50.199219	667.898438	-182.400391	705.101562	52.000000	12.363612	62.965603	26.129681	1.262281	2.825966	-0.544865	0	0	0	0	0	0
49127740988	-1252.500000	-39.199219	665.398438	-180.400391	712.101562	63.800781	12.728502	63.633274	26.768312	1.247454	2.804563	-0.538745	0	0	0	0	0	0
49306151189	-1216.500000	-8.000000	643.398438	-143.699219	705.800781	84.101562	12.300682	62.078033	26.671188	1.129267	2.674739	-0.261761	0	0	0	0	0	0
49482010890	-1237.099609	-14.500000	654.601562	-152.500000	713.398438	89.500000	12.281119	62.893597	26.508425	1.170703	2.739073	-0.335572	0	0	0	0	0	0
49647616239	-1212.400391	-22.000000	632.601562	-160.300781	708.699219	75.699219	11.806579	61.607510	26.853579	1.157366	2.676329	-0.393850	0	0	0	0	0	0
49810896953	-1164.900391	-9.500000	604.800781	-140.500000	685.000000	74.601562	10.625066	59.382603	27.045387	1.127856	2.590814	-0.311526	0	0	0	0	0	0
49980222111	-1128.000000	-4.199219	585.898438	-131.000000	670.199219	81.500000	10.250242	58.226067	25.426702	1.097505	2.514693	-0.205366	0	0	0	0	0	0
50160619554	-936.900391	0.500000	454.500000	-119.699219	598.300781	59.000000	6.196345	48.770969	20.737989	0.875058	2.046247	-0.239250	0	0	0	0	0	0
50323597715	-207.099609	-20.199219	12.500000	-57.599609	240.101562	-35.400391	-3.530696	13.087002	7.104557	0.061228	0.322555	-0.334481	0	0	0	0	0	0
50482557098	6.000000	-9.199219	10.101562	-5.599609	0.300781	-1.400391	-1.462871	1.188675	0.603850	0.112710	0.017602	0.061916	0	0	0	0	0	0
50661657185	-74.400391	45.000000	-59.699219	38.199219	168.300781	28.398438	-3.454734	5.399425	3.494784	-0.305734	-0.144944	0.492202	0	0	0	0	0	0
50850806180	170.199219	57.101562	-581.000000	49.000000	56.699219	-7.599609	-7.824619	-6.551529	-65.348137	-0.689726	-2.673059	0.321877	0	0	0	0	0	0
50992953628	376.800781	61.300781	-844.099609	74.398438	-204.500000	-15.900391	-9.083757	-16.197584	-121.319847	-0.081903	-3.714105	0.553082	0	0	0	0	0	0
51168319037	454.601562	202.398438	-855.000000	238.000000	-474.900391	166.500000	-3.723423	-22.669981	-156.846649	0.570487	-4.057533	2.066653	0	0	0	0	0	0
51334829282	523.000000	184.000000	-864.199219	226.601562	-566.699219	154.800781	-4.933011	-26.578304	-162.490311	0.563168	-3.983109	1.830581	0	0	0	0	0	0
51519600715	345.199219	65.199219	-810.599609	90.398438	-386.900391	17.398438	-5.091836	-18.455523	-153.629471	0.119171	-3.651191	0.722458	0	0	0	0	0	0
51672578751	237.398438	-12.500000	-735.000000	30.601562	-354.900391	-20.699219	-2.876721	-15.306477	-151.808502	0.064128	-3.460294	0.072421	0	0	0	0	0	0
51860980874	257.800781	-49.400391	-764.099609	-19.000000	-343.699219	-76.800781	-3.846067	-14.550218	-153.552963	0.207893	-3.518913	-0.296374	0	0	0	0	0	0
52045310661	342.101562	0.699219	-817.000000	33.398438	-367.500000	-34.000000	-5.792405	-15.832819	-153.639267	0.565391	-3.608500	0.121473	0	0	0	0	0	0
52193915467	440.601562	44.800781	-874.300781	79.300781	-447.000000	-3.199219	-7.475012	-19.138992	-158.877777	0.938350	-3.693000	0.584175	0	0	0	0	0	0
52380630822	528.300781	146.500000	-1038.900391	166.300781	-475.500000	70.300781	-9.259984	-21.748079	-177.593079	0.962618	-4.480013	1.391688	0	0	0	0	0	0
52542584558	451.500000	73.398438	-1047.400391	94.000000	-349.699219	-1.300781	-9.016292	-19.646202	-171.424835	0.300881	-4.677871	0.627659	0	0	0	0	0	0
52710938154	419.000000	59.898438	-1066.400391	86.101562	-291.699219	-5.199219	-7.885218	-19.294661	-166.586288	-0.052373	-5.082445	0.525091	0	0	0	0	0	0
52863500272	465.800781	52.699219	-1081.199219	76.699219	-311.300781	-16.800781	-7.844025	-20.858992	-167.408920	0.039629	-5.201216	0.499465	0	0	0	0	0	0
53016141617	477.199219	71.699219	-1054.300781	98.500000	-362.800781	2.300781	-6.843280	-21.281992	-168.956635	0.207691	-5.137667	0.741833	0	0	0	0	0	0
53179934244	526.300781	80.199219	-1049.099609	113.300781	-414.599609	7.601562	-7.263348	-23.295000	-169.907654	0.435838	-5.089027	0.827293	0	0	0	0	0	0
53363790372	539.800781	101.898438	-1040.400391	136.300781	-419.599609	35.000000	-6.644733	-23.491400	-167.340836	0.417755	-5.142168	1.031544	0	0	0	0	0	0
53505298858	555.199219	117.398438	-1057.400391	150.199219	-421.599609	48.398438	-7.253434	-24.000385	-167.911102	0.437174	-5.160445	1.133884	0	0	0	0	0	0
53669706957	587.199219	122.300781	-1099.800781	157.898438	-429.199219	45.101562	-7.958837	-25.564276	-167.935211	0.391446	-5.304868	1.149245	0	0	0	0	0	0
53857314154	495.199219	92.300781	-1009.099609	124.101562	-396.000000	27.699219	-6.266966	-23.004717	-165.197891	0.124634	-4.988729	0.972306	0	0	0	0	0	0
54023705398	429.500000	103.500000	-1013.099609	130.000000	-330.900391	36.000000	-6.313699	-21.609629	-163.166733	-0.231324	-4.934089	0.967952	0	0	0	0	0	0
54165686489	441.101562	98.699219	-1006.900391	136.500000	-348.500000	39.800781	-6.597873	-21.801916	-165.176529	-0.091369	-4.778962	0.971910	0	0	0	0	0	0
54342036462	456.398438	79.898438	-957.300781	124.101562	-437.099609	30.500000	-6.520708	-22.667368	-169.113220	0.231995	-4.435860	0.940666	0	0	0	0	0	0
54514886666	424.699219	75.101562	-926.199219	114.398438	-403.300781	19.898438	-5.851599	-21.633171	-163.035141	0.073253	-4.344206	0.824219	0	0	0	0	0	0
54673097280	377.000000	55.199219	-898.400391	102.800781	-348.300781	9.601562	-4.938308	-19.879719	-155.899246	-0.147087	-4.393709	0.651169	0	0	0	0	0	0
54843321992	255.199219	39.800781	-809.000000	80.199219	-244.900391	12.398438	-3.430837	-15.206770	-142.783844	-0.435584	-4.054185	0.504113	0	0	0	0	0	0
55005018318	37.398438	3.601562	-315.500000	2.898438	-29.800781	-30.099609	-3.849950	-2.281284	-52.962128	-0.415836	-1.126014	-0.135192	0	0	0	0	0	0
55176525027	-225.800781	-87.800781	166.199219	-116.000000	402.800781	-104.900391	-1.189857	11.901341	62.802357	-1.241746	0.351411	-1.061002	0	0	0	0	0	0
55336103430	-265.300781	-197.300781	390.398438	-202.699219	425.601562	-184.900391	2.443697	13.549302	98.061295	-1.163762	1.001843	-1.836192	0	0	0	0	0	0
55483416361	-326.500000	-193.099609	470.199219	-198.099609	451.800781	-143.599609	4.570255	15.656874	103.225311	-1.200702	1.098456	-1.733756	0	0	0	0	0	0
55646858813	-292.599609	-188.800781	370.601562	-207.199219	542.199219	-176.199219	3.282937	15.637762	107.531570	-1.485024	0.444175	-1.876337	0	0	0	0	0	0
55830462747	-205.099609	-168.300781	212.000000	-199.900391	609.000000	-191.900391	0.074410	13.825722	111.053749	-1.611522	-0.254690	-1.786110	0	0	0	0	0	0
55976351609	-44.099609	-124.000000	34.101562	-175.599609	606.898438	-189.500000	-4.398880	10.547420	105.546936	-1.391487	-0.974884	-1.504549	0	0	0	0	0	0
56140760501	-119.400391	-142.500000	85.398438	-193.099609	622.699219	-196.599609	-2.228282	13.248530	105.097641	-1.549025	-0.895020	-1.643431	0	0	0	0	0	0
56301731880	-163.900391	-141.000000	134.699219	-192.300781	651.699219	-194.000000	-1.923371	14.498974	107.741257	-1.594168	-0.655068	-1.689056	0	0	0	0	0	0
56479736935	-94.099609	-143.800781	65.199219	-192.199219	663.000000	-207.400391	-3.602488	13.133727	110.176971	-1.577189	-0.970251	-1.681035	0	0	0	0	0	0
56617395520	-40.400391	-129.400391	3.101562	-184.199219	645.000000	-209.699219	-3.938057	11.700698	108.329880	-1.516945	-1.209149	-1.640509	0	0	0	0	0	0
56788939912	-44.500000	-139.599609	30.000000	-189.099609	630.898438	-209.500000	-3.687447	11.536701	107.828651	-1.476009	-1.145447	-1.712462	0	0	0	0	0	0
56961429356	-72.699219	-138.699219	10.199219	-194.099609	680.500000	-210.199219	-4.118866	13.091731	109.133423	-1.619554	-1.224072	-1.721108	0	0	0	0	0	0
57130793477	-41.599609	-131.900391	-29.000000	-194.300781	701.000000	-218.099609	-4.891978	12.745747	113.501266	-1.643859	-1.390675	-1.685527	0	0	0	0	0	0
57279300200	-27.199219	-135.000000	1.898438	-192.400391	684.601562	-221.699219	-4.667596	11.610030	112.924438	-1.590972	-1.385349	-1.682133	0	0	0	0	0	0
57460211133	16.500000	-123.699219	2.000000	-182.599609	628.699219	-207.300781	-4.263072	10.149287	112.841698	-1.365549	-1.329107	-1.615450	0	0	0	0	0	0
57616484305	69.800781	-124.400391	-13.000000	-172.000000	580.101562	-197.199219	-4.681935	8.699473	110.948898	-1.150691	-1.379717	-1.508277	0	0	0	0	0	0
57795879914	-46.599609	-137.900391	84.398438	-184.000000	612.699219	-198.699219	-2.051053	11.252522	114.768860	-1.340900	-1.075945	-1.614595	0	0	0	0	0	0
57946459819	107.800781	-127.500000	-26.000000	-174.000000	574.101562	-202.400391	-4.457387	7.615635	112.344147	-1.098350	-1.570356	-1.592284	0	0	0	0	0	0
58125611780	91.800781	-119.900391	-22.000000	-164.599609	578.699219	-188.099609	-4.498896	8.075166	111.036057	-1.079510	-1.568183	-1.457740	0	0	0	0	0	0
58321369686	165.601562	-101.400391	-50.900391	-142.199219	506.101562	-182.099609	-4.986054	5.523913	107.033913	-0.806248	-1.596605	-1.274465	0	0	0	0	0	0
58470943008	109.300781	-128.699219	3.398438	-167.800781	508.500000	-192.000000	-3.461072	7.284184	110.384308	-0.829102	-1.347302	-1.504908	0	0	0	0	0	0
58650071673	160.500000	-92.000000	-26.800781	-136.199219	475.300781	-167.699219	-5.601199	5.616412	105.522614	-0.529654	-1.162276	-1.251073	0	0	0	0	0	0
58852909644	20.898438	-80.900391	45.898438	-121.300781	490.601562	-133.199219	-2.641111	8.932370	97.937607	-0.863837	-0.975918	-1.026437	0	0	0	0	0	0
58999504818	85.898438	-49.300781	-6.900391	-82.199219	435.601562	-116.199219	-3.698474	5.841215	88.325127	-0.725267	-1.183375	-0.689223	0	0	0	0	0	0
59149914174	270.000000	-26.000000	-118.800781	-41.800781	106.101562	-83.000000	-6.744439	-1.226984	43.261112	0.503994	-0.743394	-0.302484	0	0	0	0	0	0
59303424411	154.800781	-20.800781	-101.599609	-18.500000	-17.800781	-36.599609	-4.000323	-1.955578	2.850737	0.378315	-0.376965	-0.191443	0	0	0	0	0	0
59479912342	8.199219	-14.400391	-10.699219	-14.400391	15.500000	-17.300781	-1.891361	1.489962	-0.047482	0.083065	-0.014534	-0.039227	0	0	0	0	0	0
59631256743	-7.800781	-17.500000	11.199219	-0.199219	0.898438	-2.900391	-0.867773	1.443766	1.713901	0.077435	0.052072	0.008671	0	0	0	0	0	0
59769244433	-6.900391	-19.500000	16.800781	-4.900391	-7.500000	-5.000000	-0.008921	0.672294	0.585525	-0.026833	-0.071350	-0.015039	0	0	0	0	0	0
59938569931	-65.900391	-65.699219	190.898438	-23.000000	-106.800781	-9.599609	7.330509	-0.168312	0.735527	0.053550	0.189688	-0.202189	0	0	0	0	0	0
60093445897	-363.800781	-186.199219	902.898438	-21.699219	-485.199219	110.101562	38.124001	-2.522271	6.663074	0.068475	0.972577	-0.224670	0	0	0	0	0	0
60279429821	-756.699219	-266.699219	1689.300781	20.601562	-854.500000	285.699219	71.462708	-2.831304	9.264141	0.015195	1.757311	0.137377	0	0	0	0	0	0
60428901494	-859.400391	-306.900391	1867.601562	1.601562	-939.800781	324.699219	79.519661	-2.959089	11.669231	-0.043815	1.958061	0.034178	0	0	0	0	0	0
60595030207	-918.199219	-339.099609	2007.199219	4.800781	-1014.099609	333.000000	85.091438	-3.163346	10.921256	-0.029857	2.137648	-0.010336	0	0	0	0	0	0
60786867309	-925.400391	-334.599609	2008.699219	12.601562	-1008.900391	342.601562	85.229347	-2.938698	9.784864	-0.023463	2.086828	0.032632	0	0	0	0	0	0
60963216680	-917.000000	-311.099609	2016.398438	28.300781	-1032.800781	365.601562	86.121536	-3.739777	9.353715	-0.043478	2.086377	0.231017	0	0	0	0	0	0
61111346722	-924.599609	-312.199219	2032.398438	35.800781	-1049.300781	363.699219	87.293823	-4.344359	9.906252	-0.094480	2.073261	0.276963	0	0	0	0	0	0
61292058982	-967.500000	-312.000000	2063.300781	30.699219	-1036.500000	379.199219	88.887924	-3.207146	10.281490	-0.156442	2.085766	0.295308	0	0	0	0	0	0
61481370864	-959.900391	-326.500000	2047.800781	13.101562	-1025.800781	356.101562	87.793724	-2.835304	9.544092	-0.139268	2.074013	0.119684	0	0	0	0	0	0
61622547667	-941.599609	-336.699219	2008.300781	-2.000000	-995.300781	338.300781	85.018745	-2.835315	9.839918	-0.112111	2.051265	0.001975	0	0	0	0	0	0
61789243315	-929.199219	-332.300781	1973.000000	6.199219	-991.300781	334.800781	84.558823	-2.709422	10.191476	-0.142729	2.002919	0.013572	0	0	0	0	0	0
61946964830	-929.199219	-334.199219	1953.000000	-1.500000	-961.400391	309.500000	83.831764	-2.418162	8.682413	-0.175804	1.936552	-0.093684	0	0	0	0	0	0
62125343505	-905.599609	-361.099609	1971.000000	-19.699219	-1009.199219	303.398438	84.603279	-4.175476	8.964939	-0.147726	1.968609	-0.259793	0	0	0	0	0	0
62277384545	-902.199219	-372.500000	1983.199219	-51.500000	-1009.699219	282.101562	84.639008	-3.884313	9.617619	-0.118053	2.028183	-0.370506	0	0	0	0	0	0
62470202873	-916.900391	-375.000000	1981.000000	-32.000000	-1013.000000	293.500000	84.419296	-3.373504	10.237714	-0.094212	2.067873	-0.348141	0	0	0	0	0	0
62653645920	-893.800781	-377.500000	1974.199219	-39.800781	-1020.599609	279.500000	83.777702	-4.276088	9.102532	-0.050141	2.087608	-0.389348	0	0	0	0	0	0
62803592733	-888.199219	-374.599609	1983.601562	-44.699219	-1032.699219	281.800781	84.095261	-4.776964	8.827703	-0.049234	2.079645	-0.348522	0	0	0	0	0	0
62955139263	-885.400391	-378.500000	1991.898438	-39.400391	-1044.599609	279.699219	84.398033	-4.746644	9.217669	-0.003470	2.158445	-0.388471	0	0	0	0	0	0
63147993595	-874.599609	-375.800781	1951.898438	-40.099609	-1015.300781	279.800781	82.604927	-4.347255	8.989436	-0.002667	2.092358	-0.443779	0	0	0	0	0	0
63324288034	-821.900391	-358.699219	1844.601562	-32.300781	-976.800781	265.000000	78.537476	-4.518125	7.719103	-0.020105	1.936968	-0.375784	0	0	0	0	0	0
63472155104	-743.300781	-349.000000	1697.500000	-44.699219	-918.900391	218.300781	71.467133	-5.020116	6.808648	0.019592	1.781743	-0.484134	0	0	0	0	0	0
63631222750	-402.400391	-195.400391	833.800781	-45.099609	-405.400391	88.199219	32.674091	0.325341	3.492759	0.000394	0.896865	-0.415576	0	0	0	0	0	0
63805605111	-65.000000	-43.500000	-3.099609	-39.300781	68.000000	-38.000000	-3.422376	2.773173	0.529707	-0.239755	-0.318027	-0.212053	0	0	0	0	0	0
63990990444	314.199219	40.101562	-692.000000	-55.800781	383.800781	-174.900391	-30.782848	1.096369	2.503848	-0.263554	-0.998600	-0.472008	0	0	0	0	0	0
64129242807	519.300781	182.398438	-1210.300781	-5.099609	692.101562	-197.199219	-52.267620	3.957836	3.438044	-0.401820	-1.583286	-0.045322	0	0	0	0	0	0
64297072345	643.000000	247.601562	-1602.099609	-11.800781	954.601562	-263.199219	-67.948845	6.543920	2.641055	-0.736013	-2.224914	-0.020800	0	0	0	0	0	0
64484752263	779.000000	320.000000	-1938.699219	2.300781	1145.800781	-272.599609	-81.472412	7.112847	-1.100969	-0.961881	-2.700135	0.190344	0	0	0	0	0	0
64652157856	922.199219	353.601562	-2188.699219	8.000000	1238.699219	-320.099609	-91.531525	5.578216	-0.977439	-1.024841	-3.041621	0.142856	0	0	0	0	0	0
64798037558	951.601562	370.500000	-2281.099609	5.699219	1302.601562	-333.900391	-94.689224	6.079452	-0.930937	-1.033496	-3.154466	0.174045	0	0	0	0	0	0
64981634641	1029.500000	391.300781	-2357.800781	14.101562	1310.500000	-328.300781	-98.384155	4.353086	-1.638262	-1.077700	-3.309210	0.277356	0	0	0	0	0	0
65174876351	1054.101562	410.199219	-2435.400391	18.199219	1350.898438	-335.199219	-101.153259	4.716520	-2.698271	-1.117576	-3.408160	0.318314	0	0	0	0	0	0
65314528655	1041.000000	423.199219	-2445.699219	37.300781	1364.000000	-331.199219	-101.162781	5.298954	-2.692883	-1.147298	-3.431867	0.456123	0	0	0	0	0	0
65480745902	1046.199219	421.601562	-2377.000000	51.601562	1304.699219	-299.400391	-98.338455	3.778029	-4.138497	-1.116888	-3.395110	0.556777	0	0	0	0	0	0
65659826737	1067.898438	479.898438	-2338.199219	124.000000	1233.300781	-247.500000	-96.686371	1.079496	-5.529974	-1.069867	-3.361318	1.115286	0	0	0	0	0	0
65830189346	1149.898438	445.699219	-2418.099609	88.800781	1240.699219	-288.099609	-99.690536	-1.315223	0.282236	-1.093802	-3.559205	0.810356	0	0	0	0	0	0
65982723339	1264.000000	507.800781	-2541.000000	137.300781	1247.500000	-269.699219	-103.780861	-4.757985	-1.823291	-1.204856	-3.844420	1.206713	0	0	0	0	0	0
66139599649	1057.898438	458.199219	-2261.099609	122.199219	1183.898438	-231.900391	-91.233276	-0.758614	-1.467458	-1.254020	-3.508049	1.024203	0	0	0	0	0	0
66321295782	742.000000	317.101562	-1648.000000	50.800781	915.398438	-199.099609	-68.046402	1.584449	2.987094	-0.920460	-2.578766	0.587619	0	0	0	0	0	0
66495016829	673.300781	622.601562	-1281.400391	448.300781	538.101562	229.898438	-49.777370	-8.599689	-7.743116	-1.045665	-2.286353	4.150341	0	0	0	0	0	0
66632267123	716.398438	807.300781	-1036.900391	696.398438	198.101562	499.000000	-38.543293	-19.215954	-13.895574	-0.951147	-2.027055	6.235914	0	0	0	0	0	0
66799705484	768.300781	890.199219	-799.300781	826.800781	-108.800781	652.300781	-28.133169	-28.361864	-16.605494	-0.764322	-1.686710	7.434529	0	0	0	0	0	0
66984358520	870.898438	1050.300781	-757.000000	1015.300781	-272.300781	832.500000	-25.062237	-36.276497	-19.039944	-0.854262	-1.911080	9.090471	0	0	0	0	0	0
67153157144	906.199219	1132.300781	-743.099609	1105.898438	-334.800781	913.000000	-23.784847	-39.064823	-20.343019	-0.890153	-1.977750	9.903043	0	0	0	0	0	0
67297899347	918.898438	1197.199219	-749.599609	1177.898438	-346.199219	987.898438	-23.497871	-40.023270	-22.321520	-0.951541	-2.053208	10.432032	0	0	0	0	0	0
67472665791	927.398438	1210.101562	-766.400391	1186.800781	-371.000000	996.699219	-23.468063	-40.932426	-22.495638	-0.978079	-2.099010	10.592516	0	0	0	0	0	0
67665171804	879.101562	1297.398438	-708.800781	1272.800781	-366.699219	1107.500000	-21.059303	-40.536976	-22.317856	-1.096623	-2.144242	11.412004	0	0	0	0	0	0
67809871154	883.398438	1308.699219	-729.199219	1293.699219	-361.599609	1119.500000	-21.222332	-40.304665	-22.234566	-1.142271	-2.204384	11.506170	0	0	0	0	0	0
67967634554	817.898438	1271.300781	-677.400391	1250.398438	-347.500000	1104.101562	-18.835194	-37.835209	-22.014776	-1.141940	-2.120338	11.127228	0	0	0	0	0	0
68147715516	424.500000	634.101562	-249.199219	645.699219	-286.099609	575.300781	-6.389548	-21.570545	-13.245394	-0.397152	-0.917569	5.420346	0	0	0	0	0	0
68312178917	321.699219	96.898438	-61.300781	135.800781	-306.800781	93.398438	-1.790783	-15.633092	-8.299391	0.272579	-0.272442	0.946438	0	0	0	0	0	0
68477810756	71.398438	-264.599609	258.601562	-181.900391	-336.199219	-159.000000	9.551505	-8.762175	-6.098930	0.534051	0.293130	-1.832483	0	0	0	0	0	0
68622019158	7.699219	-395.699219	344.101562	-301.300781	-356.500000	-270.400391	13.056359	-6.079079	-5.413066	0.671235	0.470796	-3.004108	0	0	0	0	0	0
68796449555	-69.800781	-486.000000	450.800781	-376.400391	-376.699219	-335.199219	17.228647	-4.260846	-6.273599	0.687278	0.591238	-3.644820	0	0	0	0	0	0
68982056913	-141.599609	-557.000000	470.500000	-448.000000	-328.900391	-380.300781	19.519005	-1.819470	-6.315215	0.588272	0.452365	-4.250633	0	0	0	0	0	0
69119932154	-169.099609	-590.500000	488.898438	-466.800781	-307.000000	-415.900391	20.469444	-0.576885	-7.247690	0.523109	0.370710	-4.504837	0	0	0	0	0	0
69282355472	-207.900391	-631.900391	497.800781	-514.500000	-282.500000	-442.199219	21.375494	0.842729	-7.218488	0.464246	0.316258	-4.884774	0	0	0	0	0	0
69455959008	-263.599609	-686.599609	507.500000	-569.000000	-241.699219	-491.699219	22.225170	3.323243	-7.323898	0.406230	0.287735	-5.349850	0	0	0	0	0	0
69628435785	-357.300781	-754.599609	555.398438	-633.000000	-187.300781	-533.199219	24.500685	7.009475	-6.458747	0.354675	0.294408	-5.942832	0	0	0	0	0	0
69765750271	-376.300781	-765.500000	553.101562	-654.599609	-169.900391	-558.599609	24.624050	8.211795	-6.628106	0.320404	0.284960	-6.097729	0	0	0	0	0	0
69935711884	-438.699219	-816.599609	606.000000	-693.599609	-137.300781	-588.099609	26.623140	10.708364	-6.598843	0.307207	0.330498	-6.452832	0	0	0	0	0	0
70115620537	-457.699219	-830.800781	589.500000	-708.400391	-118.300781	-606.000000	26.863039	11.512354	-6.600958	0.269933	0.305804	-6.601844	0	0	0	0	0	0
70289562655	-478.400391	-876.599609	609.398438	-748.300781	-111.400391	-643.400391	26.701019	12.187450	-6.219489	0.280356	0.343220	-6.971045	0	0	0	0	0	0
70433479799	-478.099609	-870.800781	611.699219	-748.900391	-107.400391	-634.500000	26.625568	12.240430	-6.459969	0.294531	0.399055	-6.941172	0	0	0	0	0	0
70605119090	-517.599609	-890.599609	614.500000	-764.699219	-73.400391	-648.699219	27.179783	13.894763	-6.308222	0.224934	0.387244	-7.126393	0	0	0	0	0	0
70779168951	-494.300781	-941.599609	606.300781	-825.400391	-75.000000	-718.300781	25.696476	13.858095	-6.274283	0.317839	0.464216	-7.628578	0	0	0	0	0	0
70962606401	-118.199219	-501.500000	350.199219	-404.900391	-228.800781	-361.699219	15.462439	-2.454495	-6.484684	0.162570	0.128263	-3.591738	0	0	0	0	0	0
71107457949	306.500000	-196.300781	93.800781	-109.699219	-448.599609	-136.300781	4.521659	-18.481081	-10.062243	0.532814	0.027747	-1.066588	0	0	0	0	0	0
71263902694	903.601562	42.398438	-135.500000	135.699219	-828.000000	19.101562	-5.588320	-44.642120	-13.150695	0.813787	-0.203530	1.034240	0	0	0	0	0	0
71427482317	1543.300781	241.000000	-390.199219	363.300781	-1256.699219	134.800781	-14.703070	-74.415947	-18.273832	0.865367	-0.734184	2.739019	0	0	0	0	0	0
71614484760	1930.601562	430.500000	-550.699219	568.800781	-1511.099609	257.398438	-18.121494	-93.841461	-20.507629	0.606550	-1.459047	4.416462	0	0	0	0	0	0
71772460324	2215.199219	505.398438	-622.800781	665.800781	-1708.199219	322.101562	-19.408440	-108.048508	-19.123951	0.448418	-1.960417	5.104680	0	0	0	0	0	0
71930565778	2407.300781	584.898438	-692.800781	754.000000	-1834.199219	376.398438	-21.379456	-117.254814	-18.393854	0.406496	-2.241320	5.798461	0	0	0	0	0	0
72102463516	2637.300781	687.199219	-772.900391	860.898438	-2001.900391	440.500000	-23.691233	-128.855301	-20.085960	0.412356	-2.560812	6.585960	0	0	0	0	0	0
72280626847	2623.500000	764.601562	-805.000000	920.000000	-1963.500000	507.000000	-24.810921	-126.805283	-21.276680	0.376506	-2.553689	7.116205	0	0	0	0	0	0
72418881452	2267.898438	682.500000	-710.599609	815.500000	-1693.800781	458.199219	-21.668123	-108.879654	-21.147230	0.271435	-2.239378	6.363122	0	0	0	0	0	0
72586818766	655.500000	169.000000	-162.300781	228.398438	-520.300781	133.699219	-5.733771	-28.666309	-5.003877	0.252203	-0.367866	1.573441	0	0	0	0	0	0
72744514403	1.800781	7.500000	9.699219	13.300781	-4.500000	0.800781	-0.857490	1.006914	0.670245	0.072297	0.028590	0.032451	0	0	0	0	0	0
72932537981	-7.400391	-0.300781	7.000000	1.800781	-1.900391	-1.099609	-0.715043	1.407494	0.274495	0.066438	0.028101	0.024568	0	0	0	0	0	0
73083546830	2.199219	8.300781	9.000000	10.101562	-2.599609	1.000000	-0.846708	1.315262	0.654032	0.071781	0.028562	0.021309	0	0	0	0	0	0
73260065419	-4.000000	5.000000	10.500000	1.300781	0.898438	-4.199219	-0.807600	1.425525	0.570862	0.071248	0.033395	0.018786	0	0	0	0	0	0
73431944220	-2.099609	-2.699219	6.500000	4.800781	-2.699219	-5.500000	-0.813406	1.400478	0.796999	0.073726	0.037742	0.016562	0	0	0	0	0	0
73607774058	-2.099609	3.898438	12.300781	7.699219	-0.900391	-2.400391	-0.852863	1.360106	1.804871	0.069449	0.032835	0.008928	0	0	0	0	0	0
73755359377	-4.000000	-3.000000	6.398438	0.898438	-0.199219	-6.199219	-0.877872	1.499370	0.528443	0.069854	0.034280	0.015954	0	0	0	0	0	0
73912132573	-3.500000	-1.099609	4.800781	6.699219	-0.800781	1.500000	-0.793644	1.401272	0.878823	0.069776	0.036903	0.016648	0	0	0	0	0	0
74096707354	-4.599609	-5.300781	14.398438	0.500000	-2.099609	-0.599609	-0.713455	1.414684	-0.512901	0.066555	0.033388	0.024529	0	0	0	0	0	0
74275827009	-2.400391	-1.500000	2.398438	7.898438	0.398438	-9.300781	-0.779484	1.368941	0.756022	0.068867	0.035811	0.014348	0	0	0	0	0	0
74422566272	5.199219	3.101562	4.699219	7.300781	0.601562	6.398438	-0.760483	1.334923	0.721675	0.069260	0.033849	0.016753	0	0	0	0	0	0
74578319716	0.500000	-0.900391	9.898438	4.000000	2.601562	0.898438	-0.858204	1.375931	-0.428171	0.069679	0.032468	0.028115	0	0	0	0	0	0
74764119811	3.199219	-1.900391	4.398438	3.699219	2.699219	5.398438	-0.777527	1.350726	0.761250	0.067413	0.033619	0.016000	0	0	0	0	0	0
74960787727	2.398438	0.699219	8.398438	1.800781	1.398438	3.101562	-0.738294	1.381610	0.639790	0.071526	0.033330	0.015383	0	0	0	0	0	0
75126219634	-0.800781	2.000000	3.699219	4.199219	0.500000	5.000000	-0.790329	1.423471	1.676538	0.071177	0.036808	0.005000	0	0	0	0	0	0
75287282771	-1.099609	1.000000	9.800781	6.199219	0.898438	5.601562	-0.795681	1.401608	1.609357	0.065100	0.032190	0.007408	0	0	0	0	0	0
75471174539	-0.500000	-8.699219	-1.800781	-0.500000	0.300781	0.699219	-0.653374	1.516382	0.760754	0.070499	0.040272	0.016459	0	0	0	0	0	0
75656930633	-2.500000	-5.099609	5.500000	1.601562	3.398438	-1.800781	-0.802216	1.382956	-0.010273	0.068973	0.030260	0.021384	0	0	0	0	0	0
75819779266	-3.500000	-2.599609	10.500000	6.699219	1.898438	6.000000	-0.839665	1.373237	0.266878	0.069587	0.030055	0.022591	0	0	0	0	0	0
75976918148	-5.900391	-0.599609	13.101562	4.199219	-1.300781	-12.699219	-0.774424	1.436029	-0.234859	0.066717	0.030082	0.024914	0	0	0	0	0	0
76130636964	-5.800781	-3.900391	2.699219	2.000000	2.398438	2.101562	-0.820599	1.436898	0.876114	0.070064	0.039266	0.015472	0	0	0	0	0	0
76304341636	5.199219	2.699219	3.500000	3.898438	4.000000	4.898438	-0.686999	1.298525	0.759340	0.066969	0.033028	0.015841	0	0	0	0	0	0
76462675462	8.199219	4.898438	5.199219	6.199219	6.300781	8.800781	-0.826689	1.415225	0.801200	0.071157	0.031330	0.016111	0	0	0	0	0	0
76625491860	0.398438	-1.300781	1.101562	3.101562	0.601562	10.101562	-0.816814	1.383319	0.838554	0.069019	0.037460	0.016205	0	0	0	0	0	0
76762638783	1.199219	-2.400391	4.601562	4.898438	2.398438	8.199219	-0.730246	1.415871	0.767273	0.063855	0.028951	0.015962	0	0	0	0	0	0
76881632114	-0.500000	-2.199219	8.398438	5.398438	5.898438	5.199219	-0.841016	1.427590	0.916022	0.068691	0.037969	0.015109	0	0	0	0	0	0
76986943151	2.000000	-0.900391	6.199219	6.601562	2.300781	7.898438	-0.794678	1.387843	1.793794	0.071597	0.037896	0.005551	0	0	0	0	0	0
77091882288	-5.699219	-1.599609	4.101562	2.800781	-3.000000	-2.300781	-0.717606	1.417148	0.799612	0.071784	0.036006	0.016870	0	0	0	0	0	0
77198422494	2.300781	0.898438	8.601562	6.800781	2.699219	1.199219	-0.766599	1.444011	0.101508	0.069377	0.032173	0.018600	0	0	0	0	0	0
77318820287	2.500000	-1.099609	4.898438	5.300781	3.300781	3.601562	-0.849295	1.220704	-0.513898	0.064658	0.033326	0.025395	0	0	0	0	0	0
