1318583	4.199219	10.500000	5.500000	5.199219	2.199219	2.398438	-0.072626	0.043692	0.923570	-0.002309	0.000396	-0.009679	0	0	0	0	0	0
350647188	-3.000000	1.101562	-0.900391	2.601562	-1.699219	-3.400391	-0.114454	0.041844	0.731385	-0.000977	-0.000759	-0.007779	0	0	0	0	0	0
697647648	-1.900391	-1.500000	2.800781	1.300781	1.000000	-8.800781	-0.156084	0.102007	-0.345028	0.000843	-0.001094	0.001941	0	0	0	0	0	0
1049185068	4.101562	6.800781	3.601562	4.500000	-5.000000	-4.800781	-0.114687	0.141698	0.925254	0.000345	-0.002651	-0.010020	0	0	0	0	0	0
1397399209	2.601562	5.500000	4.398438	0.898438	-4.199219	-1.699219	-0.055559	0.151059	-0.391209	0.001057	-0.004638	-0.002029	0	0	0	0	0	0
1747148417	1.601562	2.000000	0.101562	-0.699219	-0.900391	-1.300781	-0.031562	0.149968	1.779363	-0.002900	0.004977	-0.013604	0	0	0	0	0	0
2094402596	-6.199219	0.000000	1.199219	-0.400391	-7.300781	-4.699219	-0.156786	0.063600	0.771231	0.001174	-0.000885	-0.007255	0	0	0	0	0	0
2442404271	-0.199219	2.000000	-0.900391	0.300781	-1.599609	2.199219	-0.091822	0.082086	0.999942	0.000652	0.006252	-0.009058	0	0	0	0	0	0
2792403727	0.800781	-1.000000	7.300781	3.898438	-2.900391	-2.199219	-0.057230	0.210931	0.885687	0.000168	0.001656	-0.010032	0	0	0	0	0	0
3139154569	0.300781	3.500000	0.898438	-0.199219	0.398438	0.000000	-0.076486	0.136513	0.809722	0.001682	0.005766	-0.006753	0	0	0	0	0	0
3489659685	4.699219	2.699219	4.398438	-3.300781	-4.900391	-5.300781	-0.109548	0.007864	0.728612	-0.001222	-0.000761	-0.008654	0	0	0	0	0	0
3836654605	-6.900391	4.300781	7.101562	1.601562	-2.500000	-2.900391	0.048712	0.240303	0.002762	0.001652	0.001728	-0.000700	0	0	0	0	0	0
4184903092	0.398438	5.500000	-0.199219	-0.800781	2.800781	0.699219	-0.059194	-0.005325	1.871874	0.002563	0.005258	-0.021172	0	0	0	0	0	0
4531906423	1.000000	-0.300781	4.199219	1.101562	-2.500000	-4.300781	-0.050392	0.191225	0.844174	0.003972	0.003024	-0.009269	0	0	0	0	0	0
4881903963	4.699219	6.500000	8.601562	1.699219	-3.099609	0.601562	-0.086760	0.095055	0.808667	0.000002	-0.002802	-0.008970	0	0	0	0	0	0
5231405132	3.699219	3.500000	4.300781	-1.199219	-4.699219	-0.699219	-0.036728	0.127275	0.846341	0.000897	0.002982	-0.008476	0	0	0	0	0	0
5578656043	-1.699219	-0.800781	3.101562	1.300781	-3.800781	0.500000	-0.067079	0.163574	0.498820	0.000504	-0.000010	-0.007181	0	0	0	0	0	0
5927656622	0.398438	9.101562	-0.099609	-5.699219	-3.400391	0.398438	-0.121954	0.064945	1.540760	-0.002076	0.007866	-0.013394	0	0	0	0	0	0
6277408643	-4.500000	7.699219	3.898438	-4.800781	-0.699219	2.300781	-0.106952	0.132743	0.310677	0.000327	-0.001174	-0.003612	0	0	0	0	0	0
6627406647	0.800781	4.101562	0.199219	-6.000000	0.000000	1.800781	0.023067	0.081676	1.919151	0.001780	0.003167	-0.019068	0	0	0	0	0	0
6974657381	-3.400391	0.898438	4.000000	3.398438	-5.599609	-0.800781	0.115921	0.166271	0.153828	0.001074	0.002014	-0.002333	0	0	0	0	0	0
7319658120	-0.199219	4.699219	5.898438	-2.500000	1.398438	3.199219	-0.074684	0.142904	0.767933	0.002359	0.003960	-0.008087	0	0	0	0	0	0
7670658413	-1.099609	-0.599609	0.699219	2.800781	-3.800781	-2.300781	-0.114723	-0.023638	0.770734	-0.001425	-0.000021	-0.006930	0	0	0	0	0	0
8017400020	-2.599609	5.398438	5.699219	-3.199219	-3.500000	2.000000	-0.045328	0.139946	-0.042942	0.000310	-0.003671	-0.004138	0	0	0	0	0	0
8369409526	2.898438	-1.400391	-2.400391	-4.599609	-7.800781	-2.699219	0.036986	-0.082338	-0.074851	0.042740	0.016941	-0.014938	0	0	0	0	0	0
8717409930	-44.000000	-3.099609	13.699219	1.898438	-13.699219	3.699219	0.289447	0.562964	-9.299846	-0.055557	0.080718	0.010768	0	0	0	0	0	0
9067160454	-9.699219	3.500000	-59.400391	6.300781	-42.699219	0.000000	-1.174058	-0.971468	-15.120296	0.004477	0.005390	0.024589	0	0	0	0	0	0
9415911369	-28.099609	12.398438	-59.599609	-4.599609	-7.500000	-5.199219	-1.644735	0.712704	-18.189487	-0.064959	-0.030764	0.004222	0	0	0	0	0	0
9764193960	-44.199219	10.199219	-73.400391	-5.000000	15.000000	2.699219	-1.892546	1.639765	-17.642729	-0.091897	-0.041629	-0.020146	0	0	0	0	0	0
10111161889	-46.599609	2.398438	-49.800781	-3.500000	-24.400391	-10.199219	-0.603428	0.921689	-19.003839	-0.018302	-0.003091	-0.022179	0	0	0	0	0	0
10454162363	-48.900391	6.800781	-94.500000	-8.300781	28.699219	-13.900391	-2.279731	1.952875	-18.657011	-0.148729	-0.079358	-0.030887	0	0	0	0	0	0
10797663647	-36.400391	-2.199219	-23.699219	-3.699219	-52.400391	1.898438	0.037808	-0.052227	-19.462158	-0.007351	0.051110	-0.005603	0	0	0	0	0	0
11146913891	-45.000000	-9.000000	-24.199219	1.699219	-47.099609	1.000000	0.238790	0.064997	-17.995716	-0.010685	0.053130	-0.018247	0	0	0	0	0	0
11497414615	-36.599609	-7.400391	-20.300781	-0.300781	-45.800781	3.500000	0.247660	-0.031560	-19.421007	-0.010560	0.060181	-0.003567	0	0	0	0	0	0
11843914060	-36.599609	-2.699219	-18.800781	-4.900391	-47.000000	9.101562	0.212627	0.044323	-18.526531	-0.011401	0.055159	-0.009592	0	0	0	0	0	0
12192644411	-45.400391	-5.099609	-21.800781	1.800781	-51.500000	-7.300781	0.265013	0.035104	-18.957600	-0.014803	0.052439	-0.010618	0	0	0	0	0	0
12540644751	-42.900391	0.500000	-17.699219	3.800781	-47.300781	4.898438	0.258890	0.012115	-19.036261	-0.013659	0.051043	-0.010325	0	0	0	0	0	0
12889666233	-46.400391	-8.400391	-26.400391	-8.699219	-50.099609	-2.400391	0.138989	0.078587	-18.958546	-0.008458	0.056455	-0.009154	0	0	0	0	0	0
13237652739	-43.699219	-1.800781	-19.699219	4.000000	-48.300781	2.601562	0.350747	-0.125360	-19.589737	-0.010655	0.059982	-0.007335	0	0	0	0	0	0
13583646327	-39.500000	-0.699219	-18.900391	-4.199219	-45.099609	7.898438	0.143922	0.002851	-18.962315	-0.008972	0.058646	-0.009614	0	0	0	0	0	0
13932647027	-45.599609	-5.699219	-18.900391	-2.199219	-48.900391	-3.699219	0.161797	0.100986	-18.838076	-0.012901	0.057400	-0.009404	0	0	0	0	0	0
14260180366	-41.900391	-4.500000	-22.300781	-4.000000	-43.300781	0.699219	0.147301	0.010246	-18.721195	-0.010899	0.057462	-0.008065	0	0	0	0	0	0
14590648581	-41.099609	-6.699219	-24.900391	3.398438	-47.000000	-7.400391	0.184099	0.012953	-18.920397	-0.011549	0.059103	-0.009166	0	0	0	0	0	0
14919399044	-44.500000	-4.800781	-23.300781	-2.300781	-43.300781	7.000000	0.250692	0.059738	-18.885378	-0.011927	0.060467	-0.011253	0	0	0	0	0	0
15250649430	-43.599609	-2.099609	-27.800781	0.398438	-50.699219	-6.800781	0.111088	-0.019758	-19.230436	-0.008535	0.048406	-0.008358	0	0	0	0	0	0
15590047007	-44.000000	-9.099609	-22.400391	-6.599609	-54.800781	-1.800781	0.239358	-0.133349	-18.729103	-0.011277	0.062353	-0.008659	0	0	0	0	0	0
15922149977	-36.699219	-2.000000	-25.800781	-2.000000	-52.500000	10.500000	0.168815	0.102445	-18.722948	-0.008347	0.054004	-0.009760	0	0	0	0	0	0
16270900027	-38.599609	-2.199219	-22.400391	-5.400391	-48.800781	-2.400391	0.176321	0.014190	-18.803185	-0.010226	0.059106	-0.009021	0	0	0	0	0	0
16616900969	-37.300781	-4.000000	-12.099609	-7.300781	-48.000000	3.699219	0.389053	-0.012596	-19.305365	-0.009268	0.056990	-0.004474	0	0	0	0	0	0
16965901424	-41.500000	-4.099609	-24.000000	-4.800781	-48.900391	6.300781	0.385801	0.082279	-17.919083	-0.011306	0.056818	-0.018275	0	0	0	0	0	0
17314901870	-47.500000	-6.000000	-13.300781	-8.800781	-52.599609	0.699219	0.262501	-0.087868	-19.621572	-0.011647	0.057662	-0.005577	0	0	0	0	0	0
17665688169	-42.699219	-8.699219	-20.400391	-2.000000	-52.900391	3.500000	0.290429	0.101280	-18.258980	-0.012418	0.053152	-0.013965	0	0	0	0	0	0
18014152593	-44.800781	1.601562	-19.900391	-7.000000	-49.500000	-0.800781	0.275045	0.132506	-19.604809	-0.012081	0.056326	-0.001211	0	0	0	0	0	0
18361905388	-39.300781	0.601562	-21.199219	-3.900391	-48.000000	3.398438	0.161529	0.035504	-18.798729	-0.013349	0.058138	-0.008555	0	0	0	0	0	0
18709654694	-41.500000	-7.599609	-25.400391	-6.300781	-50.900391	-7.400391	0.240903	-0.001319	-18.922169	-0.010433	0.054366	-0.010153	0	0	0	0	0	0
19057654413	-38.699219	-8.000000	-26.000000	1.601562	-46.099609	0.398438	0.247676	0.017914	-18.922646	-0.011596	0.056509	-0.010535	0	0	0	0	0	0
19406657193	-20.199219	-6.500000	-11.400391	-4.800781	-77.199219	1.101562	0.604415	-0.659330	-18.792431	0.024803	0.073914	-0.015112	0	0	0	0	0	0
19753905453	-43.300781	-8.800781	-19.300781	-5.599609	-59.300781	0.101562	0.384127	-0.275288	-19.787056	-0.003156	0.063706	-0.002680	0	0	0	0	0	0
20102655732	-36.199219	-5.800781	-27.900391	-0.800781	-43.699219	7.199219	0.212620	-0.176974	-19.002691	-0.005153	0.046590	-0.008792	0	0	0	0	0	0
20450656948	-49.699219	-6.900391	-24.699219	-3.800781	-48.699219	-4.699219	0.269301	-0.035375	-18.926020	-0.010011	0.057455	-0.010604	0	0	0	0	0	0
20800656979	-42.400391	-3.900391	-24.800781	0.898438	-54.099609	7.898438	0.208332	-0.034065	-18.694134	-0.004670	0.062088	-0.009801	0	0	0	0	0	0
21147407134	-39.699219	-4.099609	-17.900391	-5.000000	-47.500000	1.000000	0.270580	0.145174	-18.691067	-0.009410	0.058416	-0.012697	0	0	0	0	0	0
21497408497	-42.300781	-2.699219	-22.199219	0.199219	-42.099609	4.101562	0.244571	0.047517	-18.962847	-0.010729	0.056888	-0.010977	0	0	0	0	0	0
21844925088	-46.199219	-8.099609	-21.099609	-2.500000	-50.400391	1.898438	0.261772	0.076257	-17.722164	-0.014541	0.055860	-0.019565	0	0	0	0	0	0
22193659042	-43.000000	1.300781	-19.300781	0.500000	-51.000000	-3.900391	0.246690	0.013505	-19.885744	-0.010313	0.051574	-0.002934	0	0	0	0	0	0
22542409911	-39.800781	-5.400391	-22.699219	-2.099609	-43.699219	10.601562	0.194252	0.100368	-18.916466	-0.012968	0.053580	-0.010006	0	0	0	0	0	0
22889410417	-42.300781	-3.800781	-21.900391	-4.099609	-50.800781	-5.599609	0.176649	0.028464	-18.840973	-0.010154	0.056204	-0.009091	0	0	0	0	0	0
23238443903	-42.699219	-1.400391	-24.599609	0.898438	-48.300781	2.898438	0.187324	0.044955	-18.726301	-0.011346	0.058307	-0.010604	0	0	0	0	0	0
23585411233	-44.900391	-1.500000	-20.900391	-2.699219	-50.199219	1.601562	0.293409	0.004508	-18.028904	-0.013040	0.059652	-0.014106	0	0	0	0	0	0
23934411263	-39.199219	-4.900391	-19.599609	-6.400391	-55.099609	-0.599609	0.285060	0.045698	-20.042305	-0.012060	0.053905	-0.003108	0	0	0	0	0	0
24283411769	-42.900391	-8.000000	-25.599609	-5.400391	-41.400391	3.000000	0.439301	0.073746	-18.222578	-0.012736	0.052869	-0.014549	0	0	0	0	0	0
24632196639	-42.199219	-3.099609	-18.599609	-0.099609	-46.699219	0.601562	0.263623	0.082402	-19.686993	-0.009170	0.053882	-0.001800	0	0	0	0	0	0
24981195754	-41.500000	-11.500000	-27.400391	-1.800781	-43.900391	3.800781	0.239868	0.039370	-18.806805	-0.010112	0.058684	-0.010772	0	0	0	0	0	0
25328200154	-44.599609	-7.800781	-23.199219	-1.300781	-50.900391	1.800781	0.168660	0.048791	-18.835619	-0.014599	0.055206	-0.008627	0	0	0	0	0	0
25677949220	-38.900391	-2.800781	-21.300781	1.101562	-43.500000	4.000000	0.231285	-0.009291	-18.723129	-0.015023	0.059142	-0.009405	0	0	0	0	0	0
26008414692	-41.099609	-8.000000	-17.000000	-5.099609	-52.300781	-3.900391	0.181378	-0.005145	-18.998016	-0.011039	0.056601	-0.008882	0	0	0	0	0	0
26354894832	-34.099609	-11.199219	-26.099609	1.300781	-50.699219	4.699219	0.153866	0.100089	-19.115208	-0.010926	0.057877	-0.009734	0	0	0	0	0	0
26703144242	-42.099609	-5.099609	-14.000000	0.699219	-48.000000	3.800781	0.343232	0.268113	-17.602615	-0.014503	0.063890	-0.019276	0	0	0	0	0	0
27049644917	-50.099609	-2.900391	-16.500000	0.101562	-52.599609	-3.099609	-0.023952	0.465914	-19.041103	-0.029289	0.046763	-0.007496	0	0	0	0	0	0
27400645411	-39.400391	0.300781	-25.699219	1.500000	-43.000000	5.398438	0.066886	0.136277	-18.676500	-0.017164	0.057681	-0.009460	0	0	0	0	0	0
27748646674	-45.400391	-5.599609	-25.400391	-3.500000	-56.199219	-1.699219	0.210252	-0.001015	-19.186747	-0.016347	0.048530	-0.008791	0	0	0	0	0	0
28097646693	-36.300781	-0.199219	-26.500000	-3.199219	-50.199219	7.500000	0.233002	-0.063188	-18.915068	-0.015469	0.051214	-0.008512	0	0	0	0	0	0
28446397211	-37.800781	-5.199219	-24.099609	-6.400391	-50.900391	-2.800781	0.180938	0.115300	-18.959787	-0.010198	0.057280	-0.010420	0	0	0	0	0	0
28792648067	-41.199219	-1.800781	-21.800781	-1.599609	-49.400391	-3.000000	0.313729	0.075381	-19.497910	-0.011219	0.056102	-0.004965	0	0	0	0	0	0
29141398647	-35.599609	-1.900391	-25.099609	1.398438	-54.500000	9.000000	0.199497	-0.061226	-17.724230	-0.009532	0.057340	-0.017084	0	0	0	0	0	0
29488898804	-40.900391	-6.300781	-16.699219	-5.099609	-52.599609	-5.300781	0.227088	0.030513	-19.034637	-0.013501	0.051244	-0.009848	0	0	0	0	0	0
29837649202	-36.900391	-4.199219	-22.099609	-2.800781	-50.199219	12.199219	0.247440	-0.057020	-18.880739	-0.012150	0.052890	-0.009322	0	0	0	0	0	0
30184649772	-41.199219	-2.000000	-22.500000	-3.199219	-46.800781	-2.699219	0.219603	0.044708	-18.958956	-0.012054	0.054884	-0.010120	0	0	0	0	0	0
30534650116	-42.800781	0.601562	-17.500000	-1.500000	-45.099609	4.000000	0.189212	-0.041617	-18.767527	-0.011313	0.056530	-0.010744	0	0	0	0	0	0
30882651137	-42.400391	-5.199219	-23.900391	-5.199219	-46.300781	3.199219	0.258956	0.260464	-18.492886	-0.011899	0.056632	-0.014465	0	0	0	0	0	0
31233664769	-37.500000	-3.199219	-14.699219	-7.099609	-47.400391	6.101562	0.172652	-0.045414	-18.763689	-0.009985	0.058767	-0.008180	0	0	0	0	0	0
31580189550	-35.699219	-2.500000	-23.300781	2.300781	-45.500000	9.300781	0.126922	0.013861	-17.838968	-0.012207	0.058964	-0.017460	0	0	0	0	0	0
31929184227	-39.699219	-5.699219	-18.099609	-6.099609	-49.000000	-6.599609	0.239544	0.046632	-18.766645	-0.010076	0.057219	-0.010735	0	0	0	0	0	0
32276189122	-41.400391	-6.199219	-27.599609	0.199219	-48.400391	5.601562	0.181145	0.077237	-19.106506	-0.016430	0.049041	-0.009011	0	0	0	0	0	0
32625189367	-37.699219	-9.599609	-23.599609	-3.099609	-51.199219	4.000000	0.188477	0.017594	-19.037468	-0.012184	0.058025	-0.009318	0	0	0	0	0	0
32974154031	-39.400391	1.101562	-22.000000	-1.800781	-44.000000	3.800781	0.091687	0.173262	-18.874889	-0.011029	0.057105	-0.008899	0	0	0	0	0	0
33219652522	-35.900391	1.699219	-22.099609	-1.699219	-42.199219	2.500000	0.319633	0.090382	-18.576622	-0.007241	0.055874	-0.013126	0	0	0	0	0	0
33573325475	-41.199219	-5.699219	-23.500000	0.800781	-45.199219	0.199219	0.213506	-0.020036	-19.038610	-0.011179	0.055682	-0.009413	0	0	0	0	0	0
33923155286	-42.199219	-7.199219	-16.400391	-2.900391	-49.699219	-2.500000	0.193186	0.161277	-18.802473	-0.012486	0.060072	-0.011005	0	0	0	0	0	0
34271155659	-46.699219	-3.300781	-17.199219	1.000000	-47.599609	-4.400391	0.238002	0.061813	-19.606337	-0.010586	0.055499	-0.000820	0	0	0	0	0	0
34618156816	-43.000000	-0.900391	-23.099609	1.199219	-43.900391	5.800781	0.252052	0.011786	-19.040901	-0.012284	0.057614	-0.010671	0	0	0	0	0	0
34968907274	-40.699219	0.398438	-19.900391	-4.800781	-44.699219	-4.599609	0.114460	-0.055435	-18.994062	-0.010680	0.055955	-0.006742	0	0	0	0	0	0
35316190670	-40.300781	-1.500000	-23.199219	-5.300781	-48.300781	5.398438	0.202061	0.078911	-19.032305	-0.014452	0.051404	-0.009769	0	0	0	0	0	0
35665200622	-41.300781	-3.599609	-19.500000	-10.599609	-52.599609	-1.300781	0.244095	-0.123886	-18.881405	-0.011945	0.054016	-0.008518	0	0	0	0	0	0
36014909166	-39.800781	-1.099609	-21.300781	-3.500000	-45.099609	2.601562	0.255577	0.039030	-18.646887	-0.013410	0.058206	-0.010587	0	0	0	0	0	0
36362659633	-48.199219	-5.900391	-27.699219	0.800781	-49.900391	1.000000	0.316519	-0.029563	-18.377676	-0.012058	0.050866	-0.013010	0	0	0	0	0	0
36713660721	-38.500000	-7.500000	-18.400391	-1.400391	-46.300781	3.699219	0.183067	-0.028054	-19.190144	-0.011270	0.048663	-0.008387	0	0	0	0	0	0
37059660147	-37.699219	-4.099609	-28.199219	7.199219	-47.900391	1.101562	0.247571	0.009244	-17.645634	-0.012361	0.057378	-0.018660	0	0	0	0	0	0
37407661187	-42.699219	-6.800781	-22.800781	-3.800781	-52.500000	-4.800781	0.167917	-0.000795	-19.149271	-0.014304	0.052770	-0.008232	0	0	0	0	0	0
37755911321	-44.400391	-3.400391	-24.900391	-5.800781	-40.300781	3.000000	0.236256	-0.082209	-18.766935	-0.010301	0.058365	-0.009135	0	0	0	0	0	0
38103911161	-41.800781	-2.699219	-30.599609	-3.699219	-50.000000	-2.500000	0.176497	-0.003654	-18.951273	-0.016297	0.053040	-0.007993	0	0	0	0	0	0
38451911549	-43.599609	-4.199219	-18.400391	-2.900391	-47.099609	8.000000	0.318866	-0.031714	-19.347225	-0.011306	0.057904	-0.006112	0	0	0	0	0	0
38799162168	-42.599609	0.199219	-20.000000	0.601562	-48.400391	4.500000	0.215261	0.042221	-18.000751	-0.011409	0.060945	-0.018984	0	0	0	0	0	0
39151163178	-50.800781	-9.900391	-15.000000	-3.000000	-48.300781	-6.599609	0.191339	-0.004341	-19.995226	-0.013597	0.057419	0.000860	0	0	0	0	0	0
39498663697	-42.099609	-4.599609	-24.099609	1.699219	-45.699219	6.300781	0.196377	0.038711	-18.761707	-0.013998	0.059722	-0.009370	0	0	0	0	0	0
39847164358	-43.000000	-2.900391	-22.800781	-5.699219	-48.199219	-4.199219	0.228918	-0.014118	-19.122393	-0.007860	0.057386	-0.010366	0	0	0	0	0	0
40196665190	-35.300781	-1.199219	-24.400391	-1.000000	-45.800781	6.398438	0.339407	0.048223	-18.644461	-0.008837	0.056445	-0.008204	0	0	0	0	0	0
40543644353	-40.800781	-7.000000	-21.500000	-2.000000	-48.000000	-1.500000	0.195788	0.032011	-18.963871	-0.007505	0.058267	-0.010090	0	0	0	0	0	0
40893181730	-39.699219	0.699219	-21.599609	-2.800781	-48.300781	4.699219	0.220332	-0.084315	-19.041088	-0.012880	0.062210	-0.008966	0	0	0	0	0	0
41241204768	-48.400391	-4.099609	-26.199219	-5.199219	-54.900391	-2.900391	0.217091	0.157527	-18.143747	-0.009325	0.055748	-0.014518	0	0	0	0	0	0
41591145482	-48.000000	-4.500000	-12.400391	0.398438	-50.300781	1.500000	0.312032	-0.027980	-19.651854	-0.016535	0.054441	-0.004379	0	0	0	0	0	0
41939146075	-39.099609	-2.300781	-26.000000	-0.199219	-44.000000	6.000000	0.257678	0.067404	-18.141432	-0.012583	0.057700	-0.012913	0	0	0	0	0	0
42288179050	-45.099609	-4.699219	-25.400391	-5.000000	-49.199219	-8.099609	0.164903	0.112134	-19.080732	-0.006918	0.058477	-0.010551	0	0	0	0	0	0
42637180003	-40.900391	-3.300781	-19.599609	2.500000	-49.099609	5.898438	0.276665	0.001325	-18.723146	-0.017612	0.058870	-0.010283	0	0	0	0	0	0
42986904333	-48.400391	-4.800781	-21.699219	-1.900391	-45.000000	-2.800781	0.276755	-0.029350	-19.003073	-0.011298	0.055988	-0.010712	0	0	0	0	0	0
43333898505	-43.000000	-4.300781	-21.599609	-0.900391	-48.300781	4.898438	0.153595	-0.102673	-18.879309	-0.011716	0.054617	-0.007960	0	0	0	0	0	0
43684898797	-43.900391	-9.400391	-27.199219	-7.300781	-49.900391	-5.000000	0.177629	0.060518	-18.955523	-0.009991	0.049683	-0.009285	0	0	0	0	0	0
44034649067	-40.900391	0.000000	-19.199219	2.500000	-47.400391	6.500000	0.170730	0.100629	-18.962912	-0.008295	0.060601	-0.010393	0	0	0	0	0	0
44382899449	-44.900391	-2.099609	-27.099609	-5.000000	-49.599609	0.101562	0.162297	0.130861	-18.375452	-0.010762	0.056196	-0.013055	0	0	0	0	0	0
44731916138	-42.300781	-2.000000	-18.900391	-5.099609	-49.599609	0.300781	0.239608	-0.084795	-19.807068	-0.014889	0.055320	-0.002417	0	0	0	0	0	0
45079651458	-38.199219	-2.000000	-21.199219	-0.300781	-49.599609	5.398438	0.217625	0.076195	-18.722923	-0.011839	0.054818	-0.010232	0	0	0	0	0	0
45429232199	-51.300781	-6.000000	-21.199219	-8.900391	-49.400391	-3.800781	0.218653	-0.007566	-18.843029	-0.012378	0.059232	-0.009545	0	0	0	0	0	0
45776403947	-44.400391	-2.699219	-24.699219	2.000000	-50.800781	5.601562	0.243651	-0.024977	-18.845551	-0.011213	0.059062	-0.010022	0	0	0	0	0	0
46126401798	-39.300781	-4.800781	-19.199219	-4.000000	-51.000000	-6.300781	0.253859	-0.010305	-18.842428	-0.013115	0.055741	-0.010049	0	0	0	0	0	0
46476185981	-36.500000	-5.900391	-25.199219	-4.099609	-45.000000	0.300781	0.143518	0.074593	-18.682451	-0.009799	0.057085	-0.008815	0	0	0	0	0	0
46823403561	-46.099609	-5.199219	-17.000000	-0.500000	-51.300781	-3.500000	0.280389	-0.060066	-18.500061	-0.010242	0.054414	-0.013524	0	0	0	0	0	0
47172154463	-43.699219	-3.500000	-16.400391	-1.800781	-47.199219	-4.699219	0.193468	0.016325	-20.074804	-0.012847	0.052711	-0.000544	0	0	0	0	0	0
47519154632	-47.599609	-4.900391	-21.699219	-2.900391	-42.599609	7.000000	0.133162	0.049340	-18.793505	-0.013931	0.052875	-0.007723	0	0	0	0	0	0
47869155778	-39.599609	-7.300781	-19.699219	-3.400391	-55.400391	-8.099609	0.201972	-0.131987	-18.730885	-0.004080	0.057073	-0.008296	0	0	0	0	0	0
48218655301	-38.400391	1.601562	-24.599609	1.199219	-46.199219	8.898438	0.137496	-0.066900	-18.959217	-0.013402	0.056589	-0.009237	0	0	0	0	0	0
48564906913	-45.099609	-6.500000	-23.699219	-0.500000	-49.699219	-4.099609	0.286789	0.013933	-18.850674	-0.007075	0.056550	-0.011785	0	0	0	0	0	0
48914156264	-37.599609	-0.800781	-17.000000	-2.000000	-47.300781	6.398438	0.166058	0.072263	-18.805496	-0.007839	0.060224	-0.009806	0	0	0	0	0	0
49267657265	-44.000000	-0.699219	-21.199219	-5.400391	-50.199219	0.199219	0.172978	-0.041908	-18.802664	-0.009967	0.058049	-0.008233	0	0	0	0	0	0
49616407817	-42.599609	-5.199219	-23.500000	-7.400391	-51.599609	7.199219	0.283825	0.024376	-19.042713	-0.012227	0.057403	-0.011546	0	0	0	0	0	0
49964408893	-46.800781	-9.699219	-20.300781	-7.000000	-53.099609	-0.500000	0.215453	-0.034548	-18.644646	-0.016550	0.054195	-0.010624	0	0	0	0	0	0
50314356918	-38.699219	-2.199219	-20.699219	0.000000	-45.300781	7.000000	0.184750	0.019965	-18.998348	-0.011513	0.057667	-0.009272	0	0	0	0	0	0
50664191677	-40.500000	-6.599609	-23.900391	-3.000000	-47.699219	-3.699219	0.214601	-0.008701	-18.764936	-0.011725	0.059592	-0.009447	0	0	0	0	0	0
51015159199	-38.400391	-3.199219	-20.699219	-4.599609	-46.800781	3.300781	0.172541	0.100073	-18.762066	-0.009017	0.054362	-0.009805	0	0	0	0	0	0
51365909716	-40.699219	-2.599609	-23.000000	-3.300781	-48.400391	-2.699219	0.207445	0.030536	-18.725857	-0.010151	0.058148	-0.009807	0	0	0	0	0	0
51714910591	-41.000000	-8.500000	-15.300781	-2.300781	-49.500000	4.000000	0.046967	-0.014699	-18.957304	-0.012958	0.057180	-0.009078	0	0	0	0	0	0
52064660882	-37.599609	-6.400391	-23.199219	-7.599609	-48.400391	4.898438	0.215930	-0.036432	-18.921833	-0.011922	0.058912	-0.009245	0	0	0	0	0	0
52412412249	-40.500000	-0.599609	-18.800781	-0.699219	-48.599609	1.500000	0.224816	-0.046008	-19.500252	-0.011299	0.060020	-0.004064	0	0	0	0	0	0
52758162494	-39.500000	2.000000	-23.500000	2.101562	-44.599609	5.699219	0.214961	-0.003879	-18.800165	-0.011759	0.052334	-0.009153	0	0	0	0	0	0
53107662983	-41.199219	-7.300781	-23.599609	0.101562	-50.300781	-2.900391	0.233592	-0.015736	-18.995764	-0.015112	0.054124	-0.009381	0	0	0	0	0	0
53455912611	-36.800781	-4.900391	-24.699219	3.699219	-41.900391	2.699219	0.148989	0.140589	-18.763737	-0.009363	0.055617	-0.010991	0	0	0	0	0	0
53804414813	-40.900391	-11.000000	-27.599609	3.800781	-49.000000	-2.300781	0.248747	0.081773	-18.646784	-0.011818	0.056043	-0.011000	0	0	0	0	0	0
54151919155	-45.500000	-4.400391	-18.800781	0.898438	-46.500000	0.800781	0.288085	0.080575	-19.762398	-0.013791	0.053430	-0.001903	0	0	0	0	0	0
54500165725	-36.800781	-8.099609	-21.400391	-2.300781	-46.900391	6.601562	0.127636	-0.046306	-18.261499	-0.013971	0.053269	-0.014292	0	0	0	0	0	0
54848016900	-41.500000	-4.400391	-23.599609	1.601562	-48.500000	-4.599609	0.228420	-0.018997	-18.650095	-0.008548	0.058348	-0.009786	0	0	0	0	0	0
55198415952	-38.900391	-6.400391	-23.800781	-8.199219	-45.800781	2.898438	0.213628	0.002317	-18.645641	-0.011671	0.057380	-0.009320	0	0	0	0	0	0
55548180123	-49.300781	-2.400391	-23.400391	-0.599609	-53.699219	-1.000000	0.171297	0.024073	-18.605793	-0.009519	0.057254	-0.008796	0	0	0	0	0	0
55896417973	-39.199219	-2.000000	-18.900391	-0.300781	-48.500000	7.199219	0.183096	0.044191	-18.802475	-0.011334	0.059065	-0.009420	0	0	0	0	0	0
56246397806	-47.099609	-8.800781	-27.199219	1.601562	-50.599609	4.300781	0.235781	-0.107065	-18.837076	-0.016408	0.053736	-0.008000	0	0	0	0	0	0
56593896743	-45.500000	-1.500000	-20.900391	-4.400391	-48.800781	2.300781	0.133719	0.003011	-19.264240	-0.013618	0.049750	-0.007525	0	0	0	0	0	0
56944184615	-33.500000	-4.099609	-27.199219	-6.599609	-53.599609	-4.500000	0.319242	-0.038205	-18.647388	-0.014047	0.053457	-0.010780	0	0	0	0	0	0
57292897386	-35.599609	-5.400391	-22.900391	-9.599609	-45.800781	2.300781	0.172762	-0.065227	-19.800440	-0.010728	0.057831	0.001901	0	0	0	0	0	0
57639917732	-38.800781	-0.500000	-25.599609	5.898438	-43.699219	8.199219	0.117034	0.030341	-18.958721	-0.008841	0.050112	-0.010080	0	0	0	0	0	0
57989897860	-45.599609	-7.000000	-20.000000	3.000000	-49.500000	-3.099609	0.146976	0.006740	-18.682222	-0.010917	0.058181	-0.008012	0	0	0	0	0	0
58336148797	-37.300781	0.699219	-21.000000	4.199219	-46.300781	5.000000	0.164310	0.043147	-19.002409	-0.007384	0.059933	-0.009649	0	0	0	0	0	0
58684906821	-36.500000	-0.800781	-20.900391	-2.300781	-55.500000	-1.400391	0.308524	-0.079048	-18.724396	-0.018200	0.058688	-0.009965	0	0	0	0	0	0
59032935538	-39.500000	-4.900391	-17.199219	-6.500000	-45.099609	0.601562	0.175616	0.015674	-19.420263	-0.012791	0.060699	-0.004684	0	0	0	0	0	0
59378405885	-35.900391	-5.199219	-22.300781	-0.900391	-45.800781	6.500000	0.156679	0.057528	-19.033472	-0.011917	0.053860	-0.008874	0	0	0	0	0	0
59728188934	-44.400391	-2.199219	-19.199219	-0.300781	-46.400391	2.199219	0.148364	0.074348	-18.989145	-0.016380	0.053579	-0.008357	0	0	0	0	0	0
60075903257	-35.199219	-1.099609	-23.699219	-4.099609	-51.800781	3.398438	0.215840	-0.030730	-18.963736	-0.010003	0.050585	-0.011504	0	0	0	0	0	0
60424903653	-38.099609	-4.599609	-24.699219	0.898438	-42.400391	1.300781	0.206974	0.027216	-18.793629	-0.016150	0.049153	-0.008706	0	0	0	0	0	0
60771903931	-44.900391	-5.800781	-20.099609	-6.500000	-47.599609	-5.400391	0.232730	-0.007058	-19.610857	-0.009088	0.056644	-0.001287	0	0	0	0	0	0
61120190376	-39.099609	-1.500000	-18.099609	-2.800781	-47.000000	7.898438	0.174861	0.098287	-17.953493	-0.010388	0.054250	-0.017239	0	0	0	0	0	0
61470904984	-43.699219	-4.800781	-18.400391	-8.099609	-46.900391	-1.000000	0.224028	0.096715	-19.768192	-0.011631	0.057129	-0.003467	0	0	0	0	0	0
61818906394	-44.400391	-11.300781	-27.900391	-4.500000	-52.300781	1.601562	0.099635	0.012838	-18.643650	-0.012162	0.057073	-0.009170	0	0	0	0	0	0
62167906047	-47.000000	-6.599609	-21.800781	0.398438	-50.000000	-2.300781	0.252109	-0.050189	-19.040527	-0.012714	0.057633	-0.009875	0	0	0	0	0	0
62515906602	-41.500000	-1.599609	-20.300781	-3.099609	-47.199219	9.300781	0.191378	-0.003930	-18.566500	-0.013615	0.062246	-0.008713	0	0	0	0	0	0
62866469643	-43.900391	-4.400391	-19.099609	-3.199219	-52.599609	-3.900391	0.179337	-0.047219	-19.153397	-0.010708	0.052671	-0.008308	0	0	0	0	0	0
63215158189	-39.699219	-1.500000	-21.300781	-5.500000	-48.000000	6.101562	0.185254	-0.026919	-18.645161	-0.012471	0.060850	-0.008420	0	0	0	0	0	0
63564191380	-45.000000	-4.500000	-26.199219	-5.400391	-44.900391	-1.599609	0.237824	-0.013471	-18.963371	-0.009835	0.056938	-0.010180	0	0	0	0	0	0
63910658881	-41.300781	-7.000000	-20.199219	-5.699219	-44.599609	-3.400391	0.282512	-0.044326	-19.730131	-0.012634	0.059670	-0.001885	0	0	0	0	0	0
64259409301	-40.400391	-4.500000	-21.699219	1.500000	-44.300781	1.300781	0.266262	0.089325	-18.572435	-0.009151	0.057331	-0.011766	0	0	0	0	0	0
64607409501	-41.099609	-4.000000	-24.400391	-1.800781	-47.800781	-4.000000	0.161730	0.043396	-18.883348	-0.011360	0.055633	-0.011215	0	0	0	0	0	0
64956410804	-38.699219	-4.699219	-30.199219	0.300781	-39.900391	2.699219	0.204073	0.005426	-18.725527	-0.009677	0.057082	-0.009417	0	0	0	0	0	0
65303660731	-42.500000	-6.800781	-26.000000	-4.199219	-51.800781	3.101562	0.184720	0.040185	-18.999722	-0.011353	0.059841	-0.009653	0	0	0	0	0	0
65653412077	-37.099609	2.800781	-19.300781	0.898438	-49.500000	3.398438	0.147828	-0.015863	-19.193306	-0.010426	0.056510	-0.008248	0	0	0	0	0	0
66001912048	-46.800781	-0.699219	-26.500000	-3.500000	-47.199219	2.601562	0.303538	0.097672	-18.416265	-0.010435	0.057779	-0.012447	0	0	0	0	0	0
66348412679	-43.900391	-12.500000	-21.199219	-6.000000	-49.500000	-1.900391	0.197118	0.015047	-19.119583	-0.007648	0.055404	-0.009906	0	0	0	0	0	0
66697225982	-39.500000	-2.800781	-23.400391	2.800781	-47.400391	6.601562	0.159872	-0.054271	-18.991522	-0.013375	0.051327	-0.007256	0	0	0	0	0	0
67046163909	-39.900391	-6.699219	-22.199219	-6.800781	-54.099609	-3.800781	0.186230	-0.016400	-18.762083	-0.012416	0.058696	-0.008580	0	0	0	0	0	0
67396664312	-42.500000	-1.599609	-23.000000	-0.500000	-42.599609	10.601562	0.202562	0.021259	-18.680305	-0.015463	0.056771	-0.008900	0	0	0	0	0	0
67743643755	-38.900391	-6.599609	-25.500000	-7.699219	-52.099609	0.000000	0.240252	-0.008331	-18.844221	-0.010470	0.055802	-0.010046	0	0	0	0	0	0
68092644203	-40.699219	-3.500000	-19.400391	-0.599609	-51.400391	0.000000	0.092156	0.021829	-18.912926	-0.012085	0.056435	-0.006964	0	0	0	0	0	0
68441177532	-39.599609	-6.300781	-25.500000	4.398438	-48.400391	2.699219	0.295297	0.101991	-17.873201	-0.016364	0.053846	-0.018101	0	0	0	0	0	0
68788145379	-42.699219	-10.099609	-19.099609	-3.699219	-54.000000	-2.500000	0.187236	-0.036870	-18.878822	-0.012577	0.056551	-0.008343	0	0	0	0	0	0
69116395609	-41.500000	-8.599609	-24.699219	-1.400391	-48.400391	6.800781	0.187594	-0.042816	-18.915237	-0.012665	0.051476	-0.008032	0	0	0	0	0	0
69463896138	-43.300781	-9.199219	-21.900391	1.101562	-49.500000	-1.199219	0.230253	0.052935	-18.605392	-0.014593	0.059094	-0.010058	0	0	0	0	0	0
69812657569	-37.599609	-6.800781	-19.300781	-1.000000	-47.800781	2.898438	0.188802	0.021100	-19.076441	-0.012166	0.057307	-0.009371	0	0	0	0	0	0
70159897781	-43.800781	-1.300781	-19.800781	-2.900391	-53.699219	3.199219	0.317789	0.134654	-17.800140	-0.010195	0.060471	-0.017548	0	0	0	0	0	0
70507147735	-41.000000	-9.199219	-21.900391	0.500000	-46.599609	-2.900391	0.187622	-0.073804	-18.915052	-0.012880	0.051486	-0.007634	0	0	0	0	0	0
70854897746	-44.599609	-1.900391	-22.699219	-1.000000	-44.400391	6.898438	0.213241	-0.063982	-18.996893	-0.011518	0.052053	-0.008598	0	0	0	0	0	0
71203147047	-41.099609	-6.199219	-26.599609	-2.699219	-50.099609	2.898438	0.285657	-0.050239	-18.846422	-0.013382	0.059907	-0.010493	0	0	0	0	0	0
71553397377	-41.400391	-0.800781	-16.900391	-2.500000	-50.099609	6.199219	0.200192	-0.045856	-18.799080	-0.015259	0.057926	-0.008239	0	0	0	0	0	0
71901648420	-40.599609	-4.300781	-30.699219	-4.699219	-50.199219	1.601562	0.204692	0.059398	-18.457520	-0.008001	0.057731	-0.012417	0	0	0	0	0	0
72251653800	-37.400391	-4.199219	-17.300781	3.199219	-53.400391	-2.400391	0.165766	-0.004943	-19.459805	-0.010976	0.058945	-0.004346	0	0	0	0	0	0
72601401491	-43.400391	-4.900391	-26.400391	2.300781	-52.300781	-2.599609	0.316609	-0.035266	-18.335775	-0.013977	0.059193	-0.010751	0	0	0	0	0	0
72950403526	-34.599609	-5.000000	-20.300781	1.800781	-46.699219	-2.099609	0.129428	-0.053841	-19.429468	-0.006779	0.052313	-0.007768	0	0	0	0	0	0
73302153032	-42.500000	-7.199219	-26.699219	2.800781	-49.199219	-0.599609	0.183743	0.029667	-18.882797	-0.011407	0.061995	-0.009493	0	0	0	0	0	0
73650153295	-48.000000	1.699219	-18.300781	-2.199219	-51.900391	6.601562	0.132589	0.072719	-20.037724	-0.007754	0.059188	0.000511	0	0	0	0	0	0
74001654370	-45.400391	-9.800781	-22.699219	-9.800781	-50.199219	0.601562	0.278733	-0.046609	-18.305370	-0.010117	0.057996	-0.013655	0	0	0	0	0	0
74349654184	-44.199219	-2.599609	-20.599609	-5.000000	-52.900391	-2.199219	0.292185	0.064189	-19.734240	-0.011940	0.055251	-0.005659	0	0	0	0	0	0
74699466426	-37.000000	0.000000	-20.699219	-3.300781	-51.500000	6.300781	0.234000	-0.051714	-18.339521	-0.012780	0.053259	-0.013267	0	0	0	0	0	0
75047672993	-49.599609	-9.599609	-24.099609	-5.400391	-44.199219	1.101562	0.201897	0.036328	-19.336237	-0.012738	0.053213	-0.003849	0	0	0	0	0	0
75398405263	-38.500000	-6.400391	-28.500000	-6.400391	-43.400391	6.398438	0.220939	-0.126413	-17.839277	-0.013930	0.057296	-0.016436	0	0	0	0	0	0
75747409648	-47.000000	-7.099609	-19.300781	-6.900391	-50.900391	2.601562	0.241215	-0.074027	-19.806831	-0.010859	0.057408	-0.000725	0	0	0	0	0	0
76097189560	-41.800781	-6.000000	-25.699219	-0.500000	-46.699219	2.101562	0.078241	0.005524	-19.073225	-0.013506	0.055902	-0.008832	0	0	0	0	0	0
76447156852	-42.099609	-9.699219	-22.000000	-6.800781	-50.699219	-5.000000	0.119908	0.013065	-18.835268	-0.011536	0.054411	-0.007359	0	0	0	0	0	0
76796657475	-41.300781	-0.699219	-19.699219	-0.900391	-44.400391	6.898438	0.113015	0.085480	-18.839098	-0.009678	0.058779	-0.008517	0	0	0	0	0	0
77146657922	-46.699219	-3.699219	-19.800781	-6.500000	-53.400391	-7.000000	0.261103	-0.131738	-18.879755	-0.015280	0.055031	-0.008512	0	0	0	0	0	0
77496194218	-37.599609	-7.900391	-23.099609	-2.300781	-46.099609	9.699219	0.166613	0.035200	-19.231264	-0.012760	0.051343	-0.010009	0	0	0	0	0	0
77846408945	-43.000000	-6.699219	-14.900391	-6.099609	-49.099609	-2.400391	0.213096	0.080189	-18.999014	-0.010498	0.054187	-0.010570	0	0	0	0	0	0
78194409937	-41.400391	-2.400391	-18.000000	-4.500000	-46.500000	7.601562	0.177355	-0.037267	-18.919735	-0.010602	0.056970	-0.008385	0	0	0	0	0	0
78543409640	-43.000000	0.199219	-27.099609	-1.099609	-53.699219	-0.500000	0.132094	-0.003751	-19.068180	-0.013654	0.051157	-0.007275	0	0	0	0	0	0
78891409904	-45.000000	-2.099609	-19.900391	-3.500000	-49.400391	0.601562	0.225723	0.046160	-18.882668	-0.013307	0.060647	-0.010379	0	0	0	0	0	0
79240411004	-45.500000	-8.500000	-23.599609	1.101562	-46.300781	-0.300781	0.135101	0.059249	-18.339813	-0.011190	0.061489	-0.012968	0	0	0	0	0	0
79590161086	-41.599609	-2.300781	-15.699219	-2.699219	-48.800781	6.699219	0.124216	-0.088159	-19.347311	-0.012218	0.056020	-0.006775	0	0	0	0	0	0
79939161686	-46.800781	-6.699219	-24.800781	-4.599609	-50.699219	7.699219	0.288974	0.085122	-18.497427	-0.011838	0.056499	-0.014225	0	0	0	0	0	0
80289662467	-34.500000	-5.900391	-23.199219	0.500000	-45.199219	0.101562	0.241945	0.018513	-19.343521	-0.013508	0.058434	-0.005956	0	0	0	0	0	0
80636197904	-36.900391	1.398438	-26.199219	-4.599609	-49.400391	6.398438	0.324910	-0.009132	-18.230444	-0.011868	0.058062	-0.016105	0	0	0	0	0	0
80987662825	-37.300781	-2.300781	-17.099609	-2.800781	-48.900391	-3.900391	0.256722	0.131780	-19.649410	-0.012707	0.059045	-0.003308	0	0	0	0	0	0
81337413693	-41.699219	-4.099609	-21.400391	2.699219	-46.000000	6.101562	0.042147	0.154585	-18.107351	-0.008524	0.058761	-0.015490	0	0	0	0	0	0
81680932319	-44.199219	-8.500000	-25.000000	-6.500000	-52.500000	-1.099609	0.234423	-0.007594	-18.963226	-0.009147	0.055862	-0.010188	0	0	0	0	0	0
82034165133	-48.699219	-4.400391	-20.900391	0.199219	-41.900391	3.898438	0.236851	-0.002454	-18.844074	-0.009781	0.054726	-0.010054	0	0	0	0	0	0
82380646937	-47.500000	-3.400391	-26.000000	-1.900391	-51.699219	1.398438	0.176645	0.026963	-18.797192	-0.015441	0.052632	-0.009475	0	0	0	0	0	0
82732395064	-45.099609	-4.400391	-23.699219	-1.400391	-52.800781	0.300781	0.236469	0.056016	-18.805475	-0.009369	0.055425	-0.010796	0	0	0	0	0	0
83080395163	-45.800781	-9.000000	-23.400391	-0.900391	-55.300781	-1.400391	0.115414	0.121607	-18.720135	-0.010097	0.057634	-0.008781	0	0	0	0	0	0
83430399454	-44.699219	-4.900391	-23.099609	4.101562	-41.900391	4.500000	0.192651	0.041082	-18.722588	-0.013328	0.059364	-0.009324	0	0	0	0	0	0
83778147192	-41.599609	-6.000000	-25.300781	2.898438	-48.500000	3.898438	0.262338	-0.034562	-18.344933	-0.011982	0.058512	-0.014497	0	0	0	0	0	0
84125180459	-43.599609	-4.500000	-21.800781	-0.900391	-51.500000	-11.699219	0.221642	-0.027219	-19.192244	-0.012590	0.050605	-0.009247	0	0	0	0	0	0
84475147524	-40.500000	-1.800781	-23.199219	1.500000	-44.000000	9.101562	0.184754	0.041501	-18.995977	-0.011404	0.053301	-0.009306	0	0	0	0	0	0
84823647025	-41.099609	-7.099609	-22.500000	-5.900391	-47.699219	-8.099609	0.140588	0.086353	-18.870745	-0.015003	0.051398	-0.008229	0	0	0	0	0	0
85174439278	-37.699219	-2.099609	-22.500000	-4.000000	-40.400391	3.601562	0.137922	-0.004489	-18.949173	-0.014977	0.051098	-0.007133	0	0	0	0	0	0
85521896811	-47.699219	-7.199219	-23.500000	-4.800781	-52.000000	-3.400391	0.228208	-0.010675	-18.763145	-0.014371	0.059531	-0.009449	0	0	0	0	0	0
85868181308	-37.900391	-3.300781	-20.699219	-4.199219	-48.199219	-4.099609	0.234025	0.021437	-19.376833	-0.012878	0.052294	-0.004380	0	0	0	0	0	0
86216898852	-43.099609	-4.800781	-29.400391	-2.900391	-48.699219	7.800781	0.194923	0.135076	-17.954611	-0.008818	0.056255	-0.017220	0	0	0	0	0	0
86564154034	-44.900391	-1.000000	-21.900391	0.898438	-49.500000	-4.800781	0.192706	-0.031662	-18.723400	-0.013812	0.061566	-0.008511	0	0	0	0	0	0
86913903529	-43.300781	-5.099609	-16.300781	-2.099609	-46.599609	7.500000	0.177271	0.066464	-18.919107	-0.009903	0.054758	-0.009596	0	0	0	0	0	0
87261903078	-41.099609	-11.599609	-22.800781	-3.400391	-44.300781	-1.400391	0.185790	0.104045	-18.723858	-0.011575	0.059375	-0.010118	0	0	0	0	0	0
87611903346	-44.199219	-5.199219	-19.800781	-5.099609	-48.199219	6.398438	0.179988	0.063026	-18.843863	-0.010521	0.061627	-0.009845	0	0	0	0	0	0
87962153874	-41.099609	-6.500000	-18.099609	-3.099609	-52.500000	-1.599609	0.240693	0.017771	-19.034029	-0.016202	0.053366	-0.009833	0	0	0	0	0	0
88309903713	-47.500000	1.000000	-18.300781	0.500000	-49.599609	1.601562	0.222712	0.036640	-18.916384	-0.012813	0.050139	-0.009712	0	0	0	0	0	0
88660401905	-41.500000	-10.300781	-21.000000	1.000000	-48.199219	-4.300781	0.209042	0.068286	-18.922104	-0.009900	0.056731	-0.010454	0	0	0	0	0	0
89009404538	-34.800781	-2.400391	-21.900391	-2.900391	-47.599609	3.800781	0.183448	0.005941	-18.842447	-0.011585	0.060540	-0.009059	0	0	0	0	0	0
89360654707	-41.300781	-2.599609	-20.199219	-4.800781	-50.000000	0.500000	0.181350	0.025843	-18.998201	-0.010824	0.056591	-0.009280	0	0	0	0	0	0
89708191957	-37.400391	2.500000	-7.900391	-0.699219	-43.300781	9.199219	0.212596	-0.010473	-19.224932	-0.014308	0.061875	-0.004913	0	0	0	0	0	0
90058905870	-44.000000	-7.400391	-25.699219	-5.500000	-46.800781	0.101562	0.224809	0.046723	-19.044672	-0.006778	0.057727	-0.011063	0	0	0	0	0	0
90409656969	-40.199219	-2.699219	-19.800781	-2.099609	-49.300781	-1.000000	0.191971	0.065058	-18.644825	-0.013149	0.060790	-0.009615	0	0	0	0	0	0
90756907070	-36.400391	-6.500000	-25.300781	-2.800781	-48.300781	-0.500000	0.340621	0.038803	-17.720823	-0.013578	0.053129	-0.018467	0	0	0	0	0	0
91107407480	-40.800781	1.300781	-20.099609	-2.599609	-47.300781	2.000000	0.316571	0.128343	-19.613724	-0.012137	0.058275	-0.004616	0	0	0	0	0	0
91455407910	-38.099609	-7.199219	-17.900391	-2.300781	-49.099609	5.398438	0.282753	0.021520	-17.991358	-0.014309	0.051782	-0.017065	0	0	0	0	0	0
91805658634	-31.900391	-5.099609	-21.800781	0.699219	-47.500000	-2.900391	0.226609	0.107233	-19.886068	-0.007601	0.059246	-0.001918	0	0	0	0	0	0
92153658970	-42.099609	-1.500000	-23.699219	-0.300781	-48.099609	3.500000	0.189224	0.088715	-18.721443	-0.012370	0.056095	-0.009747	0	0	0	0	0	0
92501192214	-44.900391	-9.500000	-23.500000	-6.500000	-49.800781	-2.199219	0.186588	-0.022346	-18.798500	-0.012504	0.053621	-0.008270	0	0	0	0	0	0
92851159861	-47.599609	-3.699219	-22.099609	-3.400391	-45.699219	3.500000	0.012770	-0.010893	-19.072271	-0.012273	0.054159	-0.008370	0	0	0	0	0	0
93199160103	-44.900391	-6.000000	-26.000000	-1.300781	-54.900391	1.398438	0.226377	-0.071838	-18.806664	-0.008272	0.056602	-0.009195	0	0	0	0	0	0
93549911181	-35.699219	-8.000000	-20.300781	-8.900391	-50.000000	3.800781	0.123460	0.185852	-18.876696	-0.010972	0.056894	-0.009775	0	0	0	0	0	0
93899161376	-44.199219	-9.900391	-22.000000	-4.400391	-49.900391	3.898438	0.171555	0.055750	-18.604916	-0.014522	0.059494	-0.009978	0	0	0	0	0	0
94248662380	-45.300781	-6.199219	-22.400391	0.000000	-45.699219	5.398438	0.185078	0.034239	-19.036137	-0.011441	0.054766	-0.009343	0	0	0	0	0	0
94597663086	-41.900391	1.601562	-21.400391	-2.599609	-50.599609	-1.599609	0.189873	0.084959	-18.800581	-0.012388	0.056841	-0.009836	0	0	0	0	0	0
94946913565	-41.199219	3.300781	-19.000000	-1.300781	-42.000000	1.699219	0.051082	-0.100779	-19.426134	-0.010232	0.060499	-0.005484	0	0	0	0	0	0
95296414082	-40.000000	-8.500000	-19.500000	-6.099609	-47.099609	-0.400391	0.310787	0.322571	-17.518301	-0.014164	0.056795	-0.018760	0	0	0	0	0	0
95644414941	-45.599609	-4.900391	-19.300781	-7.099609	-49.400391	-0.699219	0.099681	0.072716	-19.922224	-0.011022	0.058368	-0.001824	0	0	0	0	0	0
95994414795	-41.199219	-4.300781	-28.699219	0.300781	-44.699219	7.699219	0.147997	0.073252	-17.952084	-0.010580	0.050092	-0.017272	0	0	0	0	0	0
96342373946	-39.300781	-5.599609	-25.400391	-6.000000	-53.599609	-3.699219	0.198095	-0.015187	-18.953648	-0.014444	0.051794	-0.008477	0	0	0	0	0	0
96687645132	-41.800781	-2.800781	-23.300781	-5.900391	-44.199219	0.500000	0.163591	-0.099715	-19.035385	-0.014263	0.060417	-0.007233	0	0	0	0	0	0
97037645694	-47.400391	-3.800781	-22.199219	-9.300781	-49.599609	1.898438	0.183598	0.047326	-18.687180	-0.010675	0.057949	-0.010558	0	0	0	0	0	0
97387395841	-40.000000	-1.599609	-11.099609	-1.199219	-48.599609	5.398438	0.118068	0.044609	-19.036303	-0.010599	0.060641	-0.008345	0	0	0	0	0	0
97737896697	-38.800781	-8.900391	-20.699219	-9.500000	-53.300781	1.199219	0.209869	0.014140	-18.609079	-0.010894	0.061379	-0.009639	0	0	0	0	0	0
98086146824	-44.300781	-3.199219	-21.900391	-2.400391	-51.099609	-3.099609	0.149537	-0.010437	-19.839897	-0.011001	0.056186	0.000645	0	0	0	0	0	0
98435897196	-34.599609	-4.300781	-24.000000	4.199219	-42.500000	3.101562	0.350330	0.041073	-17.877964	-0.010907	0.056680	-0.016956	0	0	0	0	0	0
98784181121	-37.300781	-5.599609	-19.900391	-1.500000	-49.000000	-9.300781	0.156398	-0.073400	-19.838629	-0.012754	0.056174	0.001439	0	0	0	0	0	0
99131899145	-41.199219	-4.800781	-18.699219	5.800781	-47.199219	8.699219	0.232798	-0.014356	-18.767166	-0.009183	0.057270	-0.009938	0	0	0	0	0	0
99480898993	-46.599609	-7.099609	-22.800781	-9.099609	-50.800781	1.601562	0.149283	0.000295	-18.954857	-0.011006	0.053163	-0.007988	0	0	0	0	0	0
99830900147	-37.199219	-2.300781	-14.500000	-4.400391	-46.800781	9.101562	0.208449	-0.000701	-18.843781	-0.010366	0.058187	-0.009552	0	0	0	0	0	0
100181400703	-40.699219	-6.800781	-25.800781	-7.199219	-48.199219	-0.300781	0.104777	0.016284	-19.036844	-0.013386	0.062961	-0.008728	0	0	0	0	0	0
100529401814	-34.500000	-3.400391	-18.599609	4.500000	-49.599609	3.699219	0.087567	-0.049482	-18.992840	-0.010657	0.051788	-0.007173	0	0	0	0	0	0
100880184060	-47.800781	-5.699219	-21.800781	0.000000	-45.099609	-3.900391	0.378832	0.015687	-19.158829	-0.009720	0.058900	-0.009283	0	0	0	0	0	0
101230902392	-36.900391	-3.699219	-22.599609	-1.800781	-43.300781	8.000000	0.122273	0.047877	-18.720051	-0.011904	0.059806	-0.007970	0	0	0	0	0	0
101580902364	-45.900391	-4.599609	-20.300781	4.101562	-53.599609	-6.699219	0.193980	0.013351	-18.879484	-0.013525	0.058684	-0.009123	0	0	0	0	0	0
101932402624	-39.699219	2.898438	-18.800781	-0.300781	-48.699219	3.898438	0.190815	0.094162	-18.921247	-0.012282	0.061227	-0.010343	0	0	0	0	0	0
102279653632	-43.500000	-4.500000	-22.900391	-6.300781	-45.099609	-4.500000	0.275453	-0.043374	-18.847172	-0.011370	0.058861	-0.010499	0	0	0	0	0	0
102630403676	-39.199219	0.601562	-19.699219	4.601562	-46.699219	0.398438	0.177623	0.028215	-18.959084	-0.010154	0.056233	-0.009235	0	0	0	0	0	0
102981081577	-47.699219	-3.000000	-19.699219	-3.699219	-53.699219	-3.000000	0.252559	-0.013562	-18.685341	-0.013133	0.056431	-0.009853	0	0	0	0	0	0
103330905117	-45.400391	0.000000	-22.199219	-5.199219	-49.599609	4.898438	0.179044	0.043056	-18.724380	-0.010682	0.059425	-0.009321	0	0	0	0	0	0
103680905509	-45.099609	-8.300781	-14.500000	-4.099609	-52.400391	0.199219	0.237443	0.055766	-18.923584	-0.009369	0.055454	-0.010940	0	0	0	0	0	0
104029155931	-36.199219	1.300781	-24.000000	1.500000	-49.500000	1.000000	0.263539	0.060459	-18.651239	-0.008696	0.057011	-0.011466	0	0	0	0	0	0
104378911121	-42.400391	-4.599609	-18.900391	-6.900391	-42.400391	-0.500000	0.215873	0.025543	-18.922207	-0.011492	0.058893	-0.010041	0	0	0	0	0	0
104727656898	-38.900391	-3.500000	-21.300781	-7.400391	-46.000000	3.500000	-0.010243	-0.039441	-19.695713	-0.009790	0.055874	-0.004903	0	0	0	0	0	0
105078657944	-46.099609	-3.199219	-28.599609	-4.400391	-48.300781	0.898438	0.257907	-0.030707	-18.922894	-0.013877	0.059747	-0.010114	0	0	0	0	0	0
105429908857	-43.599609	-6.199219	-20.400391	-1.900391	-45.900391	2.601562	0.179575	0.038483	-19.194115	-0.010100	0.054107	-0.009538	0	0	0	0	0	0
105778158364	-37.099609	-4.699219	-25.400391	-1.699219	-51.400391	-0.300781	0.221824	0.107947	-18.646935	-0.011635	0.054049	-0.011813	0	0	0	0	0	0
106127909629	-39.900391	-6.900391	-14.000000	-3.500000	-43.699219	3.500000	0.219685	-0.069791	-18.960766	-0.012807	0.059280	-0.008893	0	0	0	0	0	0
106476192738	-40.900391	-4.400391	-28.099609	-4.300781	-46.800781	0.601562	0.214006	0.133106	-18.142353	-0.014069	0.056931	-0.014912	0	0	0	0	0	0
106825910947	-41.400391	-3.000000	-15.500000	-1.500000	-50.800781	2.398438	0.284410	-0.011333	-19.726461	-0.013713	0.059641	-0.001011	0	0	0	0	0	0
107172933175	-43.500000	-2.599609	-21.400391	-1.800781	-43.300781	4.800781	0.169609	-0.045482	-18.799961	-0.009385	0.052616	-0.007877	0	0	0	0	0	0
107518163918	-40.400391	-8.500000	-26.199219	-0.800781	-44.099609	-3.300781	0.254512	0.007475	-18.919191	-0.013025	0.052121	-0.010173	0	0	0	0	0	0
107868198713	-41.800781	0.101562	-21.400391	-2.000000	-45.099609	6.398438	0.234067	0.009120	-18.925623	-0.009004	0.058753	-0.010516	0	0	0	0	0	0
108217912006	-41.900391	-6.500000	-20.599609	-7.699219	-51.099609	2.398438	0.246985	-0.091688	-18.259592	-0.015677	0.054644	-0.012765	0	0	0	0	0	0
108567662731	-41.300781	-4.199219	-18.400391	0.500000	-46.500000	3.699219	0.224694	-0.091641	-19.308004	-0.010945	0.062533	-0.004680	0	0	0	0	0	0
108915663171	-42.199219	-6.199219	-26.599609	-4.199219	-48.199219	0.199219	0.263866	0.071489	-18.057655	-0.013940	0.050383	-0.012478	0	0	0	0	0	0
109272198201	-39.400391	-4.599609	-23.199219	-1.400391	-45.900391	1.699219	0.246288	0.096853	-18.767309	-0.011023	0.059352	-0.011515	0	0	0	0	0	0
109621664369	-43.800781	-3.800781	-27.199219	-7.500000	-44.699219	0.500000	0.257974	-0.038843	-18.916590	-0.014034	0.048851	-0.009403	0	0	0	0	0	0
109969914962	-41.300781	-2.400391	-19.599609	0.199219	-49.400391	0.101562	0.035976	0.084869	-18.988106	-0.012896	0.057543	-0.006498	0	0	0	0	0	0
110319893383	-41.300781	-13.500000	-21.199219	-5.800781	-48.800781	-5.800781	0.187121	0.087081	-18.879570	-0.011718	0.056512	-0.009934	0	0	0	0	0	0
110668645369	-36.000000	-3.099609	-16.500000	-5.400391	-47.300781	1.101562	0.160521	-0.058027	-19.070656	-0.013393	0.052073	-0.007346	0	0	0	0	0	0
111021145323	-50.500000	-1.800781	-25.500000	-0.599609	-49.599609	-2.699219	0.198801	-0.080918	-19.032410	-0.014892	0.052560	-0.007771	0	0	0	0	0	0
111371145519	-41.500000	1.699219	-22.000000	-4.400391	-48.199219	10.500000	0.246049	0.000383	-18.727772	-0.011686	0.060100	-0.010268	0	0	0	0	0	0
111721896632	-43.300781	-4.699219	-21.400391	-2.800781	-45.900391	-2.500000	0.227143	-0.042231	-19.035448	-0.013985	0.053447	-0.009035	0	0	0	0	0	0
112071896593	-39.099609	-4.099609	-20.199219	-1.500000	-46.199219	7.000000	0.211143	0.059152	-18.765163	-0.010607	0.058496	-0.010250	0	0	0	0	0	0
112419397129	-40.699219	-6.199219	-24.699219	-4.300781	-48.300781	-0.500000	0.143131	0.008294	-19.033703	-0.009647	0.051757	-0.008093	0	0	0	0	0	0
112769648019	-40.599609	-0.800781	-18.099609	-2.400391	-48.400391	0.000000	0.154341	0.084193	-18.762207	-0.011668	0.061051	-0.009279	0	0	0	0	0	0
113118648784	-39.500000	-2.599609	-21.800781	5.199219	-52.599609	-1.699219	0.209194	0.059652	-18.528944	-0.010607	0.058439	-0.009964	0	0	0	0	0	0
113468649204	-44.800781	-4.900391	-18.900391	-4.800781	-49.199219	0.398438	0.093422	0.023769	-19.073755	-0.012016	0.062286	-0.007507	0	0	0	0	0	0
113817899487	-44.000000	-9.000000	-26.500000	-1.099609	-46.199219	0.398438	0.310893	-0.131739	-18.106705	-0.012034	0.059203	-0.011815	0	0	0	0	0	0
114167150220	-45.400391	-2.900391	-23.000000	-3.599609	-47.800781	4.101562	0.238316	-0.041735	-20.276611	-0.009373	0.051004	-0.001347	0	0	0	0	0	0
114517651165	-41.900391	-3.599609	-21.599609	-8.599609	-50.199219	-1.800781	0.236699	0.009641	-18.304688	-0.007733	0.057141	-0.013581	0	0	0	0	0	0
114867151125	-38.900391	-5.300781	-18.300781	-7.300781	-47.900391	0.101562	0.139416	0.028475	-19.994045	-0.014634	0.057778	0.000541	0	0	0	0	0	0
115217901824	-52.500000	-6.599609	-23.300781	-4.699219	-54.300781	0.500000	0.411189	-0.048824	-18.067268	-0.013540	0.055970	-0.013540	0	0	0	0	0	0
115564652221	-48.800781	-9.500000	-19.000000	-6.699219	-51.000000	-0.400391	0.237501	-0.006209	-18.923210	-0.009799	0.055473	-0.010144	0	0	0	0	0	0
115914652819	-41.500000	-5.000000	-23.000000	5.199219	-48.199219	3.101562	0.305451	-0.058897	-18.762039	-0.017439	0.054711	-0.010043	0	0	0	0	0	0
116265902873	-46.000000	-8.199219	-18.599609	-2.300781	-47.900391	-1.099609	0.307964	-0.041081	-19.723608	-0.013313	0.056202	0.000157	0	0	0	0	0	0
116595153877	-41.800781	-1.900391	-27.599609	0.101562	-51.099609	8.199219	0.257933	0.029293	-17.879536	-0.009599	0.057309	-0.017273	0	0	0	0	0	0
116925268083	-40.699219	-4.699219	-13.599609	1.800781	-48.800781	-2.000000	0.158260	0.045804	-19.728081	-0.010630	0.056114	-0.002554	0	0	0	0	0	0
117254404921	-40.199219	-3.400391	-19.000000	-4.400391	-46.900391	6.898438	0.188569	0.080202	-18.599712	-0.017693	0.053959	-0.010024	0	0	0	0	0	0
117583405011	-36.599609	-2.900391	-23.500000	-4.400391	-46.800781	2.199219	0.123898	0.054639	-18.916109	-0.011868	0.058398	-0.008220	0	0	0	0	0	0
117910407281	-37.900391	-7.900391	-21.300781	-1.199219	-45.699219	5.199219	0.160200	0.063236	-18.641829	-0.013152	0.058818	-0.008757	0	0	0	0	0	0
118239656944	-49.599609	-5.199219	-22.099609	-1.099609	-49.400391	-6.000000	0.253802	0.051670	-18.842800	-0.012686	0.055722	-0.010845	0	0	0	0	0	0
118566656510	-41.000000	-11.099609	-21.699219	-3.400391	-49.300781	-3.500000	0.072139	0.021638	-19.605160	-0.012652	0.059936	-0.000159	0	0	0	0	0	0
118918302979	-44.199219	-6.699219	-21.900391	7.000000	-50.599609	-6.599609	0.259361	-0.025317	-18.685633	-0.014511	0.058583	-0.009837	0	0	0	0	0	0
119269189579	-49.000000	-5.800781	-24.599609	0.199219	-48.599609	5.800781	0.113005	-0.071593	-19.232510	-0.010100	0.059303	-0.007002	0	0	0	0	0	0
119621907666	-42.800781	-2.900391	-19.099609	0.101562	-51.199219	-2.000000	0.208776	0.013573	-18.881573	-0.010294	0.055285	-0.009622	0	0	0	0	0	0
119969910087	-32.699219	-1.699219	-20.800781	-4.400391	-49.699219	2.601562	0.133459	0.083834	-18.832664	-0.013698	0.052147	-0.008175	0	0	0	0	0	0
120318698943	-45.300781	-7.800781	-25.900391	-1.300781	-48.500000	-0.500000	0.217680	0.003452	-18.723734	-0.012323	0.057020	-0.009419	0	0	0	0	0	0
120668600758	-32.199219	-2.099609	-21.800781	5.800781	-44.000000	4.300781	0.242586	-0.056532	-19.117855	-0.010827	0.052978	-0.009607	0	0	0	0	0	0
121019160215	-45.400391	-1.900391	-23.699219	-2.000000	-47.400391	-4.599609	0.243918	0.029737	-18.886084	-0.010819	0.060507	-0.010854	0	0	0	0	0	0
121370943148	-43.000000	-2.099609	-25.699219	0.199219	-49.000000	6.601562	0.184425	0.016459	-18.959372	-0.011531	0.058385	-0.009219	0	0	0	0	0	0
121718910817	-41.800781	-4.300781	-21.900391	-7.400391	-54.300781	1.500000	0.186204	0.025355	-18.761086	-0.012147	0.056503	-0.008995	0	0	0	0	0	0
122068923338	-41.800781	-5.400391	-17.300781	-1.199219	-45.099609	1.500000	0.267520	-0.095791	-18.842632	-0.016300	0.060065	-0.009222	0	0	0	0	0	0
122417912389	-47.000000	-3.099609	-25.800781	-4.199219	-52.500000	-7.500000	0.251435	0.006090	-18.959208	-0.012372	0.052510	-0.010217	0	0	0	0	0	0
122766663537	-39.900391	-3.400391	-20.099609	1.898438	-45.000000	1.199219	0.376924	-0.014441	-19.611149	-0.012621	0.048113	-0.003657	0	0	0	0	0	0
123116413230	-50.099609	-6.099609	-26.199219	-6.099609	-51.099609	-0.199219	0.185796	0.010675	-17.685173	-0.011637	0.058166	-0.018625	0	0	0	0	0	0
123465209540	-49.400391	-5.900391	-19.599609	-4.300781	-45.400391	0.898438	0.209320	0.051805	-19.415848	-0.013919	0.056103	-0.004321	0	0	0	0	0	0
123815413595	-40.500000	-7.300781	-25.300781	-6.599609	-47.900391	9.101562	0.325036	-0.002751	-18.183611	-0.013784	0.057666	-0.013516	0	0	0	0	0	0
124162914772	-38.300781	-2.400391	-19.300781	-4.199219	-48.199219	-5.199219	0.077572	0.013285	-18.797794	-0.009494	0.058651	-0.006801	0	0	0	0	0	0
124512200026	-36.699219	-1.900391	-20.900391	-2.800781	-47.300781	4.500000	0.182799	0.009697	-18.763313	-0.011567	0.059793	-0.008969	0	0	0	0	0	0
124861939058	-42.099609	-4.900391	-23.000000	-4.800781	-48.800781	4.500000	0.201109	0.015869	-18.917564	-0.014829	0.057935	-0.009177	0	0	0	0	0	0
125209145043	-34.400391	-0.699219	-21.099609	-0.099609	-51.599609	7.500000	0.195075	-0.078547	-18.993290	-0.014221	0.052202	-0.007725	0	0	0	0	0	0
125560895369	-46.199219	-2.000000	-23.699219	0.199219	-53.400391	-0.400391	0.181078	-0.061175	-18.961226	-0.011381	0.061695	-0.008397	0	0	0	0	0	0
125909897124	-39.900391	-5.099609	-19.000000	-2.000000	-47.099609	3.601562	0.213898	0.078567	-18.683805	-0.011168	0.054460	-0.010186	0	0	0	0	0	0
126259896230	-38.800781	-3.099609	-27.400391	-4.300781	-51.000000	-4.699219	0.180048	0.011819	-18.842304	-0.010897	0.059464	-0.009067	0	0	0	0	0	0
126608646720	-34.900391	-1.400391	-19.300781	-3.300781	-46.800781	6.199219	0.201025	-0.026946	-18.765356	-0.009240	0.057480	-0.009063	0	0	0	0	0	0
126959147792	-49.699219	-6.099609	-23.599609	-1.000000	-46.000000	-1.000000	0.155169	-0.062418	-18.835478	-0.012758	0.053123	-0.007050	0	0	0	0	0	0
127309181172	-43.500000	-5.300781	-17.500000	5.398438	-44.599609	4.300781	0.395020	0.020986	-18.643538	-0.013652	0.057228	-0.008678	0	0	0	0	0	0
127657182210	-39.400391	-7.099609	-25.900391	3.000000	-47.599609	5.500000	0.151709	-0.005333	-18.836893	-0.011694	0.054211	-0.007837	0	0	0	0	0	0
128007148817	-44.599609	-3.400391	-16.599609	-1.199219	-46.699219	6.300781	0.219359	-0.073297	-18.921793	-0.012826	0.059998	-0.008840	0	0	0	0	0	0
128355899840	-42.800781	-7.300781	-25.500000	-3.400391	-49.099609	-4.599609	0.199502	-0.103938	-18.417700	-0.012436	0.055333	-0.012075	0	0	0	0	0	0
128706900653	-39.900391	2.300781	-16.599609	-3.900391	-47.699219	6.800781	0.192680	0.010094	-18.722401	-0.013543	0.059374	-0.008926	0	0	0	0	0	0
129056650722	-39.099609	-6.000000	-19.400391	-2.400391	-53.199219	-6.300781	0.160085	0.083954	-19.030060	-0.012443	0.048386	-0.008917	0	0	0	0	0	0
129401902108	-39.800781	-6.099609	-25.500000	3.898438	-48.000000	-6.699219	0.389691	-0.023417	-18.996946	-0.013258	0.060626	-0.007410	0	0	0	0	0	0
129733189235	-41.699219	-2.300781	-20.599609	-0.599609	-48.900391	6.101562	0.218370	0.034154	-17.958179	-0.012167	0.056199	-0.018576	0	0	0	0	0	0
130082152322	-50.900391	-1.000000	-28.000000	-8.699219	-47.800781	-5.199219	0.209971	0.038782	-19.539949	-0.008704	0.062605	-0.004010	0	0	0	0	0	0
130412904433	-37.599609	-5.900391	-23.500000	-1.300781	-48.500000	6.699219	0.280030	-0.007346	-18.070160	-0.013853	0.051462	-0.016765	0	0	0	0	0	0
130741403051	-42.199219	-8.000000	-14.199219	-4.599609	-47.199219	-5.900391	0.224367	0.115648	-18.724771	-0.012841	0.059134	-0.010995	0	0	0	0	0	0
131092659766	-42.599609	-2.300781	-25.300781	-2.199219	-45.400391	4.000000	0.191023	-0.205355	-17.880068	-0.013794	0.057903	-0.016082	0	0	0	0	0	0
131439908556	-42.400391	0.699219	-24.699219	-2.500000	-51.300781	-2.300781	0.133509	-0.021213	-18.837032	-0.014345	0.060900	-0.007311	0	0	0	0	0	0
131789904945	-39.800781	-0.400391	-22.699219	-0.400391	-45.199219	6.699219	0.123546	0.092889	-18.876137	-0.011617	0.056923	-0.008581	0	0	0	0	0	0
132140655569	-44.099609	-9.599609	-24.900391	0.800781	-53.900391	-6.400391	0.194037	-0.048625	-18.879112	-0.013954	0.058703	-0.008327	0	0	0	0	0	0
132490656079	-40.800781	-3.699219	-24.300781	-2.300781	-40.599609	4.800781	0.217707	-0.038304	-18.724733	-0.012592	0.059213	-0.009004	0	0	0	0	0	0
132842156473	-41.500000	-6.699219	-23.599609	-1.500000	-47.500000	-2.699219	0.236714	0.048987	-19.301773	-0.013282	0.059154	-0.005027	0	0	0	0	0	0
133191156288	-34.699219	0.000000	-18.199219	-7.599609	-44.599609	10.199219	0.167091	-0.019947	-18.639183	-0.015065	0.056633	-0.007582	0	0	0	0	0	0
133540918764	-43.500000	-7.599609	-21.900391	-2.900391	-56.500000	-3.199219	0.243356	-0.048703	-18.805201	-0.011391	0.057607	-0.009587	0	0	0	0	0	0
133892191055	-38.000000	-7.500000	-25.500000	-1.400391	-48.699219	7.500000	0.213615	0.082779	-18.147465	-0.012492	0.053698	-0.016686	0	0	0	0	0	0
134240923174	-50.800781	-6.699219	-16.300781	-2.199219	-47.099609	-5.099609	0.260335	-0.025567	-18.803741	-0.014511	0.058612	-0.009980	0	0	0	0	0	0
134590451605	-41.000000	-5.500000	-27.699219	1.398438	-41.500000	2.699219	0.193274	0.079082	-18.800724	-0.013077	0.057918	-0.009829	0	0	0	0	0	0
134938659572	-44.099609	-2.699219	-25.500000	1.601562	-51.599609	-2.400391	0.260604	0.039915	-18.843092	-0.014063	0.057874	-0.010829	0	0	0	0	0	0
135289410063	-45.900391	-0.800781	-17.000000	-2.000000	-41.900391	2.300781	0.123571	0.040365	-18.878321	-0.011940	0.061300	-0.008149	0	0	0	0	0	0
135638198067	-48.300781	-4.900391	-23.300781	-3.599609	-45.000000	-2.199219	0.144605	-0.060375	-18.801001	-0.010713	0.059336	-0.007350	0	0	0	0	0	0
135989196071	-39.500000	-2.900391	-21.900391	-1.099609	-37.500000	4.101562	0.219570	0.054160	-18.961515	-0.011948	0.059241	-0.010484	0	0	0	0	0	0
136339916134	-35.699219	-4.800781	-21.599609	-6.400391	-54.000000	-3.400391	0.198095	-0.015187	-18.953648	-0.014444	0.051794	-0.008477	0	0	0	0	0	0
136688662692	-44.099609	-2.900391	-20.000000	-3.300781	-46.400391	5.101562	0.188184	0.004636	-18.995932	-0.012308	0.054387	-0.008901	0	0	0	0	0	0
137040413047	-40.800781	-6.800781	-18.599609	1.300781	-51.400391	-3.199219	0.088045	0.071902	-18.836393	-0.011058	0.058959	-0.007643	0	0	0	0	0	0
137389413513	-41.500000	-3.800781	-18.699219	7.101562	-45.900391	1.800781	0.278354	-0.021584	-18.915274	-0.017843	0.050932	-0.009788	0	0	0	0	0	0
137740924201	-48.599609	-7.099609	-17.800781	-4.099609	-52.099609	-5.099609	0.172949	-0.010920	-18.802851	-0.009753	0.058039	-0.008631	0	0	0	0	0	0
138089166318	-41.300781	-1.000000	-24.699219	2.699219	-41.800781	2.398438	0.252524	-0.118111	-19.076569	-0.013232	0.052578	-0.008769	0	0	0	0	0	0
138429197227	-46.199219	-2.699219	-25.099609	-0.500000	-48.000000	6.699219	0.268086	-0.131595	-18.768372	-0.010674	0.058174	-0.009214	0	0	0	0	0	0
138778895669	-47.500000	-0.099609	-19.699219	-2.300781	-50.500000	-5.800781	0.174605	-0.024377	-18.997540	-0.009877	0.054458	-0.008500	0	0	0	0	0	0
139125521900	-38.699219	-3.000000	-23.500000	-2.000000	-43.199219	1.300781	0.083740	-0.160996	-19.653612	-0.016640	0.052806	-0.004642	0	0	0	0	0	0
139475396644	-40.300781	-5.000000	-20.599609	-0.199219	-48.699219	2.398438	0.149877	-0.093899	-18.346569	-0.012299	0.059319	-0.014815	0	0	0	0	0	0
139823397074	-45.400391	-2.900391	-16.599609	3.398438	-46.099609	-5.099609	0.240271	0.093302	-20.121796	-0.009060	0.054904	-0.003115	0	0	0	0	0	0
140174147779	-43.500000	-7.199219	-21.400391	-0.900391	-48.099609	2.898438	0.203493	-0.024856	-18.150028	-0.011233	0.057048	-0.015465	0	0	0	0	0	0
140523145963	-46.099609	-3.000000	-19.000000	-3.599609	-51.099609	-7.400391	0.255061	0.020468	-19.844576	-0.012842	0.056599	-0.001975	0	0	0	0	0	0
140874147151	-39.599609	-2.900391	-22.699219	2.601562	-47.099609	8.300781	0.141062	-0.042706	-18.069023	-0.015888	0.057884	-0.015690	0	0	0	0	0	0
141223897292	-42.000000	-6.099609	-21.699219	-2.699219	-50.199219	-4.099609	0.239720	0.134428	-19.996014	-0.010743	0.053752	-0.000834	0	0	0	0	0	0
141574462118	-35.099609	-6.699219	-21.300781	-4.099609	-46.599609	1.699219	0.113413	0.015697	-18.142633	-0.012796	0.060891	-0.012736	0	0	0	0	0	0
141922668723	-47.000000	-4.000000	-20.300781	-6.800781	-46.400391	-2.099609	0.204779	-0.060305	-18.804287	-0.010125	0.057848	-0.008711	0	0	0	0	0	0
142272400768	-41.500000	-2.900391	-24.699219	-0.500000	-48.599609	5.898438	0.035882	0.008249	-18.795671	-0.012757	0.060066	-0.006716	0	0	0	0	0	0
142624184585	-42.300781	-2.199219	-18.300781	-1.400391	-46.300781	-6.300781	0.332220	-0.108077	-20.039778	-0.011853	0.053596	0.000076	0	0	0	0	0	0
142971659231	-38.699219	-0.900391	-21.400391	2.000000	-40.000000	2.398438	0.128070	-0.035874	-18.989899	-0.013217	0.051527	-0.006778	0	0	0	0	0	0
143300402090	-42.599609	-6.400391	-19.300781	-6.699219	-49.000000	-4.199219	0.173292	-0.022188	-19.039309	-0.013783	0.056008	-0.010609	0	0	0	0	0	0
143651653328	-40.400391	0.101562	-19.900391	-4.900391	-43.400391	4.800781	0.096679	0.046319	-18.877098	-0.011918	0.057132	-0.008581	0	0	0	0	0	0
144002161658	-39.599609	-5.000000	-16.900391	-6.800781	-52.400391	-10.800781	0.244626	-0.025226	-18.963659	-0.011213	0.059090	-0.010165	0	0	0	0	0	0
144350403704	-46.800781	-2.400391	-22.699219	-6.699219	-49.199219	5.898438	0.208987	0.141030	-18.921295	-0.009416	0.054528	-0.011267	0	0	0	0	0	0
144701155050	-47.500000	-7.300781	-17.000000	-6.099609	-49.500000	-5.800781	0.258237	-0.005665	-18.959496	-0.013750	0.054663	-0.010201	0	0	0	0	0	0
145053653213	-38.900391	-0.400391	-23.099609	-0.099609	-47.500000	-1.599609	0.207207	-0.055165	-18.685137	-0.010759	0.056712	-0.008577	0	0	0	0	0	0
145401658332	-43.900391	-4.199219	-21.900391	-6.699219	-53.300781	-4.099609	0.198327	0.038211	-18.997929	-0.013998	0.059779	-0.009656	0	0	0	0	0	0
145752424402	-37.800781	-5.400391	-20.900391	-1.099609	-47.599609	11.300781	0.180434	-0.025115	-18.878531	-0.011200	0.054398	-0.008358	0	0	0	0	0	0
146101916798	-38.400391	-2.900391	-21.099609	-3.500000	-47.099609	-3.099609	0.212118	0.058903	-18.883276	-0.010607	0.058525	-0.010393	0	0	0	0	0	0
146452906692	-45.699219	0.699219	-16.199219	-2.099609	-49.099609	5.101562	0.181053	-0.008651	-18.959040	-0.011057	0.057319	-0.008829	0	0	0	0	0	0
146803157933	-42.500000	-3.900391	-26.699219	-1.099609	-50.699219	-1.900391	0.129457	-0.022348	-18.758940	-0.013693	0.061260	-0.007212	0	0	0	0	0	0
147151921679	-39.400391	-8.199219	-19.400391	-1.099609	-47.300781	-0.800781	0.196406	0.007723	-18.761520	-0.014213	0.059732	-0.008972	0	0	0	0	0	0
147501659058	-41.599609	-3.599609	-25.099609	-4.699219	-49.699219	-1.400391	0.254034	0.001835	-19.274565	-0.012391	0.053314	-0.010593	0	0	0	0	0	0
147850658967	-40.300781	0.800781	-20.300781	-5.699219	-43.500000	-0.599609	0.106033	0.096105	-18.949297	-0.014229	0.053453	-0.007832	0	0	0	0	0	0
148200410435	-40.800781	-4.900391	-19.599609	-4.000000	-43.000000	-1.400391	0.116090	0.076096	-18.800268	-0.010384	0.060574	-0.008456	0	0	0	0	0	0
148548410327	-39.099609	0.898438	-18.400391	0.300781	-47.099609	5.800781	0.316360	0.061673	-19.810707	-0.011344	0.052549	-0.004978	0	0	0	0	0	0
148901667306	-49.300781	-4.800781	-25.300781	-7.500000	-48.900391	-3.000000	0.117746	0.062638	-18.994955	-0.010509	0.056993	-0.008325	0	0	0	0	0	0
149252933898	-42.300781	-2.400391	-21.699219	-4.099609	-49.800781	5.300781	0.239984	-0.073813	-18.804869	-0.010917	0.056540	-0.009197	0	0	0	0	0	0
149601662090	-43.099609	-5.800781	-24.099609	-4.300781	-51.099609	0.000000	0.158128	0.041382	-18.798582	-0.012660	0.057062	-0.008563	0	0	0	0	0	0
149951661807	-37.400391	-2.300781	-14.599609	-6.599609	-44.400391	5.699219	0.105628	-0.156111	-18.764973	-0.013320	0.059322	-0.008580	0	0	0	0	0	0
150299662306	-41.599609	-7.699219	-18.500000	-3.400391	-50.099609	-1.599609	0.197384	-0.117538	-18.725674	-0.009214	0.057151	-0.007824	0	0	0	0	0	0
150651413361	-42.599609	-6.300781	-15.500000	3.398438	-49.900391	4.199219	0.167360	0.086287	-18.961395	-0.007767	0.057351	-0.010020	0	0	0	0	0	0
151001830742	-47.099609	-8.000000	-20.099609	-5.599609	-46.199219	-1.699219	0.132331	0.081950	-19.108902	-0.013046	0.052593	-0.008505	0	0	0	0	0	0
151328664315	-48.599609	-1.500000	-15.900391	-11.300781	-47.900391	3.500000	0.190303	0.036349	-19.879862	-0.013276	0.061737	0.000242	0	0	0	0	0	0
151682893438	-49.699219	-5.400391	-21.300781	-4.599609	-48.699219	4.300781	0.185524	0.049331	-18.683325	-0.011968	0.057930	-0.009286	0	0	0	0	0	0
152030394073	-42.300781	-1.900391	-21.199219	-0.699219	-41.500000	10.800781	0.250129	-0.029470	-18.805679	-0.012554	0.059749	-0.009970	0	0	0	0	0	0
152381395049	-41.699219	-1.000000	-23.400391	-3.000000	-50.000000	0.300781	0.097868	0.134275	-18.795853	-0.012603	0.058520	-0.008396	0	0	0	0	0	0
152730395950	-39.300781	1.601562	-14.400391	-2.900391	-42.500000	4.800781	0.362969	-0.026859	-19.430235	-0.012620	0.058398	-0.008352	0	0	0	0	0	0
153081669341	-46.699219	-10.800781	-22.300781	-5.500000	-48.000000	-2.800781	0.260986	-0.018554	-18.881691	-0.014475	0.057175	-0.010087	0	0	0	0	0	0
153431396044	-44.300781	-3.800781	-21.500000	0.398438	-50.400391	2.000000	0.255901	0.031768	-18.687048	-0.013447	0.059671	-0.010623	0	0	0	0	0	0
153779659353	-37.099609	-8.199219	-20.900391	-3.300781	-49.800781	-8.599609	0.216908	-0.038425	-18.452351	-0.011951	0.058786	-0.009946	0	0	0	0	0	0
154130397507	-36.699219	-0.500000	-20.900391	-7.699219	-46.099609	6.699219	0.195929	0.012851	-19.115705	-0.013525	0.058741	-0.009409	0	0	0	0	0	0
154478398170	-35.099609	-4.699219	-24.300781	0.398438	-50.300781	3.601562	0.187248	0.028576	-18.034319	-0.012188	0.054974	-0.017807	0	0	0	0	0	0
154830146750	-43.199219	-2.800781	-19.099609	1.199219	-41.400391	2.398438	0.241912	-0.075268	-19.733562	-0.013552	0.052398	-0.004889	0	0	0	0	0	0
155179146534	-44.900391	-4.599609	-21.900391	0.800781	-51.199219	9.199219	0.283732	0.146039	-17.719614	-0.014050	0.057837	-0.018673	0	0	0	0	0	0
155530647477	-42.099609	-3.000000	-15.800781	-6.800781	-46.500000	3.398438	0.375616	-0.060770	-19.458807	-0.012857	0.057535	-0.003393	0	0	0	0	0	0
155882153456	-47.699219	-2.300781	-23.500000	-2.500000	-50.300781	-5.099609	0.256226	0.035274	-18.726019	-0.013428	0.058952	-0.010677	0	0	0	0	0	0
156231403133	-41.500000	-2.000000	-11.199219	-2.000000	-41.699219	5.101562	0.134315	0.039453	-18.802313	-0.008057	0.058261	-0.008550	0	0	0	0	0	0
156581403986	-44.400391	-6.300781	-21.199219	-3.699219	-52.599609	-5.300781	0.267468	-0.001512	-18.839447	-0.015707	0.053496	-0.010069	0	0	0	0	0	0
156930409173	-40.000000	-2.199219	-19.800781	-4.000000	-49.000000	-3.900391	0.136526	-0.071854	-19.186060	-0.014773	0.052282	-0.006615	0	0	0	0	0	0
157281903426	-47.900391	-5.800781	-24.099609	-1.300781	-51.000000	-2.300781	0.254508	-0.014061	-18.921562	-0.013134	0.056488	-0.010139	0	0	0	0	0	0
157633187550	-39.900391	-1.599609	-23.400391	-2.800781	-43.800781	6.398438	0.293588	-0.049342	-18.569286	-0.015357	0.059430	-0.010163	0	0	0	0	0	0
157981656481	-45.099609	-8.699219	-22.800781	-2.900391	-52.000000	-4.800781	0.250131	-0.018702	-18.804493	-0.012499	0.057566	-0.009987	0	0	0	0	0	0
158332401513	-40.500000	-4.900391	-22.500000	0.101562	-46.900391	3.500000	0.295720	-0.037944	-18.693836	-0.009374	0.060478	-0.011167	0	0	0	0	0	0
158681186890	-35.300781	-7.500000	-21.699219	-2.099609	-52.800781	-4.500000	0.221026	0.107825	-18.374556	-0.010994	0.053622	-0.012754	0	0	0	0	0	0
159032154801	-37.199219	-5.599609	-19.699219	-0.400391	-41.599609	1.601562	0.088043	0.061134	-18.837578	-0.011112	0.061142	-0.007626	0	0	0	0	0	0
159380187991	-40.800781	-7.000000	-22.199219	-2.599609	-48.900391	2.500000	0.195843	-0.006469	-17.984797	-0.011772	0.054471	-0.012749	0	0	0	0	0	0
159731657300	-40.800781	1.000000	-25.699219	0.300781	-56.099609	1.898438	0.092062	-0.031512	-19.305714	-0.011809	0.054746	-0.006658	0	0	0	0	0	0
160081656579	-43.300781	-6.500000	-26.099609	0.699219	-48.400391	-1.300781	0.251853	0.052170	-18.606581	-0.012685	0.055664	-0.010558	0	0	0	0	0	0
160429656952	-42.400391	-1.500000	-19.300781	-4.599609	-44.400391	-1.000000	0.238159	-0.031141	-19.693443	-0.012613	0.049847	-0.005258	0	0	0	0	0	0
160780408147	-40.900391	-3.000000	-20.199219	-1.199219	-52.400391	-0.300781	0.367961	-0.102066	-18.150198	-0.010579	0.058094	-0.013617	0	0	0	0	0	0
161131157848	-37.000000	-0.099609	-21.599609	1.300781	-47.400391	2.800781	0.240846	-0.014359	-19.619572	-0.013071	0.058889	-0.005888	0	0	0	0	0	0
161481191099	-40.599609	-6.500000	-22.800781	-0.500000	-49.000000	-1.800781	0.104890	-0.043420	-18.340254	-0.011233	0.060641	-0.012180	0	0	0	0	0	0
161831191573	-39.000000	-3.099609	-15.000000	-0.400391	-48.699219	1.699219	0.242269	0.011251	-19.383682	-0.013544	0.059899	-0.005992	0	0	0	0	0	0
162178909454	-40.599609	-2.800781	-22.699219	-3.699219	-53.599609	4.101562	0.193892	0.147282	-17.598984	-0.010005	0.060507	-0.015883	0	0	0	0	0	0
162528659792	-39.400391	-5.599609	-12.099609	-5.099609	-51.099609	-3.199219	0.235840	0.111386	-19.766020	-0.009558	0.058080	-0.001786	0	0	0	0	0	0
162877660473	-41.300781	-0.099609	-23.300781	-3.900391	-49.500000	5.000000	0.179077	0.033604	-18.721821	-0.010788	0.055069	-0.008957	0	0	0	0	0	0
163227410901	-45.400391	-4.099609	-18.000000	-2.599609	-53.500000	-2.199219	0.125970	0.076493	-18.759356	-0.012360	0.060154	-0.008413	0	0	0	0	0	0
163575411279	-41.199219	-2.900391	-22.900391	5.000000	-44.400391	3.000000	0.205191	-0.003216	-18.994286	-0.015642	0.055401	-0.008895	0	0	0	0	0	0
163925413636	-42.000000	-8.000000	-18.900391	-3.400391	-48.599609	-4.099609	0.259619	-0.116908	-19.118393	-0.014485	0.058369	-0.009170	0	0	0	0	0	0
164275162097	-42.800781	-1.500000	-20.300781	-1.599609	-44.199219	-0.900391	0.189281	0.026740	-18.721071	-0.012800	0.056114	-0.008951	0	0	0	0	0	0
164624196775	-44.300781	-7.000000	-24.800781	-2.199219	-48.699219	-0.199219	0.156505	0.086139	-18.884195	-0.005792	0.057742	-0.009919	0	0	0	0	0	0
164975663468	-37.900391	0.199219	-18.699219	-4.500000	-49.300781	0.500000	0.126652	0.063285	-18.835932	-0.012484	0.056544	-0.008139	0	0	0	0	0	0
165324664103	-34.500000	-9.400391	-21.800781	-7.099609	-54.300781	0.898438	0.182529	-0.066553	-18.725149	-0.012069	0.062714	-0.008103	0	0	0	0	0	0
165674643896	-38.000000	-3.400391	-21.400391	3.300781	-45.500000	1.699219	0.154994	0.101973	-18.838972	-0.011578	0.057431	-0.009403	0	0	0	0	0	0
166022644032	-40.300781	-3.099609	-23.199219	1.101562	-53.599609	-1.699219	0.173187	0.074781	-18.843573	-0.009144	0.059475	-0.009861	0	0	0	0	0	0
166372894328	-46.800781	0.300781	-20.099609	-2.699219	-47.500000	6.398438	0.131680	0.074938	-19.030951	-0.013082	0.054030	-0.008398	0	0	0	0	0	0
166723145310	-41.400391	-3.500000	-28.599609	-5.400391	-46.400391	-3.699219	0.137561	-0.020079	-18.915129	-0.014998	0.060539	-0.007410	0	0	0	0	0	0
167072416940	-40.699219	-0.900391	-15.699219	1.101562	-43.199219	1.199219	0.243952	0.031053	-18.882339	-0.010871	0.053968	-0.010507	0	0	0	0	0	0
167423646593	-42.500000	-5.099609	-22.500000	-4.400391	-45.099609	0.101562	0.159164	0.000692	-18.913946	-0.012981	0.052743	-0.007945	0	0	0	0	0	0
167772646652	-37.599609	-5.900391	-17.400391	1.000000	-45.800781	5.000000	0.172677	-0.054623	-19.304939	-0.015350	0.050993	-0.007642	0	0	0	0	0	0
168123647386	-46.900391	-7.800781	-20.500000	-1.599609	-52.099609	-3.800781	0.181350	0.025843	-18.998201	-0.010824	0.056591	-0.009280	0	0	0	0	0	0
168473897898	-41.099609	-1.300781	-23.900391	1.601562	-46.099609	3.300781	0.176291	0.034410	-18.804556	-0.010066	0.061279	-0.009402	0	0	0	0	0	0
168823396299	-38.900391	-2.599609	-23.099609	-4.000000	-50.400391	-0.400391	0.201676	-0.019934	-18.843306	-0.009204	0.056044	-0.009170	0	0	0	0	0	0
169177670000	-44.000000	2.500000	-20.300781	-8.199219	-47.000000	8.601562	0.138698	0.076397	-18.915825	-0.008528	0.050633	-0.008753	0	0	0	0	0	0
169525651981	-44.900391	-4.400391	-26.000000	-2.300781	-48.900391	-1.000000	0.185495	0.080319	-18.683510	-0.011754	0.057920	-0.009684	0	0	0	0	0	0
169876399871	-45.599609	-5.400391	-18.900391	-6.000000	-45.500000	5.398438	0.119081	0.067211	-19.148296	-0.010543	0.049763	-0.008175	0	0	0	0	0	0
170225400563	-43.400391	-3.900391	-19.699219	-3.599609	-53.099609	-1.900391	0.117124	0.024639	-18.916821	-0.010760	0.058439	-0.007821	0	0	0	0	0	0
170575403688	-36.800781	-5.500000	-21.599609	-0.199219	-48.199219	5.398438	0.097931	0.104603	-18.791922	-0.012870	0.051990	-0.007651	0	0	0	0	0	0
170928903342	-39.900391	-2.599609	-15.699219	-2.699219	-51.099609	-1.099609	0.218968	-0.058738	-19.725325	-0.012694	0.057908	-0.000151	0	0	0	0	0	0
171278903698	-41.800781	-4.400391	-24.099609	-5.199219	-46.599609	7.898438	0.215178	-0.007299	-18.149721	-0.012477	0.052640	-0.016774	0	0	0	0	0	0
171631403077	-40.699219	-1.599609	-12.699219	-7.699219	-50.099609	3.898438	0.258786	0.044837	-19.536367	-0.012033	0.056869	-0.004533	0	0	0	0	0	0
171981186623	-42.599609	-7.300781	-28.199219	1.300781	-44.599609	-2.300781	0.188598	0.127474	-18.533871	-0.009525	0.053153	-0.013745	0	0	0	0	0	0
172332153343	-39.800781	0.500000	-20.699219	-1.800781	-44.900391	5.000000	0.197036	0.031252	-19.229580	-0.010099	0.059763	-0.006596	0	0	0	0	0	0
172684424838	-43.099609	-1.400391	-23.300781	-5.099609	-54.800781	4.199219	0.192593	-0.000175	-19.110443	-0.013048	0.048952	-0.008689	0	0	0	0	0	0
173033402889	-43.099609	0.300781	-22.099609	-3.199219	-43.599609	7.199219	0.218976	-0.014828	-18.883192	-0.012414	0.060697	-0.009582	0	0	0	0	0	0
173383405035	-39.599609	-6.400391	-22.000000	-4.699219	-51.900391	0.101562	0.179660	-0.054480	-19.193556	-0.010744	0.054136	-0.008344	0	0	0	0	0	0
173733227131	-38.300781	-3.900391	-22.699219	-4.400391	-46.000000	4.398438	0.210901	-0.048085	-18.726816	-0.011324	0.061427	-0.008986	0	0	0	0	0	0
174083906207	-40.400391	-1.900391	-24.000000	-3.800781	-53.099609	-5.300781	0.133842	0.025365	-18.871265	-0.014110	0.051449	-0.007432	0	0	0	0	0	0
174432906498	-40.000000	-2.000000	-17.199219	-3.900391	-48.000000	3.601562	0.222917	-0.014753	-18.808079	-0.007208	0.057689	-0.009981	0	0	0	0	0	0
174784190021	-41.699219	-0.699219	-19.000000	2.000000	-52.699219	-2.599609	0.203443	-0.032332	-19.191198	-0.015187	0.055110	-0.008738	0	0	0	0	0	0
175134157925	-45.800781	-1.800781	-20.300781	-5.599609	-48.900391	0.601562	0.208447	-0.011469	-18.844969	-0.010420	0.060370	-0.009535	0	0	0	0	0	0
175482407489	-44.099609	-4.400391	-26.199219	-2.400391	-49.199219	-2.400391	0.159103	0.041132	-18.916691	-0.012660	0.057090	-0.008706	0	0	0	0	0	0
175834323879	-40.400391	-4.900391	-20.400391	-4.300781	-50.900391	2.601562	0.114343	0.057748	-18.995996	-0.009875	0.058100	-0.008316	0	0	0	0	0	0
176182909600	-44.699219	-3.400391	-17.900391	-1.000000	-50.400391	-3.000000	0.216734	-0.027286	-18.605436	-0.012538	0.057001	-0.008878	0	0	0	0	0	0
176533910018	-36.099609	-1.599609	-21.099609	1.398438	-43.400391	7.300781	0.171113	0.042160	-19.001513	-0.008707	0.059902	-0.009650	0	0	0	0	0	0
176882660152	-35.300781	-6.500000	-29.400391	-1.300781	-52.099609	-3.500000	0.192325	-0.065657	-19.071096	-0.013496	0.049689	-0.007840	0	0	0	0	0	0
177231910808	-46.099609	-4.000000	-15.699219	-2.800781	-47.300781	0.199219	0.245601	-0.025476	-19.081770	-0.011213	0.059119	-0.010308	0	0	0	0	0	0
177584412260	-41.699219	-6.500000	-20.800781	-8.599609	-53.900391	-4.000000	0.178598	0.027965	-19.077192	-0.010154	0.056261	-0.009378	0	0	0	0	0	0
177933220619	-39.300781	-2.000000	-18.000000	-1.599609	-48.199219	1.000000	0.163482	0.056540	-19.032576	-0.013240	0.053829	-0.008876	0	0	0	0	0	0
178284927424	-41.699219	-8.699219	-19.400391	-3.800781	-51.900391	-1.699219	0.182121	0.044441	-18.684362	-0.011334	0.059036	-0.009277	0	0	0	0	0	0
178634663164	-43.900391	1.300781	-16.800781	-0.400391	-46.599609	-1.000000	0.190874	0.042954	-18.919687	-0.012657	0.059063	-0.009565	0	0	0	0	0	0
178985663357	-45.099609	-6.599609	-24.099609	-2.300781	-53.900391	-5.300781	0.144816	0.067082	-18.840723	-0.009835	0.058579	-0.008995	0	0	0	0	0	0
179335918737	-43.800781	-2.900391	-22.199219	-2.199219	-50.000000	5.898438	0.189604	0.019478	-18.761230	-0.012836	0.057579	-0.008987	0	0	0	0	0	0
179682893908	-37.500000	-10.300781	-22.300781	-7.599609	-49.699219	-3.400391	0.242351	-0.028233	-18.688465	-0.011231	0.059751	-0.009825	0	0	0	0	0	0
180034165132	-34.099609	5.398438	-17.400391	-5.000000	-44.400391	4.000000	0.250696	0.081274	-18.883003	-0.011818	0.056101	-0.011287	0	0	0	0	0	0
180383894286	-47.400391	-8.599609	-23.599609	-0.699219	-53.000000	-3.800781	0.252111	-0.039421	-19.039339	-0.012660	0.055450	-0.009892	0	0	0	0	0	0
180735645222	-42.099609	-0.099609	-19.000000	-2.500000	-44.699219	9.500000	0.185407	0.059281	-19.072741	-0.011314	0.049681	-0.009430	0	0	0	0	0	0
181084645770	-44.300781	-4.500000	-23.099609	-8.000000	-51.699219	-3.599609	0.129731	0.075438	-18.794733	-0.013082	0.053972	-0.008112	0	0	0	0	0	0
181432666863	-36.500000	-4.699219	-16.300781	4.300781	-52.300781	5.300781	0.184099	0.012953	-18.920397	-0.011549	0.059103	-0.009166	0	0	0	0	0	0
181783396262	-42.900391	-4.900391	-22.000000	-4.500000	-50.699219	-0.800781	0.221906	-0.024026	-18.951103	-0.019101	0.052778	-0.008473	0	0	0	0	0	0
182131396933	-40.000000	-0.699219	-17.199219	-2.199219	-49.699219	-7.300781	0.130753	-0.143860	-19.305882	-0.013934	0.054544	-0.005944	0	0	0	0	0	0
182482147562	-47.000000	-5.400391	-23.500000	-4.199219	-50.400391	-2.699219	0.274216	-0.076302	-18.686155	-0.011655	0.053020	-0.009558	0	0	0	0	0	0
182832898592	-40.099609	2.800781	-14.300781	-0.599609	-49.000000	3.300781	0.162415	0.014217	-19.306067	-0.012909	0.049928	-0.008444	0	0	0	0	0	0
183182898407	-46.500000	-2.400391	-22.900391	-3.800781	-48.099609	-1.900391	0.199336	0.039277	-19.112293	-0.014050	0.053268	-0.009452	0	0	0	0	0	0
183533525082	-43.300781	-0.500000	-15.800781	1.398438	-46.000000	2.199219	0.218653	-0.007566	-18.843029	-0.012378	0.059232	-0.009545	0	0	0	0	0	0
183882671418	-45.300781	-2.900391	-20.699219	-5.800781	-54.400391	-3.400391	0.220757	0.004836	-18.683720	-0.012975	0.056631	-0.009375	0	0	0	0	0	0
184234150329	-43.000000	-2.900391	-17.900391	4.300781	-43.000000	10.199219	0.198568	-0.001099	-18.884693	-0.008391	0.058606	-0.009595	0	0	0	0	0	0
184584900709	-42.599609	-12.000000	-23.199219	1.898438	-53.199219	-0.500000	0.120614	-0.052666	-18.914032	-0.011984	0.055178	-0.006653	0	0	0	0	0	0
184935651782	-50.000000	-6.199219	-16.599609	-1.000000	-47.699219	5.199219	0.270540	-0.032431	-18.802990	-0.016522	0.059657	-0.009974	0	0	0	0	0	0
185283901045	-47.199219	-0.800781	-24.599609	0.800781	-53.800781	-0.300781	0.215576	-0.008950	-18.883047	-0.011725	0.059621	-0.009590	0	0	0	0	0	0
185635416521	-40.199219	-2.900391	-21.099609	-2.300781	-44.500000	10.101562	0.161527	0.024736	-18.799911	-0.013403	0.060321	-0.008538	0	0	0	0	0	0
185987152696	-41.900391	-10.300781	-22.699219	-6.199219	-47.800781	-7.199219	0.171737	0.090927	-19.078465	-0.008401	0.056273	-0.010172	0	0	0	0	0	0
186336903005	-34.400391	2.199219	-20.800781	-5.699219	-50.099609	7.398438	0.243297	0.002505	-18.806761	-0.011016	0.059770	-0.010366	0	0	0	0	0	0
186688654062	-38.500000	-10.599609	-16.699219	-5.099609	-43.900391	-1.199219	0.341088	0.091281	-19.341427	-0.015709	0.057754	-0.006436	0	0	0	0	0	0
187038654225	-38.199219	-2.000000	-20.199219	-4.400391	-52.699219	2.699219	0.144194	0.029082	-18.762585	-0.010087	0.060025	-0.008490	0	0	0	0	0	0
187389210855	-44.699219	-5.199219	-19.599609	-6.099609	-50.400391	-6.699219	0.286367	0.031239	-19.957939	-0.013496	0.050966	-0.001365	0	0	0	0	0	0
187739155417	-48.199219	-0.900391	-22.500000	-6.199219	-44.599609	4.199219	0.224974	0.076794	-18.154335	-0.008575	0.057946	-0.017524	0	0	0	0	0	0
188089188530	-49.699219	-5.599609	-15.500000	-7.699219	-48.199219	-3.400391	0.239984	-0.073813	-18.804869	-0.010917	0.056540	-0.009197	0	0	0	0	0	0
188440656572	-36.000000	-6.099609	-18.199219	-1.400391	-50.500000	4.300781	0.219941	-0.100379	-18.066313	-0.015086	0.052979	-0.014211	0	0	0	0	0	0
188773942311	-37.500000	-1.800781	-23.199219	-6.599609	-44.300781	-0.500000	0.208096	0.037548	-18.803808	-0.010115	0.056712	-0.009913	0	0	0	0	0	0
189106442748	-40.699219	-2.300781	-25.699219	-6.699219	-46.699219	0.199219	0.218007	0.017726	-18.761524	-0.012251	0.054119	-0.009490	0	0	0	0	0	0
189438157670	-45.599609	-3.300781	-19.599609	-1.599609	-46.000000	0.800781	0.151436	-0.042331	-19.037809	-0.010634	0.055015	-0.008943	0	0	0	0	0	0
189791158489	-42.900391	-10.000000	-20.099609	-9.500000	-48.199219	1.898438	0.243651	0.039910	-19.643972	-0.012658	0.060204	0.000440	0	0	0	0	0	0
190140190308	-44.699219	-5.699219	-22.699219	-4.300781	-48.900391	7.898438	0.281801	0.019265	-18.113325	-0.013015	0.051830	-0.018480	0	0	0	0	0	0
190468191871	-44.300781	-2.199219	-19.699219	-4.099609	-45.199219	-2.199219	0.261256	0.057695	-18.919855	-0.013972	0.054254	-0.010953	0	0	0	0	0	0
190819659608	-38.500000	-0.300781	-18.599609	-1.000000	-51.599609	4.300781	0.136645	-0.071037	-18.795462	-0.015373	0.058347	-0.006488	0	0	0	0	0	0
191169660197	-47.400391	-3.300781	-22.900391	-3.800781	-51.199219	-5.400391	0.219212	-0.043127	-19.312580	-0.012010	0.053923	-0.009364	0	0	0	0	0	0
191522160561	-35.800781	-2.500000	-25.199219	3.500000	-50.500000	6.000000	0.180567	0.014409	-17.990753	-0.012890	0.058975	-0.015183	0	0	0	0	0	0
191870912188	-42.699219	-7.400391	-15.699219	-8.599609	-49.400391	-6.400391	0.252310	0.022590	-19.923569	-0.012171	0.056270	-0.002072	0	0	0	0	0	0
192221662745	-40.300781	-1.400391	-24.800781	-3.599609	-45.099609	6.300781	0.225158	0.058708	-17.758615	-0.009387	0.055298	-0.016669	0	0	0	0	0	0
192573152943	-43.400391	-7.000000	-17.599609	-2.300781	-47.599609	-2.599609	0.132103	0.058271	-19.417950	-0.011120	0.063116	-0.003313	0	0	0	0	0	0
192924193493	-44.400391	-6.300781	-22.099609	-3.099609	-47.900391	3.601562	0.154519	0.094590	-18.606752	-0.010973	0.058469	-0.010381	0	0	0	0	0	0
193275663387	-39.099609	-0.599609	-14.900391	0.000000	-41.699219	6.300781	0.236963	-0.001394	-18.997282	-0.015640	0.057374	-0.009754	0	0	0	0	0	0
193624197779	-46.199219	-4.900391	-22.599609	-4.900391	-48.800781	2.699219	0.310315	0.138441	-18.414371	-0.011489	0.055555	-0.012863	0	0	0	0	0	0
193975643522	-42.099609	2.300781	-17.800781	-0.500000	-48.199219	1.000000	0.180906	0.124752	-18.962347	-0.010092	0.061636	-0.010784	0	0	0	0	0	0
194324429150	-45.199219	-0.699219	-18.400391	0.800781	-44.800781	-2.900391	0.227411	-0.000028	-18.489576	-0.013675	0.056921	-0.010407	0	0	0	0	0	0
194675394676	-41.000000	-2.500000	-17.599609	-3.199219	-50.900391	-2.300781	0.163683	0.026925	-19.465712	-0.012785	0.053595	-0.009005	0	0	0	0	0	0
195024177263	-43.199219	-8.500000	-21.800781	-1.099609	-49.599609	5.500000	0.304237	0.046411	-18.105104	-0.014746	0.057068	-0.014621	0	0	0	0	0	0
195374149963	-37.500000	-3.300781	-19.599609	-6.099609	-48.099609	5.398438	0.237772	0.005793	-19.657217	-0.012310	0.054912	-0.005966	0	0	0	0	0	0
195723896005	-45.699219	-7.099609	-22.599609	-1.800781	-45.400391	3.300781	0.206245	0.010530	-17.722521	-0.010370	0.055107	-0.017898	0	0	0	0	0	0
196076646213	-42.500000	1.101562	-20.199219	2.199219	-48.500000	2.699219	0.167327	0.054986	-18.681091	-0.014511	0.060252	-0.008795	0	0	0	0	0	0
196426398059	-41.400391	-13.500000	-24.199219	-9.900391	-54.199219	1.601562	0.252138	-0.081177	-19.040340	-0.012929	0.057643	-0.009477	0	0	0	0	0	0
196779397726	-36.300781	-2.699219	-25.000000	-0.900391	-43.400391	14.300781	0.254918	-0.114287	-18.961163	-0.013814	0.057982	-0.008982	0	0	0	0	0	0
197129899929	-43.000000	-5.800781	-16.599609	-7.300781	-46.300781	-7.099609	0.133095	-0.045757	-19.187286	-0.013924	0.053379	-0.007003	0	0	0	0	0	0
197478898698	-36.900391	-0.599609	-21.099609	3.199219	-43.500000	5.199219	0.184636	0.143917	-18.999096	-0.010654	0.057628	-0.010864	0	0	0	0	0	0
197829525122	-51.000000	-4.300781	-18.900391	-7.900391	-51.000000	-2.300781	0.192207	0.036758	-19.074217	-0.012745	0.054017	-0.009397	0	0	0	0	0	0
198178253816	-44.400391	-4.800781	-18.000000	1.300781	-47.800781	2.398438	0.182180	-0.006767	-18.682804	-0.011710	0.056873	-0.008498	0	0	0	0	0	0
198530900589	-40.400391	-5.300781	-23.199219	4.398438	-46.800781	-3.900391	0.133806	0.013281	-18.876196	-0.014112	0.060172	-0.007762	0	0	0	0	0	0
198879901492	-38.199219	0.000000	-17.599609	-1.300781	-41.500000	2.398438	0.175291	0.087184	-18.684261	-0.009742	0.056874	-0.009691	0	0	0	0	0	0
199229902807	-41.199219	-2.300781	-19.300781	-6.599609	-48.000000	-3.699219	0.137149	0.069379	-18.876717	-0.014371	0.061228	-0.008550	0	0	0	0	0	0
199580901910	-44.000000	-7.099609	-19.000000	0.000000	-48.400391	1.398438	0.243948	0.009517	-18.884712	-0.010980	0.058334	-0.010473	0	0	0	0	0	0
199929652486	-49.900391	-6.500000	-17.000000	-0.599609	-49.300781	-0.800781	0.197828	-0.069900	-18.913113	-0.014837	0.050348	-0.007645	0	0	0	0	0	0
200281188222	-32.500000	-4.099609	-20.300781	3.898438	-50.800781	4.601562	0.184221	-0.067926	-18.914906	-0.012191	0.050410	-0.007642	0	0	0	0	0	0
200630903930	-42.800781	-5.300781	-20.199219	0.500000	-47.099609	-0.199219	0.187770	0.083325	-18.958704	-0.011736	0.057259	-0.010024	0	0	0	0	0	0
200982903995	-41.300781	-2.900391	-21.699219	-1.699219	-52.599609	3.300781	0.130367	0.128864	-17.790472	-0.014059	0.055249	-0.016091	0	0	0	0	0	0
201314405392	-38.199219	-3.400391	-15.699219	-3.400391	-52.800781	2.101562	0.287242	-0.040427	-19.538660	-0.011986	0.057795	-0.004206	0	0	0	0	0	0
201643193875	-36.400391	-7.000000	-23.099609	-4.199219	-52.800781	2.000000	0.211536	0.055361	-17.960447	-0.010684	0.058404	-0.018955	0	0	0	0	0	0
201974906768	-43.599609	-2.300781	-17.099609	-2.699219	-46.300781	-4.099609	0.159997	-0.055413	-19.577250	-0.010029	0.056841	-0.003709	0	0	0	0	0	0
202304201657	-49.000000	-5.400391	-24.000000	-6.099609	-45.099609	1.601562	0.153860	0.102048	-18.138880	-0.014872	0.058428	-0.013154	0	0	0	0	0	0
202657189245	-47.199219	-5.800781	-15.199219	-4.800781	-51.400391	2.898438	0.197383	0.018241	-18.878443	-0.014159	0.057577	-0.009132	0	0	0	0	0	0
203006157515	-39.199219	-5.400391	-20.800781	0.398438	-54.300781	-2.000000	0.235138	0.072979	-18.649761	-0.009227	0.058288	-0.010981	0	0	0	0	0	0
203357907807	-41.900391	-6.599609	-18.599609	2.000000	-52.199219	0.601562	0.188094	0.076063	-18.998865	-0.011772	0.058724	-0.010060	0	0	0	0	0	0
203709658246	-37.900391	-9.199219	-20.599609	2.101562	-46.699219	-4.000000	0.219628	-0.007816	-18.961140	-0.012378	0.059261	-0.009689	0	0	0	0	0	0
204059408334	-40.599609	0.000000	-15.800781	-5.599609	-48.800781	0.500000	0.198303	-0.045044	-18.842972	-0.008730	0.054977	-0.008780	0	0	0	0	0	0
204410408556	-47.199219	-2.099609	-17.500000	-10.699219	-50.199219	-0.699219	0.248678	-0.024092	-19.041756	-0.011865	0.058730	-0.010264	0	0	0	0	0	0
204759159316	-35.300781	0.898438	-16.300781	1.300781	-52.900391	4.300781	0.240936	-0.010771	-18.919609	-0.010540	0.050009	-0.009789	0	0	0	0	0	0
205089660395	-46.599609	-6.199219	-23.199219	-7.199219	-54.800781	-4.900391	0.216908	-0.015146	-19.037573	-0.011813	0.054575	-0.009422	0	0	0	0	0	0
205438308029	-47.900391	0.398438	-13.800781	1.101562	-47.099609	1.398438	0.190933	-0.008254	-18.918129	-0.013033	0.056899	-0.008786	0	0	0	0	0	0
205789196238	-45.300781	-5.099609	-21.300781	-6.599609	-46.900391	-4.000000	0.228151	0.051301	-18.763517	-0.013941	0.059511	-0.010245	0	0	0	0	0	0
206139161864	-41.900391	-1.500000	-19.900391	-0.099609	-46.699219	5.800781	0.119110	0.139456	-18.760630	-0.010607	0.060166	-0.009208	0	0	0	0	0	0
206489912688	-42.599609	-8.800781	-23.199219	-4.900391	-52.099609	-1.300781	0.174069	-0.008794	-19.070423	-0.015663	0.054176	-0.008127	0	0	0	0	0	0
206837913893	-45.400391	-3.900391	-16.699219	-0.599609	-46.599609	2.898438	0.205281	-0.074643	-18.991352	-0.016178	0.051064	-0.007736	0	0	0	0	0	0
207187663370	-46.599609	-9.000000	-22.199219	0.000000	-45.500000	-2.300781	0.281634	-0.044854	-18.419628	-0.011411	0.058005	-0.012526	0	0	0	0	0	0
207537299978	-44.800781	-1.800781	-19.000000	-1.400391	-43.199219	-0.300781	0.148801	-0.026881	-19.312601	-0.010481	0.058722	-0.008374	0	0	0	0	0	0
207886914595	-41.199219	-3.900391	-20.699219	-6.900391	-45.599609	-5.099609	0.135308	-0.114594	-18.333757	-0.012477	0.052824	-0.010251	0	0	0	0	0	0
208237200571	-35.900391	-3.500000	-19.699219	-2.599609	-50.300781	1.199219	0.237508	-0.038153	-19.615494	-0.012649	0.051283	-0.005151	0	0	0	0	0	0
208586894671	-37.000000	-2.900391	-21.400391	-0.699219	-49.900391	2.500000	0.199244	-0.049855	-18.333452	-0.013995	0.057819	-0.010211	0	0	0	0	0	0
208939144681	-40.099609	-3.599609	-19.199219	-4.400391	-42.099609	2.500000	0.098575	0.068544	-18.874615	-0.013051	0.059287	-0.007690	0	0	0	0	0	0
209288666534	-48.500000	-3.199219	-21.800781	-2.800781	-48.900391	1.101562	0.163270	0.082335	-18.843262	-0.012350	0.060679	-0.010651	0	0	0	0	0	0
209640178788	-37.000000	-5.599609	-17.000000	-2.000000	-46.199219	9.101562	0.139221	0.005473	-18.805084	-0.008301	0.058259	-0.009425	0	0	0	0	0	0
209990146343	-42.800781	-6.400391	-24.699219	-2.800781	-45.300781	-4.800781	0.186581	-0.065418	-18.803244	-0.012722	0.062354	-0.008202	0	0	0	0	0	0
210341184084	-33.699219	-8.900391	-17.699219	-1.500000	-42.300781	8.199219	0.187711	0.134533	-18.960264	-0.011360	0.059423	-0.010802	0	0	0	0	0	0
210691897326	-48.099609	-5.800781	-18.500000	-5.000000	-54.199219	2.000000	0.186202	0.014587	-18.762272	-0.012202	0.058686	-0.008978	0	0	0	0	0	0
211041647875	-41.800781	-2.199219	-20.099609	0.300781	-45.400391	6.699219	0.177269	0.055696	-18.920298	-0.009957	0.056941	-0.009579	0	0	0	0	0	0
211394183767	-41.300781	-10.599609	-18.800781	-3.900391	-46.199219	-0.800781	0.154337	-0.040576	-19.152063	-0.011928	0.055024	-0.007815	0	0	0	0	0	0
211744186518	-37.900391	-0.800781	-21.599609	3.000000	-43.900391	2.398438	0.253208	-0.017318	-18.764477	-0.013152	0.057177	-0.009942	0	0	0	0	0	0
212095899941	-42.699219	-4.400391	-24.800781	-5.699219	-53.000000	-1.099609	0.329118	0.046296	-19.690128	-0.010727	0.060001	-0.001830	0	0	0	0	0	0
212447399936	-41.300781	-8.199219	-21.900391	-7.900391	-52.099609	-1.400391	0.189869	-0.025581	-18.256699	-0.011251	0.052755	-0.011425	0	0	0	0	0	0
212797400475	-43.500000	-0.199219	-15.800781	-1.400391	-47.099609	3.101562	0.258111	0.002821	-19.566856	-0.014896	0.060501	-0.000339	0	0	0	0	0	0
213149901597	-45.500000	-4.300781	-18.300781	-2.099609	-46.400391	-4.699219	0.246520	0.047018	-19.199068	-0.010729	0.056945	-0.011264	0	0	0	0	0	0
213498901843	-47.900391	-7.099609	-20.699219	-3.599609	-46.599609	-2.699219	0.321836	0.038399	-19.415022	-0.014086	0.057498	-0.003191	0	0	0	0	0	0
213851402128	-43.800781	-8.300781	-18.199219	1.000000	-55.400391	-6.900391	0.230607	0.025453	-18.644180	-0.014790	0.058385	-0.009713	0	0	0	0	0	0
214200652176	-38.099609	2.398438	-18.699219	-1.300781	-43.199219	2.898438	0.143456	0.011800	-19.072680	-0.009629	0.051039	-0.008146	0	0	0	0	0	0
214547402804	-40.900391	-4.199219	-21.699219	-3.599609	-48.900391	1.199219	0.187564	0.155652	-17.832100	-0.009287	0.059500	-0.014904	0	0	0	0	0	0
214899153904	-37.000000	-4.500000	-14.300781	-0.300781	-46.699219	-0.500000	0.280324	0.084511	-19.540304	-0.009804	0.057787	-0.005796	0	0	0	0	0	0
215249188703	-48.400391	-6.300781	-18.400391	-2.900391	-48.300781	-4.500000	0.268857	0.060290	-18.258793	-0.014595	0.058774	-0.013050	0	0	0	0	0	0
215601404768	-45.000000	0.898438	-20.599609	2.800781	-44.900391	3.500000	0.250072	0.032506	-18.806053	-0.012124	0.059730	-0.010765	0	0	0	0	0	0
215953189398	-39.699219	-5.599609	-20.400391	-4.300781	-51.900391	0.500000	0.191554	0.018978	-18.997452	-0.012836	0.057636	-0.009274	0	0	0	0	0	0
216305906152	-41.400391	-2.099609	-23.900391	-3.099609	-42.300781	5.500000	0.246346	0.034877	-18.766932	-0.011453	0.059372	-0.010720	0	0	0	0	0	0
216657905676	-40.300781	-6.099609	-17.500000	-0.400391	-49.800781	-0.199219	0.251511	0.022469	-19.651188	-0.011530	0.055843	-0.003013	0	0	0	0	0	0
217008407164	-41.000000	-5.000000	-20.800781	-0.800781	-48.900391	3.898438	0.225127	0.041420	-18.108503	-0.010760	0.059743	-0.014520	0	0	0	0	0	0
217360157826	-37.699219	2.699219	-20.300781	-4.099609	-40.599609	5.000000	0.111921	0.084912	-19.111589	-0.009077	0.052686	-0.008501	0	0	0	0	0	0
217709908592	-48.800781	-3.800781	-25.699219	-2.300781	-49.000000	2.601562	0.176616	0.037916	-18.843531	-0.010048	0.060561	-0.009455	0	0	0	0	0	0
218050200587	-38.900391	-3.300781	-20.500000	-7.400391	-53.900391	-0.800781	0.179665	0.070288	-18.803701	-0.010485	0.060162	-0.009809	0	0	0	0	0	0
218400409190	-46.300781	-1.900391	-16.400391	-3.699219	-46.800781	0.300781	0.180375	0.026093	-18.880093	-0.010824	0.056562	-0.009137	0	0	0	0	0	0
218751159531	-46.199219	-3.000000	-24.500000	-2.199219	-50.199219	-5.699219	0.193007	0.024368	-18.760187	-0.013470	0.056472	-0.008997	0	0	0	0	0	0
219103659863	-40.300781	-1.300781	-14.900391	0.398438	-40.900391	0.601562	0.151114	-0.085088	-18.759756	-0.012215	0.057850	-0.006917	0	0	0	0	0	0
219453910558	-44.599609	-1.800781	-20.000000	-3.300781	-51.199219	-4.400391	0.192232	-0.015765	-19.076401	-0.013069	0.058393	-0.008966	0	0	0	0	0	0
219803661065	-42.699219	-5.900391	-21.500000	0.300781	-49.099609	6.199219	0.222707	0.004336	-18.919939	-0.012976	0.056689	-0.009661	0	0	0	0	0	0
220153413104	-46.599609	-5.500000	-23.099609	-1.599609	-47.099609	-3.099609	0.130708	0.085956	-18.911655	-0.013028	0.051818	-0.008272	0	0	0	0	0	0
220506161743	-41.000000	-4.199219	-24.500000	-4.900391	-47.000000	14.898438	0.186971	-0.080816	-18.837099	-0.012916	0.052922	-0.007528	0	0	0	0	0	0
220856194719	-39.699219	-8.099609	-19.900391	-0.500000	-49.199219	-3.500000	0.218976	-0.014828	-18.883192	-0.012414	0.060697	-0.009582	0	0	0	0	0	0
221207413082	-35.599609	-0.400391	-25.199219	-1.500000	-49.800781	6.101562	0.390881	0.177062	-17.870165	-0.009342	0.055200	-0.014816	0	0	0	0	0	0
221558413626	-47.099609	-6.599609	-15.000000	-2.800781	-48.300781	-1.099609	0.195655	-0.048265	-19.568789	-0.012665	0.052235	-0.001677	0	0	0	0	0	0
221908414463	-42.099609	0.000000	-23.300781	-2.800781	-48.800781	2.199219	0.279615	0.060575	-18.034119	-0.013335	0.056518	-0.017871	0	0	0	0	0	0
222260415238	-44.300781	-0.900391	-13.900391	4.000000	-45.800781	-0.800781	0.069775	-0.153076	-19.618988	-0.013906	0.057942	-0.004950	0	0	0	0	0	0
222609688792	-41.800781	-9.400391	-24.400391	-3.800781	-48.699219	5.000000	0.324998	-0.053820	-17.880182	-0.010925	0.053637	-0.017458	0	0	0	0	0	0
222965146231	-38.500000	-3.199219	-17.000000	0.699219	-43.500000	7.000000	0.126003	0.067041	-18.756800	-0.012466	0.055798	-0.008049	0	0	0	0	0	0
223316896281	-46.699219	-5.599609	-21.199219	5.898438	-50.400391	-1.800781	0.220930	0.006208	-19.117039	-0.012305	0.056388	-0.009902	0	0	0	0	0	0
223666647436	-40.400391	-5.199219	-18.900391	-4.699219	-55.000000	4.199219	0.191552	0.008210	-18.998636	-0.012890	0.059820	-0.009257	0	0	0	0	0	0
224018398150	-49.300781	-8.300781	-16.300781	-0.800781	-50.199219	-0.300781	0.354030	-0.042171	-19.843985	-0.010739	0.055893	-0.000063	0	0	0	0	0	0
224368419645	-44.900391	-8.099609	-21.699219	-6.400391	-48.900391	4.000000	0.124240	0.084340	-17.871504	-0.013023	0.058219	-0.015765	0	0	0	0	0	0
224719146458	-39.300781	-3.300781	-15.599609	-3.400391	-49.400391	-1.000000	0.234226	-0.068966	-19.573259	-0.014094	0.058543	-0.002502	0	0	0	0	0	0
225068934760	-44.599609	-4.199219	-20.500000	-0.599609	-48.400391	0.000000	0.214523	-0.035847	-18.074141	-0.012622	0.058442	-0.016633	0	0	0	0	0	0
225415897687	-46.099609	-5.800781	-22.500000	-3.599609	-52.400391	-3.400391	0.229958	-0.033272	-19.235386	-0.008073	0.048701	-0.009782	0	0	0	0	0	0
225745649708	-35.800781	-1.599609	-14.599609	4.898438	-43.099609	3.300781	0.167655	0.069261	-18.718884	-0.014438	0.057351	-0.008865	0	0	0	0	0	0
226077669662	-48.500000	-6.699219	-16.500000	-2.099609	-48.800781	-6.400391	0.182943	0.042057	-19.196821	-0.010682	0.059540	-0.009894	0	0	0	0	0	0
226410653762	-49.900391	-9.599609	-24.699219	-8.500000	-45.099609	-0.699219	0.304940	-0.003348	-17.837723	-0.013769	0.059929	-0.016411	0	0	0	0	0	0
226741650861	-38.500000	-2.800781	-21.000000	-2.900391	-49.599609	4.898438	0.207313	0.137559	-19.765221	-0.013351	0.051814	-0.004307	0	0	0	0	0	0
227075901132	-48.900391	-6.099609	-17.500000	-6.099609	-51.300781	-5.099609	0.251128	0.095167	-18.678852	-0.009722	0.058482	-0.006809	0	0	0	0	0	0
227407155834	-43.300781	-2.199219	-22.000000	-3.099609	-47.800781	3.601562	0.137357	-0.063712	-19.153521	-0.008808	0.054019	-0.007422	0	0	0	0	0	0
227738404458	-46.400391	-9.300781	-17.500000	-4.199219	-51.699219	-5.300781	0.286182	0.015278	-19.769623	-0.012875	0.060008	-0.002726	0	0	0	0	0	0
228069653642	-40.699219	-1.599609	-24.300781	-6.000000	-54.300781	5.199219	0.339170	0.006674	-18.305414	-0.014423	0.054381	-0.016231	0	0	0	0	0	0
228420653566	-46.500000	0.398438	-14.099609	-1.699219	-46.599609	-3.400391	0.214508	0.013613	-19.954954	-0.012840	0.056862	0.001304	0	0	0	0	0	0
228771404067	-44.000000	-6.000000	-25.400391	-5.300781	-53.000000	2.101562	0.212125	-0.084487	-17.606699	-0.012286	0.061616	-0.016910	0	0	0	0	0	0
229117904918	-47.599609	-5.599609	-16.500000	-6.300781	-51.500000	-5.300781	0.206467	0.052564	-19.149185	-0.015301	0.050336	-0.009524	0	0	0	0	0	0
229466655156	-38.400391	-1.900391	-16.699219	4.699219	-42.500000	3.699219	0.123929	0.034419	-18.914736	-0.012028	0.056225	-0.007839	0	0	0	0	0	0
229824657085	-45.000000	-2.199219	-20.599609	1.000000	-43.900391	2.000000	0.125710	0.174934	-18.658871	-0.027642	0.040935	-0.026023	0	0	0	0	0	0
230190656909	-35.699219	-6.300781	-24.800781	3.800781	-48.099609	-0.300781	0.176823	0.054833	-18.339373	-0.008033	0.055718	-0.012689	0	0	0	0	0	0
230573409841	-46.400391	-3.800781	-16.500000	-4.900391	-49.800781	-6.099609	0.163205	0.158781	-18.453712	-0.015783	0.059182	-0.014327	0	0	0	0	0	0
230944417123	-47.699219	-5.699219	-18.699219	-4.099609	-45.000000	2.000000	0.138484	0.073951	-19.030056	-0.014405	0.053999	-0.008400	0	0	0	0	0	0
231292658864	-48.699219	-3.300781	-23.199219	-4.900391	-50.400391	2.898438	0.265071	0.010636	-18.608713	-0.013700	0.050187	-0.012352	0	0	0	0	0	0
231636409718	-48.400391	-8.599609	-22.900391	1.101562	-48.400391	-3.699219	0.116710	0.103328	-18.879591	-0.010188	0.061311	-0.008944	0	0	0	0	0	0
