903018	3.000000	6.398438	-0.800781	1.300781	-9.199219	-1.000000	-0.076793	-0.017546	0.803987	0.002560	0.004746	-0.007316	0	0	0	0	0	0
259051232	1.601562	2.699219	3.898438	1.300781	-3.099609	0.699219	-0.121124	-0.067653	0.837303	0.002204	0.001482	-0.010240	0	0	0	0	0	0
552612553	4.000000	4.898438	8.199219	0.000000	-6.900391	-2.099609	-0.179743	-0.037691	0.146982	0.003172	0.003032	-0.002974	0	0	0	0	0	0
890583181	-0.199219	0.500000	12.500000	-2.599609	-6.699219	-5.400391	-0.012212	-0.146417	-1.197929	-0.002310	-0.004701	0.008505	0	0	0	0	0	0
1204582958	-1.500000	4.601562	5.398438	0.398438	-4.599609	-7.900391	0.064727	-0.056448	0.270617	-0.001077	0.003518	-0.000591	0	0	0	0	0	0
1646814670	3.398438	3.000000	2.601562	-3.800781	-7.400391	-10.300781	0.011573	0.082221	0.192483	0.003232	0.005607	-0.000510	0	0	0	0	0	0
2134737745	1.101562	4.699219	3.101562	-0.400391	0.000000	-5.699219	-0.141544	-0.119369	-0.008704	0.005838	0.000968	-0.000789	0	0	0	0	0	0
2473709724	0.500000	3.199219	8.398438	9.000000	3.199219	4.300781	-0.051753	0.000141	0.151896	-0.000559	0.006510	-0.001353	0	0	0	0	0	0
2893993504	-71.400391	12.699219	154.000000	30.000000	-59.800781	43.800781	5.480093	-0.268473	0.840923	-0.124254	0.304088	0.292658	0	0	0	0	0	0
3317570849	-1660.300781	-193.400391	1137.898438	-186.300781	665.800781	42.500000	32.703308	44.462982	26.253298	-3.901709	3.269784	-1.447336	0	0	0	0	0	0
3770632171	472.199219	333.601562	396.300781	463.601562	-943.500000	500.398438	23.458424	-30.833038	-12.146625	2.094522	-0.800550	4.250792	0	0	0	0	0	0
4208279738	-285.900391	-365.000000	-513.300781	-463.900391	630.000000	-417.599609	2.852279	31.360111	-36.109921	0.766122	-4.017422	-4.071654	0	0	0	0	0	0
4614781976	-2229.500000	-417.199219	1157.601562	-526.599609	1232.601562	-234.699219	27.900093	66.692238	33.087593	-5.700473	3.956623	-3.909776	0	0	0	0	0	0
5017635298	-1320.699219	68.699219	1469.699219	195.000000	137.199219	349.601562	26.455671	8.586987	55.911991	-5.209026	6.594236	1.636462	0	0	0	0	0	0
5310876654	755.101562	502.800781	533.199219	652.500000	-1241.300781	646.300781	18.349928	-50.560593	12.567407	1.489284	1.050087	5.909822	0	0	0	0	0	0
5615939163	1349.500000	634.000000	164.800781	772.398438	-1595.300781	714.699219	22.170479	-62.212128	-11.279498	3.938043	-1.755747	6.980074	0	0	0	0	0	0
5897342697	-571.300781	316.699219	1177.601562	462.898438	-522.000000	618.000000	38.691742	-4.033431	19.002085	-1.092227	3.110831	4.064674	0	0	0	0	0	0
6244982340	-1697.599609	-207.699219	1087.300781	-231.699219	756.300781	-8.400391	24.835840	45.325268	29.326315	-4.302384	3.871508	-1.665530	0	0	0	0	0	0
6650039654	-1815.599609	-407.500000	668.000000	-578.699219	1262.398438	-343.800781	11.706114	63.173351	20.637873	-4.448596	2.603202	-4.341742	0	0	0	0	0	0
7053459523	-981.599609	-122.199219	602.199219	-118.699219	423.898438	38.199219	23.582264	31.011644	8.738072	-1.653264	0.896879	-0.686966	0	0	0	0	0	0
7450466957	-171.500000	357.500000	888.898438	500.199219	-674.599609	613.199219	31.181931	-14.192090	11.319884	0.203870	1.903886	4.561989	0	0	0	0	0	0
7845610555	1590.898438	606.898438	-294.699219	708.101562	-1454.099609	595.101562	7.667047	-64.575821	-25.718695	4.785997	-3.381915	6.378173	0	0	0	0	0	0
8257611344	2140.500000	789.601562	-703.400391	870.101562	-1647.199219	645.199219	-1.222479	-81.465088	-34.070801	5.456977	-5.065009	7.545999	0	0	0	0	0	0
8606777081	1287.398438	611.398438	-227.699219	684.199219	-1173.099609	591.000000	10.461787	-50.597679	-17.743664	3.359459	-2.865305	5.944545	0	0	0	0	0	0
8996878746	-919.500000	238.601562	1210.398438	364.699219	-198.199219	537.199219	37.823071	8.166148	23.058332	-2.211810	3.438019	3.374562	0	0	0	0	0	0
9413849524	-1859.800781	-183.099609	1249.398438	-193.099609	747.000000	69.199219	32.298046	49.850376	29.992775	-4.290624	4.036486	-1.189681	0	0	0	0	0	0
9797226049	-2297.599609	-487.599609	1046.199219	-658.400391	1380.000000	-328.500000	24.627304	77.358627	28.860809	-5.102657	3.656390	-4.818695	0	0	0	0	0	0
10194725448	-1691.199219	130.699219	1875.800781	292.800781	3.898438	570.199219	50.986698	22.643211	40.332855	-3.901331	6.117147	2.766799	0	0	0	0	0	0
10589612157	929.300781	793.199219	875.500000	1012.500000	-1852.800781	1082.101562	38.490475	-64.678116	-1.504191	2.744747	0.761733	9.317970	0	0	0	0	0	0
10874399230	2242.601562	847.101562	-273.500000	983.500000	-2192.699219	808.000000	12.285047	-91.997505	-37.190704	6.817269	-4.001970	8.641206	0	0	0	0	0	0
11153815679	3056.601562	690.699219	-1632.199219	736.199219	-1909.099609	374.000000	-13.496799	-92.038124	-92.856682	10.600702	-10.562510	5.736297	0	0	0	0	0	0
11490333693	2970.300781	240.398438	-2736.099609	155.000000	-996.800781	-215.599609	-26.797012	-57.514687	-146.463837	12.233715	-16.342701	0.481812	0	0	0	0	0	0
11922595731	602.101562	-297.300781	-1516.199219	-453.099609	476.101562	-503.599609	-10.009422	19.416834	-87.810898	4.748702	-9.271467	-4.216069	0	0	0	0	0	0
12268499705	-1028.099609	-538.900391	-475.900391	-749.500000	1284.898438	-583.099609	7.494619	66.324944	-46.958435	-0.051367	-4.468963	-6.207128	0	0	0	0	0	0
12708226257	-2336.900391	-600.000000	696.000000	-833.500000	1629.300781	-468.900391	28.652132	92.322090	-2.272655	-4.072751	0.606740	-6.320486	0	0	0	0	0	0
13149100186	-3351.500000	-537.099609	1841.699219	-724.000000	1695.601562	-206.000000	47.731915	98.910904	41.476357	-8.007356	5.820678	-5.202315	0	0	0	0	0	0
13562009482	-2465.500000	57.601562	2491.000000	259.601562	214.300781	641.898438	71.706299	37.618561	52.472469	-6.006900	7.389591	2.555367	0	0	0	0	0	0
13983000182	-1945.400391	459.800781	2877.800781	812.699219	-676.400391	1219.500000	88.679993	4.726927	58.930714	-5.002415	8.010203	7.170800	0	0	0	0	0	0
14412715458	-1934.599609	412.000000	2821.898438	755.398438	-698.199219	1206.199219	98.829491	11.638730	45.781929	-3.669480	6.007939	6.845228	0	0	0	0	0	0
14825406163	-1554.900391	386.800781	2354.500000	694.101562	-671.400391	1065.300781	86.593254	8.621827	31.228558	-2.524508	4.313145	6.273609	0	0	0	0	0	0
15280309841	-165.099609	351.000000	1072.800781	532.101562	-884.199219	672.601562	39.657658	-18.437992	9.254098	0.339452	1.899655	4.692520	0	0	0	0	0	0
15697651425	-13.099609	10.199219	15.000000	16.199219	3.500000	14.601562	-0.578145	1.107088	0.552058	0.052360	0.026911	0.007746	0	0	0	0	0	0
16082145022	283.300781	75.699219	-523.599609	9.199219	184.898438	-62.300781	-19.707855	0.212902	-12.225457	0.451667	-1.370764	0.044571	0	0	0	0	0	0
16432234601	955.699219	242.898438	-2198.800781	-32.599609	985.398438	-304.000000	-70.429283	2.759108	-46.787735	0.255103	-5.831000	-0.425110	0	0	0	0	0	0
16872546836	1554.199219	338.101562	-3162.699219	-39.000000	1267.398438	-450.000000	-95.258659	-4.001241	-63.347897	0.765067	-9.000176	-0.583506	0	0	0	0	0	0
17278220848	1205.300781	251.601562	-2525.699219	-63.800781	1049.800781	-389.900391	-76.417084	-1.760221	-48.288799	0.534925	-7.088524	-0.776497	0	0	0	0	0	0
17709622808	744.800781	193.300781	-1518.699219	11.101562	588.898438	-204.099609	-35.792107	-3.140724	-32.206524	0.379446	-4.481993	0.042519	0	0	0	0	0	0
18117440822	-492.599609	-152.699219	846.800781	-30.000000	-375.699219	132.398438	41.768204	2.778259	-5.130435	0.032405	0.241368	0.169526	0	0	0	0	0	0
18532355417	-965.500000	-192.199219	1872.199219	96.800781	-853.599609	403.199219	79.827179	2.010708	7.735411	-0.080256	2.057079	0.622856	0	0	0	0	0	0
18877675303	-1074.300781	-244.099609	2250.898438	98.800781	-1071.300781	452.601562	91.167824	-0.570040	18.794224	0.030458	3.213836	0.654595	0	0	0	0	0	0
19216319447	-981.400391	-226.000000	2097.300781	88.500000	-1025.099609	423.800781	83.264618	-1.849629	17.284935	0.028089	3.256566	0.573800	0	0	0	0	0	0
19539642622	-372.099609	-21.800781	1239.699219	196.699219	-867.000000	379.101562	54.248695	-12.835245	2.520509	0.364467	1.183015	1.706182	0	0	0	0	0	0
19873741047	924.101562	404.601562	134.800781	530.000000	-1120.400391	472.800781	12.796427	-50.093246	-6.080984	1.486267	-0.804622	4.403317	0	0	0	0	0	0
20216681019	829.699219	385.398438	-198.000000	443.800781	-698.400391	340.101562	-0.372748	-33.739880	-8.589967	1.215683	-1.225980	3.552445	0	0	0	0	0	0
20536490804	617.601562	-284.300781	-46.199219	-234.099609	-603.699219	-313.500000	-2.808711	-29.601900	-10.343508	1.492058	0.043421	-2.438971	0	0	0	0	0	0
20921534080	2011.101562	162.500000	-348.699219	307.699219	-1771.699219	43.101562	-4.992962	-91.985855	-22.112713	3.219784	-1.859958	2.104047	0	0	0	0	0	0
21270333098	2798.000000	848.300781	-860.800781	956.199219	-2119.199219	544.000000	-21.338665	-123.313263	-31.282145	3.496818	-3.223017	7.599839	0	0	0	0	0	0
21664813539	3055.398438	745.199219	-907.300781	869.199219	-2363.400391	415.601562	-22.345304	-132.825226	-39.695160	3.839654	-3.272976	6.484354	0	0	0	0	0	0
22008229772	59.000000	-27.500000	-84.300781	-0.199219	-72.199219	-39.300781	1.235611	-3.137549	-17.300976	-0.083644	-0.693726	-0.412338	0	0	0	0	0	0
22334505302	-1000.000000	-9.199219	652.898438	-15.900391	380.000000	150.000000	21.745396	39.593155	8.629427	-0.146385	1.345053	-0.131810	0	0	0	0	0	0
22602631824	-1800.900391	-7.000000	1205.398438	-68.400391	701.800781	245.199219	41.886120	68.921173	27.116982	-0.344424	2.472666	0.114469	0	0	0	0	0	0
22964975113	-1080.000000	517.398438	1606.101562	635.300781	-414.800781	939.101562	54.611336	27.278912	26.189301	1.669664	3.776947	6.014196	0	0	0	0	0	0
23369264456	-1266.199219	-282.800781	2603.800781	27.101562	-1129.500000	454.800781	87.676010	16.483490	36.471428	2.779153	6.296456	0.242219	0	0	0	0	0	0
23773146989	973.699219	194.101562	599.000000	367.300781	-1774.500000	363.300781	17.067110	-52.637058	-37.751354	4.545963	2.425228	3.148122	0	0	0	0	0	0
24163267464	1504.699219	540.398438	-766.300781	596.800781	-1447.400391	367.000000	-18.568325	-63.577141	-125.521706	3.808271	-1.417085	4.803199	0	0	0	0	0	0
24569810017	1423.500000	419.300781	-778.000000	486.500000	-1568.300781	280.898438	-15.749474	-59.100815	-164.938614	4.678114	-1.391670	3.681528	0	0	0	0	0	0
25001740777	909.699219	210.898438	-537.199219	247.199219	-1153.000000	114.898438	-12.426901	-37.198143	-138.740417	3.967444	-0.362932	1.814727	0	0	0	0	0	0
25433385152	-110.500000	-1.500000	-59.300781	-8.199219	69.898438	1.101562	3.120234	4.058863	-15.239695	-0.234111	-0.793712	-0.327559	0	0	0	0	0	0
25839396337	-227.800781	-206.099609	510.300781	-147.599609	-1.699219	-112.900391	12.472075	3.181365	46.526817	-0.710900	0.823816	-1.647420	0	0	0	0	0	0
26121643471	-209.599609	-152.000000	626.500000	-110.500000	130.199219	-72.699219	11.284668	5.180924	95.057007	-0.680022	1.552067	-1.378105	0	0	0	0	0	0
26516205583	104.199219	-13.699219	158.699219	-1.000000	-177.599609	-2.400391	0.348016	-2.541974	14.267367	1.052953	0.855934	-0.008264	0	0	0	0	0	0
26907428707	1066.398438	118.000000	-908.800781	141.898438	-866.699219	-11.699219	-11.448243	-37.443253	-130.271683	3.393567	-3.690977	0.960197	0	0	0	0	0	0
27301614635	1249.300781	76.101562	-1083.199219	98.699219	-1103.900391	-91.500000	-14.557479	-42.323334	-172.059311	4.599525	-3.982186	0.566618	0	0	0	0	0	0
27681310566	1371.699219	91.199219	-1180.300781	105.500000	-1104.900391	-116.900391	-18.588772	-45.036186	-165.836243	4.770850	-4.201674	0.538508	0	0	0	0	0	0
28081556873	1395.101562	116.601562	-1191.400391	137.699219	-1109.099609	-90.099609	-18.068457	-46.732925	-166.978851	4.723310	-4.428217	0.795847	0	0	0	0	0	0
28487148412	1492.199219	145.601562	-1158.400391	175.300781	-1249.599609	-58.900391	-19.404976	-49.503929	-168.338562	5.384387	-3.954770	0.999370	0	0	0	0	0	0
28889698881	1432.800781	140.199219	-1161.500000	166.699219	-1153.300781	-60.199219	-18.087950	-48.385895	-160.263138	4.754019	-4.232009	0.953277	0	0	0	0	0	0
29237610736	1393.000000	166.699219	-1233.699219	190.199219	-1032.199219	-45.099609	-16.762102	-48.491184	-158.277466	3.950760	-5.037514	1.196104	0	0	0	0	0	0
29651692113	436.800781	-334.300781	-465.400391	-324.900391	-538.500000	-387.599609	-6.927062	-8.926782	-106.047592	3.177110	-1.053115	-3.285526	0	0	0	0	0	0
30039529968	-345.000000	-778.300781	121.101562	-788.000000	-109.400391	-716.800781	4.038304	25.999672	-69.446037	3.282393	1.253983	-7.160193	0	0	0	0	0	0
30450254284	-1161.099609	-936.599609	570.398438	-959.900391	441.601562	-777.400391	16.295122	52.684021	-36.023567	1.378858	2.302855	-8.635591	0	0	0	0	0	0
30844395719	-1554.900391	-720.500000	1263.300781	-711.300781	323.398438	-445.199219	30.280989	59.513535	1.701897	1.388746	5.240826	-6.191452	0	0	0	0	0	0
31240038579	-1183.599609	-415.500000	2276.000000	-251.099609	-1119.500000	97.898438	43.992443	32.401981	-6.526141	5.830644	12.125057	-2.072952	0	0	0	0	0	0
31629920473	445.500000	-258.300781	1810.300781	-113.599609	-2484.000000	115.398438	23.938982	-19.511444	-42.244473	11.554962	12.393642	-0.498763	0	0	0	0	0	0
32022065975	2068.398438	171.500000	630.601562	239.300781	-3130.800781	200.000000	-5.601134	-68.200294	-76.262718	14.568029	7.249533	2.294231	0	0	0	0	0	0
32425174058	2889.699219	546.300781	-738.199219	593.601562	-2907.199219	267.500000	-26.843687	-97.716194	-134.321686	12.970454	0.156336	4.564216	0	0	0	0	0	0
32828394919	2489.199219	337.398438	-1779.099609	372.398438	-1602.199219	-55.699219	-33.330921	-80.194756	-163.768951	7.693796	-6.664238	1.850980	0	0	0	0	0	0
33234964193	906.000000	-305.900391	-881.500000	-320.500000	-581.000000	-427.099609	-4.623525	-15.607074	-105.402809	5.347171	-4.695727	-3.374224	0	0	0	0	0	0
33632277457	-374.500000	-187.199219	593.898438	-187.199219	191.699219	-123.699219	8.524055	15.706081	73.712936	0.483298	2.201524	-1.915227	0	0	0	0	0	0
34007823448	109.398438	-252.300781	715.601562	-204.099609	-59.699219	-179.699219	9.936053	-3.980095	132.827316	0.748897	2.115730	-2.226806	0	0	0	0	0	0
34398006757	510.398438	-304.199219	750.398438	-220.000000	-659.800781	-197.500000	9.835787	-17.626083	100.865799	3.476010	2.965484	-2.250622	0	0	0	0	0	0
34797833717	1679.898438	316.398438	-64.699219	409.699219	-2015.699219	266.800781	-3.393502	-63.935654	-72.575638	7.931761	1.222074	3.291769	0	0	0	0	0	0
35193777588	1239.000000	-206.099609	-149.199219	-94.000000	-1437.000000	-247.900391	-3.144500	-54.950832	-66.536171	4.267298	0.675811	-1.688898	0	0	0	0	0	0
35594220030	3105.101562	345.000000	-755.099609	488.300781	-2895.900391	60.000000	-24.454248	-129.683060	-101.944916	8.118557	-0.868878	2.946607	0	0	0	0	0	0
35999072567	2459.699219	553.699219	-1480.500000	655.300781	-1955.900391	202.699219	-28.757072	-100.013306	-175.701981	5.523813	-4.769170	4.325474	0	0	0	0	0	0
36418029991	2365.800781	603.101562	-1561.000000	676.898438	-1953.599609	248.101562	-26.490721	-93.570068	-205.937576	6.346144	-5.333738	4.613828	0	0	0	0	0	0
36801617356	2302.199219	569.601562	-1597.400391	644.300781	-1916.599609	231.800781	-24.113470	-91.510948	-219.866806	6.190139	-5.864932	4.444259	0	0	0	0	0	0
37220261433	2451.398438	572.398438	-1767.599609	657.898438	-2020.900391	207.398438	-25.079453	-96.304062	-237.466232	6.270021	-6.629604	4.317544	0	0	0	0	0	0
37604511320	528.898438	52.300781	-45.099609	90.898438	-793.199219	52.601562	1.827709	-20.839764	-52.832771	3.041524	0.372782	0.381261	0	0	0	0	0	0
38008037024	211.300781	-81.000000	128.199219	-30.000000	-356.900391	-56.000000	4.277314	-13.268676	-4.958456	0.574824	0.368013	-0.789467	0	0	0	0	0	0
38443675901	540.699219	-125.400391	5.199219	-74.699219	-546.000000	-144.900391	-0.274684	-24.983412	-2.719507	1.438802	0.253560	-1.186798	0	0	0	0	0	0
38869099972	1264.398438	-318.400391	-128.199219	-220.300781	-1136.500000	-375.599609	-4.143872	-53.880062	-6.361887	2.767572	-0.033203	-2.906422	0	0	0	0	0	0
39256036048	1923.500000	-349.400391	-192.400391	-209.699219	-1753.900391	-454.400391	-8.935225	-83.347099	-13.343096	4.102761	0.125456	-2.947078	0	0	0	0	0	0
39646682130	1264.699219	-530.400391	-46.099609	-406.800781	-1208.599609	-560.599609	-4.098589	-53.076473	-9.308154	3.570500	0.482659	-4.630622	0	0	0	0	0	0
40036805258	3433.000000	36.101562	-773.400391	207.699219	-2837.300781	-272.400391	-20.962500	-149.907043	-37.361481	6.474274	-2.691199	0.108451	0	0	0	0	0	0
40433015287	4188.199219	280.699219	-913.000000	450.000000	-3490.599609	-127.599609	-27.453093	-178.263870	-41.203350	8.180151	-2.760772	2.145642	0	0	0	0	0	0
40833225634	4537.300781	322.601562	-957.300781	483.101562	-3792.599609	-116.300781	-29.708128	-193.056610	-40.851158	8.928499	-2.912345	2.410665	0	0	0	0	0	0
41231080996	4598.898438	337.800781	-912.300781	499.601562	-3890.199219	-92.099609	-28.214685	-196.097382	-39.866295	9.112405	-2.888642	2.536427	0	0	0	0	0	0
41615830483	4398.101562	320.199219	-890.900391	499.500000	-3706.400391	-96.099609	-26.361013	-188.033127	-38.393085	8.508596	-2.943046	2.437965	0	0	0	0	0	0
42037835403	4646.601562	422.300781	-971.099609	587.000000	-3881.000000	-42.099609	-29.536242	-197.480667	-39.864384	8.967780	-3.124340	3.223922	0	0	0	0	0	0
42454229730	4787.601562	416.500000	-963.500000	570.898438	-4033.500000	-61.900391	-29.965956	-203.770844	-39.773621	9.349543	-3.074453	3.142572	0	0	0	0	0	0
42850020355	4917.398438	471.000000	-1016.599609	646.398438	-4096.599609	-7.800781	-31.856350	-208.765030	-39.266613	9.632583	-3.237365	3.569888	0	0	0	0	0	0
43252509812	5087.000000	490.398438	-1048.800781	647.300781	-4255.199219	-9.699219	-33.346245	-214.218781	-39.796246	10.003868	-3.265488	3.651128	0	0	0	0	0	0
43661765960	5119.300781	500.300781	-1059.800781	644.199219	-4267.400391	-31.900391	-34.061329	-215.861206	-40.715130	10.122344	-3.248123	3.686201	0	0	0	0	0	0
44060478373	4955.000000	502.699219	-1026.599609	641.300781	-4117.900391	-3.900391	-32.420143	-208.609161	-40.478809	9.769536	-3.228341	3.666571	0	0	0	0	0	0
44472166649	5103.500000	546.000000	-1077.599609	689.101562	-4237.699219	23.500000	-34.946835	-214.557343	-39.200741	10.166513	-3.270747	4.018358	0	0	0	0	0	0
44888690173	5218.699219	625.699219	-1158.800781	740.300781	-4259.300781	50.101562	-37.908131	-217.590607	-40.289783	10.281924	-3.518895	4.457394	0	0	0	0	0	0
45285879558	5003.898438	496.699219	-1067.000000	629.199219	-4151.800781	-23.800781	-34.315647	-209.840836	-38.975491	9.922136	-3.273907	3.564138	0	0	0	0	0	0
45695961906	4840.398438	464.601562	-1002.099609	590.800781	-4042.099609	-37.699219	-32.032970	-204.169785	-38.095695	9.656929	-3.087052	3.355224	0	0	0	0	0	0
46084459131	4968.800781	519.500000	-1019.800781	657.101562	-4152.500000	26.601562	-33.485729	-209.047974	-38.943130	9.968966	-3.051282	3.717552	0	0	0	0	0	0
46477524553	4993.500000	522.898438	-1022.699219	666.601562	-4168.099609	13.699219	-33.609715	-209.998047	-39.094231	10.005714	-3.132760	3.762265	0	0	0	0	0	0
46890490421	4864.398438	367.101562	-815.000000	515.300781	-4234.599609	-80.099609	-27.560020	-206.732681	-35.918938	10.145943	-2.370518	2.627860	0	0	0	0	0	0
47307654837	4947.601562	464.101562	-944.500000	605.800781	-4190.699219	-31.699219	-31.140896	-208.465347	-39.517914	10.071609	-2.871152	3.304911	0	0	0	0	0	0
47718362287	5086.101562	510.398438	-1014.800781	643.000000	-4268.699219	-18.699219	-34.231644	-214.352081	-40.051395	10.346829	-3.020028	3.521364	0	0	0	0	0	0
48124509420	5001.898438	511.601562	-993.199219	637.601562	-4220.000000	-7.000000	-33.148151	-209.377136	-39.767666	10.138670	-2.937902	3.590656	0	0	0	0	0	0
48525115341	2991.398438	301.398438	-621.000000	413.300781	-2494.699219	36.500000	-18.403610	-120.542793	-25.116243	5.989411	-1.572452	2.536231	0	0	0	0	0	0
48895079234	-2.599609	-54.699219	-39.599609	-54.800781	5.300781	-72.099609	0.022689	-0.474338	-8.052308	-0.206891	-0.122688	-0.593114	0	0	0	0	0	0
49292839193	-1551.000000	-220.000000	438.500000	-392.300781	1104.800781	-165.300781	11.328572	69.547516	-0.819879	-1.265161	1.508172	-2.640342	0	0	0	0	0	0
49692052927	-2375.699219	-400.500000	894.199219	-708.500000	1500.398438	-286.699219	20.674448	108.214737	9.908279	-0.663761	3.422957	-4.637152	0	0	0	0	0	0
50035450193	-2335.800781	-443.400391	968.000000	-738.500000	1404.199219	-307.900391	21.230478	106.808807	9.783812	-0.077418	3.749131	-4.820301	0	0	0	0	0	0
50484204679	-2155.699219	-429.500000	854.699219	-692.000000	1344.398438	-297.599609	17.885565	103.698380	10.123075	0.562913	3.550911	-4.752969	0	0	0	0	0	0
50866599494	-2270.800781	-470.099609	974.398438	-740.500000	1349.699219	-307.199219	21.720900	107.052681	12.326226	0.646552	3.843600	-5.025972	0	0	0	0	0	0
51272953952	-2170.599609	-463.699219	935.500000	-710.199219	1299.800781	-307.199219	19.851295	103.625328	12.660557	0.844337	3.808651	-4.906331	0	0	0	0	0	0
51695389663	-2166.000000	-483.599609	950.000000	-741.699219	1290.101562	-330.900391	19.862640	103.909462	13.047837	0.944862	3.919993	-5.119247	0	0	0	0	0	0
52119507962	-2157.500000	-490.199219	949.101562	-744.400391	1280.300781	-334.900391	19.569441	103.570892	12.708708	0.963185	3.958214	-5.183509	0	0	0	0	0	0
52523075657	-2130.199219	-539.000000	957.800781	-778.099609	1223.398438	-375.000000	19.363455	103.043037	8.377900	1.371189	4.110305	-5.579339	0	0	0	0	0	0
52950596885	-2013.699219	-706.400391	1026.000000	-904.300781	1002.898438	-520.699219	18.083284	99.018204	1.574758	2.444721	5.143966	-6.889278	0	0	0	0	0	0
53383593201	-1993.500000	-880.400391	947.601562	-1026.400391	1204.601562	-697.099609	21.922668	82.935867	22.649143	-1.485893	3.048560	-8.329457	0	0	0	0	0	0
53727351492	-1502.300781	-843.699219	1160.898438	-900.900391	293.300781	-585.699219	17.701897	80.498871	-17.544897	5.460459	6.783815	-7.247857	0	0	0	0	0	0
54061762636	-1574.900391	-708.599609	1154.199219	-818.099609	373.000000	-461.099609	17.989832	90.391434	-15.167543	6.537518	6.639824	-6.288835	0	0	0	0	0	0
54455057760	-1654.500000	-693.199219	1172.000000	-825.800781	435.398438	-450.199219	18.499371	97.407570	-10.152085	6.995047	6.718096	-6.231577	0	0	0	0	0	0
54856634801	-1647.000000	-717.300781	1132.000000	-857.500000	485.101562	-491.300781	18.091921	97.762825	-10.712173	6.859426	6.397281	-6.540674	0	0	0	0	0	0
55256663980	-1646.800781	-751.199219	1098.898438	-895.500000	530.398438	-535.699219	16.510427	96.864189	-9.932137	6.612242	6.196617	-6.865804	0	0	0	0	0	0
55655192699	-1663.900391	-771.699219	1063.500000	-929.599609	592.199219	-561.900391	16.426796	97.702286	-7.830097	6.224269	5.943084	-7.146852	0	0	0	0	0	0
56065161200	-1672.500000	-743.699219	1037.898438	-914.400391	637.000000	-540.500000	16.226006	98.325569	-6.219257	6.043292	5.752028	-7.024036	0	0	0	0	0	0
56478476734	-1638.699219	-762.699219	1013.199219	-925.699219	627.800781	-568.099609	14.491206	96.293091	-4.175941	6.030207	5.898697	-7.118794	0	0	0	0	0	0
56889578088	-1675.699219	-776.199219	1076.699219	-932.599609	630.601562	-559.699219	15.356196	97.689407	-0.996222	5.983207	6.057611	-7.256549	0	0	0	0	0	0
57292539786	-1664.199219	-791.699219	1047.500000	-959.400391	647.199219	-594.500000	15.352119	96.202721	-0.586924	5.694624	5.876133	-7.447028	0	0	0	0	0	0
57709042421	-1727.900391	-823.199219	1019.898438	-1001.500000	738.398438	-631.000000	15.988756	98.732140	-1.299339	5.370883	5.586843	-7.849528	0	0	0	0	0	0
58096060232	-1783.300781	-772.599609	982.500000	-961.000000	813.800781	-583.199219	15.526667	100.214607	-0.467330	4.904723	5.270099	-7.364278	0	0	0	0	0	0
58498061673	-1808.000000	-772.099609	1005.800781	-958.000000	825.800781	-582.000000	17.663380	98.255516	-0.242304	4.474947	5.162887	-7.358329	0	0	0	0	0	0
58906231544	-1681.599609	-697.000000	1023.000000	-839.800781	673.601562	-489.800781	20.093660	88.432938	-2.646201	4.129289	4.847647	-6.343434	0	0	0	0	0	0
59290860592	625.699219	11.199219	99.800781	57.199219	-834.199219	59.000000	1.906066	-20.266001	-20.195263	4.437878	0.950827	0.982852	0	0	0	0	0	0
59709442903	401.398438	-145.099609	128.699219	-83.699219	-610.000000	-84.099609	7.344447	-17.327251	-16.760267	2.201087	0.335548	-0.673429	0	0	0	0	0	0
60092658500	-276.900391	-186.400391	1532.101562	63.898438	-1207.099609	278.398438	57.891342	-19.151340	6.146310	1.493357	3.224671	0.720995	0	0	0	0	0	0
60508170960	453.898438	44.500000	1671.800781	352.101562	-2064.400391	548.898438	62.788712	-59.118172	9.745666	2.560290	3.655565	3.398862	0	0	0	0	0	0
60921559834	-574.000000	-115.599609	1945.699219	176.398438	-1269.099609	471.601562	70.104149	-14.620525	21.576170	0.956195	4.386025	1.737896	0	0	0	0	0	0
61336089542	-987.099609	-87.699219	2045.101562	196.898438	-920.300781	512.199219	76.206512	1.117384	26.955969	0.115786	4.072096	1.859037	0	0	0	0	0	0
61737639565	-1001.400391	-92.199219	2047.000000	184.000000	-887.000000	502.101562	75.833992	2.340151	27.913847	0.142790	3.959056	1.749100	0	0	0	0	0	0
62117446147	-997.699219	-170.000000	2304.000000	166.898438	-1124.500000	528.898438	88.367149	-5.586964	34.984768	-0.100421	4.162751	1.573702	0	0	0	0	0	0
62495487780	-1153.000000	-89.099609	2460.000000	270.101562	-1141.699219	659.500000	95.972542	-2.970954	36.147518	-0.279929	4.202574	2.486464	0	0	0	0	0	0
62877061945	-1221.699219	-98.599609	2585.398438	270.000000	-1199.199219	693.898438	98.981857	-2.997210	35.316555	-0.219414	4.625803	2.526889	0	0	0	0	0	0
63269362096	-1100.000000	-134.800781	2408.699219	228.101562	-1152.900391	610.000000	92.362259	-4.124621	30.404350	-0.094881	4.302399	2.057066	0	0	0	0	0	0
63666805628	-1064.400391	-154.000000	2324.898438	196.101562	-1129.599609	561.601562	91.073723	-2.977983	25.382568	0.089241	3.805895	1.740457	0	0	0	0	0	0
64052069716	-1148.300781	-193.500000	2435.000000	165.601562	-1152.400391	552.199219	95.281113	-1.209824	27.140436	0.063451	4.107078	1.500812	0	0	0	0	0	0
64444092921	-1257.800781	-219.199219	2584.300781	157.300781	-1179.300781	578.601562	100.692657	0.449913	27.439152	0.040087	4.353070	1.462728	0	0	0	0	0	0
64833311521	-1265.300781	-237.099609	2622.000000	145.500000	-1203.500000	575.300781	102.086143	0.885344	27.434511	0.113231	4.371866	1.365325	0	0	0	0	0	0
65217645015	-1364.800781	-321.400391	2606.398438	57.000000	-1103.500000	479.398438	102.534760	6.544209	26.730408	0.128981	4.434453	0.513498	0	0	0	0	0	0
65628204277	-1309.900391	-273.300781	2601.101562	108.101562	-1150.800781	526.300781	102.227890	3.515416	26.814295	0.103621	4.424006	0.942956	0	0	0	0	0	0
66001426131	-1304.800781	-274.199219	2557.898438	91.398438	-1128.500000	512.101562	100.098946	4.005505	25.485870	0.136798	4.336754	0.943553	0	0	0	0	0	0
66441967034	-345.000000	-153.900391	881.199219	-36.800781	-484.199219	87.398438	28.048775	-3.245831	10.495011	0.436528	2.162701	-0.234823	0	0	0	0	0	0
66863829850	1251.601562	447.398438	-1867.400391	181.500000	518.000000	-168.300781	-84.286888	-18.370935	-16.817648	0.927063	-1.147891	1.579275	0	0	0	0	0	0
67260437700	667.800781	24.300781	-1269.800781	-156.500000	557.000000	-393.800781	-57.287102	-3.526784	-11.156775	0.076508	-0.819477	-1.666710	0	0	0	0	0	0
67674264114	782.300781	-12.800781	-1314.400391	-194.900391	466.101562	-434.800781	-57.594643	-9.336075	-12.509315	0.290827	-1.145329	-1.964685	0	0	0	0	0	0
68088473336	1664.500000	159.601562	-2920.900391	-222.300781	1144.898438	-701.000000	-116.211792	-15.290707	-24.762096	0.382956	-4.471889	-2.278252	0	0	0	0	0	0
68516619703	1523.500000	298.500000	-2984.400391	-115.900391	1338.398438	-571.900391	-114.767548	-9.164591	-20.682304	-0.201558	-4.986314	-1.210739	0	0	0	0	0	0
68934976124	1493.398438	302.300781	-2849.800781	-70.800781	1245.300781	-530.099609	-108.788551	-9.808867	-19.392267	-0.112511	-4.857806	-0.956614	0	0	0	0	0	0
69350434195	1735.398438	207.898438	-3184.000000	-210.099609	1325.500000	-702.900391	-120.942963	-14.419398	-23.619217	-0.040997	-5.503296	-2.154467	0	0	0	0	0	0
69761352399	1795.101562	200.000000	-3187.800781	-189.300781	1273.199219	-720.300781	-121.029770	-17.294115	-24.710581	0.007025	-5.587058	-2.151607	0	0	0	0	0	0
70140530196	1866.199219	184.300781	-3343.099609	-233.099609	1350.101562	-768.699219	-126.637466	-17.447741	-25.868141	0.082191	-5.907256	-2.512009	0	0	0	0	0	0
70542144025	1931.101562	220.101562	-3225.300781	-173.099609	1150.101562	-698.400391	-120.146507	-23.967695	-29.185528	0.290905	-5.876327	-1.856778	0	0	0	0	0	0
70952854590	1684.699219	417.800781	-2822.400391	70.601562	969.500000	-391.199219	-103.916687	-23.215853	-30.369320	0.139940	-4.892654	0.404735	0	0	0	0	0	0
71337662349	1544.300781	422.800781	-2558.699219	115.601562	853.398438	-297.699219	-90.131065	-20.411226	-26.328892	0.339750	-5.154088	0.794911	0	0	0	0	0	0
71741680375	1848.300781	322.699219	-2777.800781	13.300781	772.199219	-459.500000	-102.501236	-30.173271	-31.456976	0.808724	-5.270460	-0.281141	0	0	0	0	0	0
72188078073	2058.500000	232.699219	-3238.000000	-131.500000	1043.898438	-680.000000	-120.955185	-29.584860	-30.666920	0.564383	-5.978202	-1.717063	0	0	0	0	0	0
72555563499	2267.101562	228.101562	-3531.199219	-144.400391	1113.601562	-762.000000	-130.542572	-33.479259	-30.725840	0.597266	-6.628837	-2.036287	0	0	0	0	0	0
72948150767	2202.699219	203.601562	-3456.000000	-170.900391	1115.601562	-747.099609	-125.448357	-31.695892	-33.693596	0.537971	-6.716419	-2.227538	0	0	0	0	0	0
73332209769	1239.500000	-321.599609	-2297.599609	-574.599609	920.699219	-931.300781	-78.994064	-11.966966	-36.543041	-0.024125	-4.901925	-5.742293	0	0	0	0	0	0
73713465151	678.199219	-611.500000	-1752.699219	-826.800781	939.199219	-1065.400391	-57.654488	3.645091	-36.660175	-0.498674	-4.038280	-7.921697	0	0	0	0	0	0
74118570769	-35.900391	-931.000000	-1058.599609	-1077.599609	1013.601562	-1176.699219	-30.719124	23.214293	-27.748604	-1.230865	-3.017822	-10.009246	0	0	0	0	0	0
74507356055	-781.900391	-906.500000	-374.699219	-1032.000000	1131.000000	-954.800781	0.214417	45.883930	-18.267712	-1.654388	-2.871799	-9.203089	0	0	0	0	0	0
74900506563	-1689.400391	-613.400391	516.898438	-719.300781	1149.300781	-444.000000	34.987480	68.651489	-8.790243	-2.327113	-1.487981	-5.766252	0	0	0	0	0	0
75275856884	-2439.400391	-526.199219	1349.300781	-594.900391	1037.300781	-121.900391	64.846901	85.838318	-7.849388	-2.382401	0.216657	-4.166888	0	0	0	0	0	0
75695740219	-1461.900391	-111.599609	1422.199219	34.300781	-70.400391	337.699219	56.423565	31.960535	-19.422337	-0.733614	2.521048	0.579559	0	0	0	0	0	0
76128037713	1198.000000	-139.099609	268.199219	69.101562	-1662.900391	-49.599609	7.392637	-73.302216	-40.509914	1.801785	1.727350	-0.100894	0	0	0	0	0	0
76531255445	3037.601562	-1.199219	-779.599609	177.800781	-2480.000000	-284.900391	-22.852198	-138.118866	-47.194618	3.974302	-1.812045	0.234751	0	0	0	0	0	0
76908257763	3633.398438	118.898438	-1454.099609	266.101562	-2484.900391	-339.599609	-39.354435	-153.706039	-61.581989	4.770583	-4.640795	0.553339	0	0	0	0	0	0
77299564714	3578.199219	36.101562	-1822.500000	143.398438	-2086.199219	-507.400391	-48.633762	-140.839127	-68.692902	4.766928	-5.838475	-0.747271	0	0	0	0	0	0
77726159031	3359.800781	-41.500000	-3009.300781	-85.900391	-817.900391	-813.199219	-80.141212	-103.652176	-97.859077	4.047733	-9.851193	-2.960531	0	0	0	0	0	0
78186299716	1856.800781	-547.599609	-2858.500000	-723.000000	665.500000	-1206.300781	-70.886047	-29.129772	-75.441780	1.535352	-10.240769	-8.015167	0	0	0	0	0	0
78548240290	549.601562	-842.900391	-2164.699219	-1112.300781	1463.898438	-1316.500000	-44.408638	23.265779	-42.234886	-0.495593	-9.356714	-10.504586	0	0	0	0	0	0
78975948754	-1179.199219	-563.599609	-614.199219	-858.599609	1771.500000	-661.199219	11.191709	74.283867	-10.184008	-2.114209	-6.450514	-6.794724	0	0	0	0	0	0
79398324456	-1890.800781	-247.000000	757.898438	-367.000000	1157.199219	0.601562	51.881516	74.680527	5.252230	-2.311028	-2.576077	-2.195876	0	0	0	0	0	0
79844750885	-1724.500000	-84.300781	1481.800781	10.000000	294.398438	376.699219	69.869789	47.811558	10.170243	-1.518948	0.336786	0.685683	0	0	0	0	0	0
80224077296	-203.300781	102.101562	1285.898438	350.898438	-1057.800781	542.000000	57.974258	-22.854502	4.647451	0.547729	1.177590	3.228893	0	0	0	0	0	0
80608346012	2062.398438	-29.599609	-21.500000	198.300781	-2122.699219	-11.400391	11.201729	-104.404480	-21.377644	3.099071	-1.505524	1.012463	0	0	0	0	0	0
81010950734	3053.300781	53.199219	-1091.000000	216.898438	-2123.900391	-259.300781	-22.667725	-130.322739	-36.652786	3.807281	-4.578712	0.353870	0	0	0	0	0	0
81417541544	3434.199219	158.800781	-1468.099609	313.398438	-2156.800781	-271.800781	-33.538353	-142.685059	-41.701004	3.931441	-5.860013	0.579269	0	0	0	0	0	0
81814665673	3554.898438	241.101562	-1473.300781	378.898438	-2251.500000	-208.900391	-34.476475	-147.627487	-39.333885	3.987819	-5.812388	1.123278	0	0	0	0	0	0
82182079562	3541.800781	292.500000	-1496.800781	430.800781	-2244.400391	-166.300781	-34.128529	-147.832886	-39.756821	3.956073	-6.055752	1.613355	0	0	0	0	0	0
82567827665	3809.500000	354.199219	-1519.500000	494.898438	-2458.300781	-139.599609	-35.831818	-160.174957	-36.729866	4.230980	-6.111537	1.979423	0	0	0	0	0	0
82956287020	3786.500000	412.300781	-1498.300781	563.000000	-2450.400391	-69.199219	-35.031498	-160.345245	-33.969849	4.198068	-6.129850	2.515888	0	0	0	0	0	0
83349329354	3781.601562	438.500000	-1455.300781	573.500000	-2483.900391	-53.099609	-32.984924	-160.355179	-35.797535	4.247486	-6.096717	2.797153	0	0	0	0	0	0
83751851518	3807.398438	434.300781	-1499.099609	589.898438	-2481.000000	-46.900391	-33.943192	-161.398392	-36.264427	4.287968	-6.322659	2.794852	0	0	0	0	0	0
84125091149	3982.601562	480.601562	-1553.300781	615.000000	-2614.400391	-48.900391	-35.192009	-168.013397	-38.156647	4.481553	-6.482190	3.109294	0	0	0	0	0	0
84525814203	3867.000000	439.800781	-1469.599609	577.398438	-2574.900391	-62.199219	-32.663471	-164.816193	-38.067654	4.346823	-6.252219	2.753257	0	0	0	0	0	0
84923855250	3841.800781	421.699219	-1478.000000	571.199219	-2555.000000	-66.099609	-32.211586	-164.125519	-38.722389	4.418740	-6.424659	2.654123	0	0	0	0	0	0
85310540492	3902.699219	437.199219	-1492.099609	581.300781	-2602.199219	-60.599609	-32.929501	-165.315872	-39.128979	4.499572	-6.360491	2.698923	0	0	0	0	0	0
85709713033	3970.699219	485.199219	-1532.000000	624.300781	-2652.800781	-31.400391	-33.963566	-168.762146	-40.366585	4.642976	-6.495327	3.114863	0	0	0	0	0	0
86090084357	3201.898438	337.500000	-1226.599609	449.000000	-2138.800781	-51.900391	-21.885506	-132.336121	-37.287289	3.804394	-5.776120	1.886047	0	0	0	0	0	0
86461880003	-132.099609	-126.199219	-39.900391	-105.800781	68.898438	-70.800781	16.648901	6.484617	-22.661381	0.073696	-2.522431	-1.319793	0	0	0	0	0	0
86877879856	-1221.400391	-371.199219	172.000000	-457.500000	961.500000	-256.400391	26.351315	55.995502	-17.569984	-1.308056	-2.795506	-3.851307	0	0	0	0	0	0
87292355011	-1489.199219	-374.500000	322.601562	-493.199219	1123.300781	-249.800781	30.930038	66.740601	-11.834706	-1.707683	-2.487946	-3.878740	0	0	0	0	0	0
87682880183	-2094.199219	-83.800781	565.699219	-334.500000	1496.898438	61.300781	39.874935	92.608971	-0.358654	-2.171988	-2.173347	-1.600138	0	0	0	0	0	0
88060836686	-2360.900391	-6.699219	726.699219	-267.300781	1611.699219	207.199219	48.978893	102.101006	4.870582	-2.514005	-2.542227	-0.767585	0	0	0	0	0	0
88433614072	-2470.599609	-44.000000	798.898438	-317.599609	1649.000000	171.300781	48.917831	104.565811	8.332628	-2.723931	-2.002245	-1.227537	0	0	0	0	0	0
88810752894	-2407.900391	-48.000000	712.101562	-332.000000	1690.000000	154.800781	48.722176	105.182495	6.369327	-2.544591	-2.693956	-1.243992	0	0	0	0	0	0
89184509186	-2488.000000	-30.900391	831.199219	-309.900391	1668.601562	185.398438	49.988358	105.608658	7.091304	-2.804593	-2.069260	-1.042852	0	0	0	0	0	0
89587590155	-1339.000000	19.800781	506.000000	-55.099609	799.800781	182.699219	30.071550	53.189629	-3.492361	-1.304014	-0.962830	0.107039	0	0	0	0	0	0
89937006562	348.898438	152.601562	-3.400391	225.000000	-423.900391	196.101562	8.091880	-20.696960	-15.025115	0.616037	-1.025320	1.714604	0	0	0	0	0	0
90316967813	1938.601562	83.500000	-573.599609	207.398438	-1503.500000	-72.599609	-15.889203	-83.730125	-28.700581	2.975298	-1.557391	0.763113	0	0	0	0	0	0
90735317533	3304.601562	420.199219	-1008.599609	554.601562	-2487.699219	57.898438	-29.404076	-140.066711	-39.117279	5.014045	-2.744373	3.280706	0	0	0	0	0	0
91151724870	2955.500000	154.398438	-805.400391	327.101562	-2309.199219	-104.300781	-19.046120	-128.188278	-35.800018	4.604875	-3.006576	1.180718	0	0	0	0	0	0
91444801588	3429.199219	248.199219	-1028.000000	416.699219	-2588.599609	-99.300781	-25.496630	-147.639923	-38.896248	5.186851	-3.758420	1.825640	0	0	0	0	0	0
91837033833	3869.699219	323.601562	-1165.300781	510.000000	-2894.300781	-82.699219	-30.353329	-165.869080	-39.984497	5.708043	-4.058249	2.410499	0	0	0	0	0	0
92213198691	3885.300781	348.500000	-1164.099609	545.101562	-2906.199219	-33.500000	-29.734121	-166.369141	-40.258259	5.726502	-4.254254	2.613372	0	0	0	0	0	0
92571890895	3885.101562	342.300781	-1180.800781	502.800781	-2912.500000	-71.099609	-30.075232	-166.664078	-40.679569	5.803576	-4.373837	2.447664	0	0	0	0	0	0
92968345757	3981.398438	365.898438	-1214.699219	527.699219	-2974.199219	-61.300781	-30.607252	-170.393661	-42.260220	5.955484	-4.446338	2.626805	0	0	0	0	0	0
93344866395	4111.398438	396.800781	-1280.300781	564.601562	-3052.900391	-54.599609	-32.706699	-174.335251	-44.386116	6.149230	-4.634947	2.778524	0	0	0	0	0	0
93739161616	4178.699219	396.699219	-1351.599609	553.800781	-3072.599609	-80.500000	-34.464207	-176.997177	-48.070488	6.314085	-4.972567	2.707846	0	0	0	0	0	0
94138889542	4277.300781	420.300781	-1365.000000	593.398438	-3154.099609	-67.699219	-33.998100	-180.723907	-50.004673	6.513035	-5.133778	2.940334	0	0	0	0	0	0
94527870878	4143.800781	370.000000	-1281.400391	553.398438	-3096.599609	-57.900391	-30.974802	-176.266708	-49.122303	6.406394	-4.906746	2.791841	0	0	0	0	0	0
94902807273	4215.398438	382.800781	-1231.400391	572.199219	-3221.400391	-45.099609	-30.081997	-180.205490	-48.320976	6.619895	-4.643899	3.198043	0	0	0	0	0	0
95293892383	4290.101562	427.101562	-1288.500000	606.398438	-3247.400391	-26.000000	-31.962410	-182.990601	-47.083370	6.685223	-4.754386	3.513715	0	0	0	0	0	0
95680722542	4319.101562	412.000000	-1363.599609	598.398438	-3189.400391	-47.099609	-33.854210	-182.064819	-49.692829	6.735658	-5.113532	3.311425	0	0	0	0	0	0
96071632075	4252.898438	406.800781	-1412.500000	585.601562	-3089.300781	-59.599609	-34.782242	-178.309189	-50.688309	6.656518	-5.312751	3.103784	0	0	0	0	0	0
96436544595	4318.601562	428.898438	-1507.599609	604.300781	-3097.800781	-62.099609	-36.473087	-180.286453	-54.097618	6.597458	-5.668717	3.262714	0	0	0	0	0	0
96824914718	4414.398438	477.500000	-1515.400391	652.601562	-3164.800781	-26.099609	-37.367134	-184.582840	-55.410160	6.840558	-5.703604	3.673364	0	0	0	0	0	0
97195735290	4625.800781	533.500000	-1593.500000	695.101562	-3324.900391	-16.800781	-40.421928	-193.430283	-56.576889	7.142972	-5.840342	4.057394	0	0	0	0	0	0
97582495242	4740.500000	547.300781	-1640.099609	714.500000	-3400.000000	-22.099609	-43.191643	-197.945602	-57.400814	7.328744	-5.785214	4.140072	0	0	0	0	0	0
97965772339	4772.800781	552.199219	-1664.800781	710.101562	-3395.400391	-27.900391	-44.430542	-198.573593	-57.242939	7.311383	-5.794196	4.101774	0	0	0	0	0	0
98375987260	3168.601562	394.898438	-1097.000000	540.601562	-2297.699219	63.199219	-22.553301	-128.032227	-45.534042	4.912577	-4.294167	3.019357	0	0	0	0	0	0
98768415312	-122.300781	-24.099609	-113.300781	-20.400391	145.500000	-5.400391	8.688300	9.246216	-19.524557	0.106879	-1.871669	-0.581259	0	0	0	0	0	0
99140923097	-1765.199219	23.898438	256.601562	-217.900391	1442.898438	83.800781	23.557568	83.734390	-9.384242	-1.857902	-1.870876	-0.842826	0	0	0	0	0	0
99525625832	-2583.300781	158.000000	546.300781	-261.199219	2007.300781	267.601562	33.242558	118.515022	7.099554	-2.912114	-1.619054	-0.120364	0	0	0	0	0	0
99893401128	-2711.599609	109.500000	638.101562	-305.900391	2053.300781	247.898438	40.141296	122.728745	8.235560	-3.030873	-2.075011	-0.487311	0	0	0	0	0	0
100273815097	-2721.199219	54.398438	693.699219	-338.000000	1990.898438	218.300781	42.840851	121.008095	5.255474	-3.110583	-2.025345	-0.820333	0	0	0	0	0	0
100668402425	-2487.000000	44.898438	605.800781	-297.199219	1831.000000	216.101562	41.432930	111.428749	1.425142	-2.793288	-2.286753	-0.752683	0	0	0	0	0	0
101080629293	-2501.300781	-19.000000	635.601562	-363.199219	1826.300781	142.000000	42.616894	111.624138	0.570055	-2.787959	-2.383408	-1.322484	0	0	0	0	0	0
101489727262	-2408.300781	-42.400391	584.300781	-371.000000	1795.101562	127.800781	42.247856	107.819351	-1.016228	-2.694573	-2.565034	-1.463692	0	0	0	0	0	0
101918631044	-2366.900391	-41.400391	599.800781	-352.099609	1731.699219	118.800781	42.593792	105.137169	-2.009123	-2.584427	-2.604417	-1.336880	0	0	0	0	0	0
102303877843	-2393.199219	-57.599609	616.000000	-368.199219	1739.500000	125.898438	43.281498	106.336349	-1.920813	-2.634093	-2.588603	-1.514900	0	0	0	0	0	0
102691909993	-2357.699219	-63.099609	623.898438	-362.599609	1688.500000	114.000000	43.177986	103.756516	-1.432740	-2.592319	-2.444205	-1.503728	0	0	0	0	0	0
102977461488	-2309.500000	-83.699219	617.601562	-373.300781	1643.101562	96.601562	42.872902	101.617783	-2.357610	-2.473516	-2.424864	-1.602794	0	0	0	0	0	0
103238233283	-2279.300781	-101.400391	612.101562	-379.099609	1615.500000	83.398438	42.499405	99.872353	-3.056632	-2.417827	-2.434482	-1.737364	0	0	0	0	0	0
103605622339	-2259.500000	-92.199219	612.699219	-362.699219	1604.300781	92.898438	43.198910	99.534966	-3.330022	-2.359015	-2.517561	-1.657745	0	0	0	0	0	0
104010653502	-2243.900391	-126.800781	607.601562	-397.900391	1577.898438	60.101562	42.243561	98.188881	-3.626424	-2.357703	-2.398920	-1.944079	0	0	0	0	0	0
104400316923	-2255.199219	-92.400391	639.398438	-360.199219	1572.398438	88.398438	41.853519	98.055748	-2.967141	-2.416230	-2.122102	-1.650432	0	0	0	0	0	0
104657049205	-2217.599609	-82.800781	642.699219	-337.699219	1526.101562	99.500000	41.843170	95.656425	-3.002185	-2.316911	-2.105896	-1.479038	0	0	0	0	0	0
105049904822	-2205.900391	-74.599609	645.898438	-326.199219	1506.601562	113.000000	41.819763	94.638947	-2.613767	-2.275209	-2.043269	-1.372858	0	0	0	0	0	0
105464633600	-2144.000000	-72.900391	627.300781	-312.199219	1464.500000	114.800781	42.473179	92.910179	-4.470971	-2.141203	-2.216459	-1.327930	0	0	0	0	0	0
105912261594	-2183.199219	-103.900391	657.699219	-345.000000	1471.601562	87.000000	42.528515	93.908295	-4.114150	-2.199844	-1.990787	-1.574716	0	0	0	0	0	0
106315656435	-2167.599609	-95.000000	651.398438	-333.000000	1464.199219	95.800781	42.119190	93.074188	-4.394153	-2.181487	-1.981967	-1.525580	0	0	0	0	0	0
106653968022	-2159.800781	-93.199219	650.300781	-327.900391	1451.300781	100.601562	41.884724	92.787453	-4.195565	-2.145641	-1.980200	-1.440106	0	0	0	0	0	0
106902371608	-2160.000000	-92.900391	657.898438	-331.699219	1462.699219	100.398438	41.442310	92.979874	-3.600291	-2.192900	-1.855603	-1.536562	0	0	0	0	0	0
107171699379	-2129.500000	-90.199219	648.398438	-322.400391	1437.101562	107.601562	41.087280	91.335541	-4.007856	-2.151173	-1.845871	-1.421548	0	0	0	0	0	0
107496386139	-1307.900391	289.199219	122.500000	95.699219	1118.500000	334.000000	16.597399	61.359737	-4.679999	-1.490773	-1.851477	1.935729	0	0	0	0	0	0
107819283594	-891.800781	467.601562	-42.300781	291.500000	924.601562	416.898438	-1.944951	44.631924	4.393807	-1.266800	-0.324920	3.291373	0	0	0	0	0	0
108201615880	-745.699219	435.199219	3.101562	305.398438	755.699219	402.199219	-2.219326	38.694756	7.569789	-0.855232	-0.021497	3.276002	0	0	0	0	0	0
108607599211	-1221.000000	218.898438	459.699219	79.199219	857.000000	275.398438	11.924323	56.842663	21.179132	-0.441357	1.377893	1.271560	0	0	0	0	0	0
108966455848	-1940.199219	-140.699219	988.000000	-346.199219	1123.199219	30.699219	27.744320	87.557808	34.115669	0.066533	2.578180	-1.921996	0	0	0	0	0	0
109334890751	-2053.800781	-312.500000	1226.800781	-511.800781	1050.300781	-95.300781	32.851341	92.210762	43.275951	0.814486	3.636186	-3.301815	0	0	0	0	0	0
109768201151	-1997.699219	-421.599609	1377.601562	-586.400391	896.500000	-162.000000	36.462566	90.231247	50.781788	1.549461	4.203185	-4.115190	0	0	0	0	0	0
110187369404	-1983.300781	-609.000000	1643.398438	-698.300781	686.199219	-277.000000	42.326771	87.333435	58.089451	2.366560	5.156892	-5.418221	0	0	0	0	0	0
110520394052	-1980.300781	-630.900391	1677.199219	-715.000000	643.699219	-293.699219	43.432129	87.714615	59.529854	2.627601	5.409609	-5.569338	0	0	0	0	0	0
110931416265	-1990.099609	-660.599609	1611.000000	-739.800781	669.000000	-320.000000	43.758080	87.418869	52.418663	2.403162	4.837110	-5.752413	0	0	0	0	0	0
111362042385	-1986.500000	-628.199219	1549.300781	-724.500000	705.601562	-300.599609	43.980488	87.680687	46.508968	2.199691	4.394401	-5.551151	0	0	0	0	0	0
111791568203	-1866.300781	-713.900391	1478.800781	-768.900391	626.000000	-384.400391	42.765594	78.862968	38.948566	1.925464	4.015213	-6.265283	0	0	0	0	0	0
112182377199	-1274.800781	-842.900391	1266.800781	-780.000000	211.101562	-513.099609	38.347549	51.148979	25.613033	1.858312	3.425462	-6.907812	0	0	0	0	0	0
112549944599	-1489.500000	-758.500000	1290.300781	-727.099609	366.398438	-432.099609	39.006302	62.040192	24.292244	1.807229	3.561015	-6.221771	0	0	0	0	0	0
112915378597	-1704.900391	-430.900391	1153.199219	-497.300781	657.199219	-162.699219	35.909634	74.064407	17.399345	1.378160	3.020215	-3.724492	0	0	0	0	0	0
113362974532	-1875.500000	-410.500000	1251.500000	-503.500000	743.800781	-124.300781	38.381073	80.904984	20.972336	1.351687	3.319339	-3.627997	0	0	0	0	0	0
113734985083	-1870.599609	-426.500000	1257.601562	-516.699219	739.898438	-151.900391	39.002705	80.401489	22.460310	1.242895	3.251152	-3.791979	0	0	0	0	0	0
114105108736	-1785.800781	-418.000000	1225.101562	-481.699219	675.601562	-122.099609	38.319950	73.942726	20.217789	1.096488	2.965949	-3.506399	0	0	0	0	0	0
114504601126	18.699219	-22.000000	-14.900391	-14.000000	17.898438	-21.800781	-0.286193	-2.015765	1.453100	-0.061972	-0.159998	-0.201593	0	0	0	0	0	0
114892276157	274.000000	-74.199219	-189.199219	-29.300781	-402.000000	-62.900391	0.979661	-14.909139	-60.745998	1.172588	-0.725334	-0.456150	0	0	0	0	0	0
115308439806	1100.601562	92.800781	-822.099609	148.898438	-1006.099609	8.601562	-7.419000	-42.888229	-134.071716	3.460199	-3.236231	0.963353	0	0	0	0	0	0
115716834427	2145.101562	427.800781	-1323.099609	512.601562	-1729.199219	180.300781	-20.743359	-85.520943	-163.320038	5.436190	-4.847081	3.823733	0	0	0	0	0	0
116080426437	2515.000000	734.398438	-1617.800781	820.699219	-1828.800781	396.101562	-28.116680	-97.947205	-165.956223	5.568651	-5.979320	6.176162	0	0	0	0	0	0
116403504600	2114.398438	326.699219	-1467.300781	398.101562	-1582.199219	42.800781	-20.707239	-84.812813	-171.300888	4.657906	-6.068097	2.515952	0	0	0	0	0	0
116818838878	197.500000	-703.500000	-190.599609	-643.599609	-568.800781	-649.699219	4.600416	-5.401849	-113.798149	3.143408	-0.566021	-6.229523	0	0	0	0	0	0
117184806062	1932.699219	34.101562	-1395.800781	123.800781	-1459.199219	-211.400391	-21.735657	-77.659271	-172.666016	4.356448	-5.424858	0.120465	0	0	0	0	0	0
117510611633	2904.898438	568.199219	-2147.699219	643.898438	-1745.000000	91.500000	-41.058117	-112.653427	-177.511353	4.814722	-7.983391	4.066112	0	0	0	0	0	0
117859969530	2409.101562	362.398438	-1736.500000	423.601562	-1476.800781	-23.599609	-31.704000	-92.089577	-144.772202	4.068715	-6.507068	2.114344	0	0	0	0	0	0
118200448471	253.398438	-42.599609	46.199219	-6.300781	-382.900391	-24.300781	2.205221	-10.977045	-17.073019	1.471853	0.356513	-0.407814	0	0	0	0	0	0
118527446715	-71.900391	-108.400391	431.000000	-19.699219	-409.900391	42.300781	21.991764	-5.984081	-9.863863	0.699650	0.392896	-0.547126	0	0	0	0	0	0
118861883269	-708.199219	-263.599609	1586.101562	-4.900391	-815.800781	241.601562	65.072350	-3.360355	7.578556	0.149942	2.286588	-0.286996	0	0	0	0	0	0
119155341661	-728.199219	-144.099609	1699.699219	130.199219	-899.300781	377.101562	69.463844	-6.224724	12.555387	-0.174433	2.468240	0.875556	0	0	0	0	0	0
119517373883	-896.099609	-251.199219	1742.601562	19.000000	-760.599609	294.000000	71.108620	1.606467	11.908112	-0.206762	2.445770	-0.128108	0	0	0	0	0	0
119921014713	-884.400391	-245.300781	1830.699219	57.101562	-876.900391	342.199219	75.707794	-1.379117	9.742790	-0.178319	2.465426	0.161113	0	0	0	0	0	0
120299601400	-907.300781	-268.699219	1613.898438	-15.599609	-660.599609	239.800781	68.287186	4.595926	6.294477	-0.219521	1.963080	-0.500157	0	0	0	0	0	0
120689427117	-985.900391	-283.900391	1859.101562	12.300781	-812.199219	322.101562	77.947998	2.991557	8.797288	-0.185240	2.361967	-0.188280	0	0	0	0	0	0
121077563069	-949.599609	-281.800781	1790.000000	4.500000	-775.000000	295.601562	74.584442	3.470330	7.567404	-0.100954	2.285149	-0.286249	0	0	0	0	0	0
121462577399	-1015.300781	-297.599609	1936.101562	8.699219	-847.099609	324.101562	80.354942	3.495923	10.551682	-0.052763	2.653303	-0.248569	0	0	0	0	0	0
121838925412	-1036.599609	-266.599609	2022.699219	45.500000	-911.000000	367.199219	82.383347	2.185372	12.203354	-0.058515	2.847181	0.108344	0	0	0	0	0	0
122222697996	-969.599609	-261.800781	1893.699219	30.398438	-845.099609	342.898438	77.764648	2.274282	11.742273	-0.053555	2.669181	0.010487	0	0	0	0	0	0
122630703901	-982.099609	-262.300781	1908.199219	42.000000	-857.000000	347.601562	78.735413	2.116740	11.749903	-0.070167	2.677251	0.085031	0	0	0	0	0	0
123047041035	-1025.300781	-277.199219	1987.199219	46.500000	-899.099609	361.101562	83.036453	2.284403	11.320294	-0.094356	2.668018	0.036470	0	0	0	0	0	0
123404126153	-1019.000000	-264.900391	1985.500000	49.699219	-904.800781	364.199219	82.866684	1.973765	10.915356	-0.090356	2.662450	0.086730	0	0	0	0	0	0
123811472920	-1008.099609	-260.500000	1945.398438	56.000000	-901.500000	366.898438	82.834282	1.609584	7.312450	-0.079335	2.323050	0.171307	0	0	0	0	0	0
124219891449	-981.500000	-246.300781	1912.000000	65.300781	-884.900391	372.300781	81.012955	1.365142	7.842853	-0.093290	2.354309	0.283339	0	0	0	0	0	0
124628513835	-1113.599609	-283.599609	2201.898438	69.000000	-1032.699219	428.601562	92.427238	0.840534	11.649818	-0.101484	2.906849	0.346575	0	0	0	0	0	0
125047342052	-974.099609	-224.699219	1997.601562	93.898438	-963.000000	427.898438	84.739708	-0.904265	9.843466	-0.087321	2.510090	0.599892	0	0	0	0	0	0
125439830052	-1001.599609	-230.800781	2031.601562	98.398438	-968.300781	422.000000	86.057472	-0.313129	9.052589	-0.093921	2.539749	0.563274	0	0	0	0	0	0
125829619194	-943.199219	-214.900391	1900.199219	99.800781	-907.800781	396.601562	78.924866	-0.512407	7.563395	-0.067850	2.270807	0.550764	0	0	0	0	0	0
126205594667	-202.500000	-41.400391	409.800781	46.699219	-227.099609	112.601562	20.619499	-1.522687	-3.833576	0.022069	-0.026374	0.130990	0	0	0	0	0	0
126554118124	302.000000	191.000000	-625.000000	114.699219	255.500000	9.101562	-22.779940	-1.557133	-10.211792	0.166295	-1.265670	0.774026	0	0	0	0	0	0
126961521262	829.199219	430.898438	-1858.900391	170.800781	871.199219	-85.800781	-65.210602	-1.035696	-25.712053	-0.134899	-3.920459	1.333385	0	0	0	0	0	0
127388518839	1086.101562	541.898438	-2311.300781	239.199219	1035.500000	-93.000000	-80.547569	-4.032899	-30.098148	-0.120377	-4.948463	1.858515	0	0	0	0	0	0
127780824873	1290.000000	618.601562	-2569.599609	278.101562	1048.601562	-61.800781	-86.930580	-9.257681	-36.435383	-0.031313	-5.851907	2.338093	0	0	0	0	0	0
128142729007	1433.601562	669.398438	-2631.800781	343.601562	973.000000	-38.800781	-89.364723	-14.131516	-37.598232	0.143811	-6.058420	2.744038	0	0	0	0	0	0
128555981468	1205.898438	579.601562	-2290.099609	283.500000	906.500000	-71.400391	-78.484970	-10.176278	-31.722536	0.006813	-5.054236	2.164258	0	0	0	0	0	0
128942394632	1168.300781	550.500000	-2314.000000	247.699219	958.699219	-101.400391	-79.175415	-8.338108	-31.825216	-0.092585	-5.231888	1.869681	0	0	0	0	0	0
129319333278	1136.601562	543.500000	-2306.500000	221.601562	986.199219	-87.099609	-79.056625	-7.042500	-31.844435	-0.131584	-5.148934	1.796902	0	0	0	0	0	0
129677541981	1141.101562	536.000000	-2271.400391	229.500000	946.699219	-104.699219	-77.650719	-7.854797	-32.779942	-0.104908	-5.204459	1.777460	0	0	0	0	0	0
130071943405	1259.601562	566.300781	-2357.900391	278.601562	902.199219	-88.500000	-78.712105	-11.893051	-34.607269	0.066940	-5.533991	2.101472	0	0	0	0	0	0
130469769802	1077.398438	478.500000	-2319.199219	177.898438	1013.199219	-140.300781	-73.025238	-4.595815	-38.545563	-0.191943	-5.921930	1.289537	0	0	0	0	0	0
130830175443	833.000000	386.000000	-2087.500000	98.000000	1026.199219	-171.099609	-64.719772	1.909451	-39.042950	-0.403435	-5.655774	0.599071	0	0	0	0	0	0
131218199120	926.898438	419.601562	-2020.300781	160.300781	857.101562	-96.800781	-58.515961	-4.765629	-42.511909	-0.231802	-6.015035	1.134217	0	0	0	0	0	0
131619059758	570.601562	232.800781	-1512.400391	22.898438	748.898438	-149.599609	-41.128120	1.052903	-36.485962	-0.476834	-4.926333	0.200708	0	0	0	0	0	0
131945836860	512.199219	221.300781	-1533.900391	15.898438	811.800781	-162.699219	-41.310600	4.051827	-36.808022	-0.605850	-5.071890	-0.172345	0	0	0	0	0	0
132330467851	103.500000	40.699219	-1274.900391	-178.099609	996.199219	-283.900391	-32.378490	18.975206	-34.197071	-1.031126	-4.495917	-1.719459	0	0	0	0	0	0
132678802569	-498.599609	-186.900391	-756.699219	-384.699219	1118.898438	-374.500000	-13.316102	38.554218	-29.003775	-1.466691	-3.641690	-3.399263	0	0	0	0	0	0
133011703492	-897.699219	-325.699219	-512.300781	-525.900391	1271.398438	-444.599609	-2.887351	52.390839	-27.901159	-1.844787	-3.418804	-4.483742	0	0	0	0	0	0
133327949442	-1052.699219	-346.199219	-393.500000	-556.199219	1305.398438	-443.900391	2.158937	58.130447	-26.919724	-1.868532	-3.240899	-4.614903	0	0	0	0	0	0
133662507514	-1239.900391	-328.400391	-19.500000	-489.300781	1162.000000	-321.400391	12.930083	59.248016	-21.358379	-1.647311	-2.241727	-3.911887	0	0	0	0	0	0
133999191312	-1113.300781	-281.199219	401.101562	-318.699219	659.398438	-147.500000	27.157183	43.309990	-13.851301	-1.232165	-1.005079	-2.710572	0	0	0	0	0	0
134329319770	-1114.000000	-151.300781	594.000000	-133.599609	411.699219	51.101562	32.493313	36.558460	-15.823151	-1.090909	-0.303013	-1.069943	0	0	0	0	0	0
134660408984	-521.000000	51.101562	590.101562	130.398438	-143.400391	249.398438	29.304802	9.296147	-13.273732	-0.004676	0.329103	1.073081	0	0	0	0	0	0
134987382244	626.199219	298.000000	446.300781	475.800781	-1197.300781	481.101562	23.986076	-43.820271	-20.106133	1.714092	0.225575	3.919601	0	0	0	0	0	0
135317451021	340.500000	-75.400391	509.800781	97.800781	-904.400391	107.699219	22.870501	-32.545757	-11.690634	0.640797	0.795167	0.269922	0	0	0	0	0	0
135651682107	1770.000000	187.898438	-705.900391	289.101562	-1243.300781	38.500000	-11.868960	-72.858932	-36.615295	3.104615	-3.207384	1.709554	0	0	0	0	0	0
135982075457	1890.000000	211.000000	-1505.099609	179.000000	-630.199219	-160.400391	-40.543953	-58.116562	-44.931969	2.927501	-4.590917	0.564005	0	0	0	0	0	0
136397639511	306.601562	110.898438	-761.300781	15.000000	327.199219	-93.400391	-20.033855	0.606956	-26.286076	0.099002	-2.429096	-0.339056	0	0	0	0	0	0
136725885095	-277.000000	-61.300781	-399.400391	-148.800781	520.101562	-140.500000	-3.660510	22.043827	-26.521793	-0.370941	-2.196256	-1.613895	0	0	0	0	0	0
137185614071	-870.699219	-293.900391	-161.699219	-388.599609	905.101562	-280.000000	12.285720	42.365524	-24.890366	-1.667444	-3.051790	-3.539610	0	0	0	0	0	0
137568950361	-1886.800781	-563.500000	263.898438	-768.400391	1542.601562	-467.000000	29.400249	83.401428	-17.978867	-2.961838	-2.686747	-6.130363	0	0	0	0	0	0
137953554962	-1474.900391	-270.699219	1096.398438	-209.699219	369.699219	79.601562	54.213543	46.217785	-4.197966	-0.976286	-0.032027	-1.545987	0	0	0	0	0	0
138346957766	-37.900391	90.898438	975.800781	319.101562	-1002.599609	457.000000	48.798042	-22.714260	-9.622080	1.214994	0.323731	2.608086	0	0	0	0	0	0
138771949286	1842.800781	579.500000	-226.000000	754.601562	-1806.199219	582.101562	10.771356	-87.493713	-29.580378	3.500845	-2.982547	6.082853	0	0	0	0	0	0
139170773062	2460.601562	749.000000	-1432.000000	831.300781	-1370.300781	438.699219	-20.969423	-94.959694	-60.419601	3.618993	-7.200104	6.209028	0	0	0	0	0	0
139579579552	2529.101562	802.199219	-2554.500000	735.898438	-462.300781	259.699219	-48.046635	-74.468170	-88.611359	2.710268	-11.374028	5.184100	0	0	0	0	0	0
139961212077	1879.898438	582.199219	-2784.800781	402.800781	417.199219	-4.099609	-55.508259	-35.539120	-90.486984	1.438770	-11.745534	2.471710	0	0	0	0	0	0
140284655505	152.500000	-9.300781	-1829.599609	-276.099609	1323.500000	-378.699219	-31.440044	25.896053	-65.947884	-1.284757	-8.376430	-2.747512	0	0	0	0	0	0
140547188219	-736.900391	-327.199219	-1347.500000	-651.599609	1796.300781	-600.800781	-15.426984	58.757343	-55.764397	-2.509275	-7.295921	-5.490333	0	0	0	0	0	0
140923630289	-1646.099609	-623.900391	-630.300781	-953.800781	2070.101562	-715.800781	8.536544	89.154945	-42.340492	-3.614486	-5.942562	-7.795234	0	0	0	0	0	0
141264582454	-2193.300781	-714.099609	15.601562	-1023.199219	2018.898438	-648.599609	29.189707	102.640327	-31.938129	-3.915712	-4.485429	-7.930259	0	0	0	0	0	0
141667288123	-2384.599609	-813.300781	536.199219	-1034.699219	1728.601562	-612.699219	46.891148	99.568443	-23.251787	-3.755137	-3.188123	-8.061615	0	0	0	0	0	0
142033437407	-1556.400391	-497.300781	1424.699219	-330.400391	115.500000	-1.000000	72.345505	42.020878	-8.932245	-0.917453	-0.143282	-2.928437	0	0	0	0	0	0
142421117405	-210.699219	-66.099609	1183.101562	175.000000	-974.599609	341.601562	50.730015	-17.145906	-1.850476	1.091951	1.668753	1.322620	0	0	0	0	0	0
142791890953	1518.500000	417.000000	140.398438	591.199219	-1767.900391	473.000000	13.906504	-78.112686	-14.233180	3.018281	-0.644685	4.780316	0	0	0	0	0	0
143177361491	3230.699219	863.500000	-1618.500000	924.398438	-1895.500000	394.000000	-40.124657	-124.272522	-48.578575	5.033494	-5.760644	6.665378	0	0	0	0	0	0
143557846574	2768.398438	703.601562	-2262.400391	647.101562	-851.199219	111.199219	-59.297379	-88.546562	-61.713692	3.653947	-7.499035	4.158245	0	0	0	0	0	0
143920503652	689.000000	-11.300781	-1684.500000	-181.800781	680.398438	-328.900391	-25.108406	4.636671	-62.296532	1.197763	-8.346964	-2.246503	0	0	0	0	0	0
144323110070	-1003.500000	-361.900391	-657.599609	-574.099609	1431.601562	-420.099609	10.480001	61.973541	-45.255802	-1.367741	-6.279083	-4.756501	0	0	0	0	0	0
144703527333	-1662.699219	-356.599609	-53.000000	-596.300781	1522.300781	-300.300781	25.697302	81.861450	-33.471764	-1.814010	-4.237415	-4.307425	0	0	0	0	0	0
145050338097	-1527.699219	-201.900391	806.800781	-223.599609	674.800781	71.699219	46.166660	58.513847	-8.409475	-0.812983	-0.960477	-1.440718	0	0	0	0	0	0
145457863278	-1010.699219	-101.099609	1143.199219	36.601562	-143.400391	295.699219	54.981010	24.467688	-5.081519	0.258299	0.376883	0.364305	0	0	0	0	0	0
145877090558	487.199219	113.000000	718.500000	327.898438	-1274.699219	388.398438	35.472939	-40.226379	-16.588507	2.086444	0.601267	2.637008	0	0	0	0	0	0
146262759813	1891.898438	460.800781	-219.699219	644.500000	-1847.000000	450.699219	6.105349	-89.693153	-27.829527	3.663940	-2.096373	4.954171	0	0	0	0	0	0
146634468275	2546.800781	718.800781	-1424.500000	801.601562	-1431.500000	395.000000	-25.499296	-96.223755	-53.239620	4.077492	-6.422271	5.794146	0	0	0	0	0	0
146963194560	2362.199219	600.500000	-2028.900391	580.199219	-730.800781	158.500000	-38.775482	-72.985085	-69.399536	3.629853	-8.776015	3.797928	0	0	0	0	0	0
147289859210	1094.300781	156.199219	-2150.800781	-37.699219	666.699219	-264.300781	-39.985500	-7.611136	-74.698425	1.205471	-9.397282	-1.023068	0	0	0	0	0	0
147606893628	-593.400391	-147.000000	-838.900391	-335.300781	1198.500000	-275.800781	-2.036209	46.248466	-46.064571	-0.950557	-5.668796	-2.913217	0	0	0	0	0	0
147946673645	-7.800781	26.101562	15.601562	25.800781	13.601562	21.601562	0.855093	-1.497526	-0.327485	-0.067240	-0.108706	-0.010294	0	0	0	0	0	0
148275990625	9.300781	27.000000	9.800781	36.101562	4.898438	25.699219	0.972156	-1.846343	0.463971	-0.065278	-0.048664	-0.007779	0	0	0	0	0	0
148653618746	7.101562	21.199219	10.500000	31.300781	-6.500000	22.300781	1.233421	-1.817173	0.494522	-0.065177	-0.036674	-0.008738	0	0	0	0	0	0
149010593681	4.199219	24.601562	9.500000	34.898438	-1.599609	14.500000	1.117556	-1.833986	-0.608937	-0.073017	-0.039285	0.003528	0	0	0	0	0	0
149346347353	7.800781	22.800781	6.898438	32.000000	-2.800781	19.300781	1.220995	-1.750280	0.615385	-0.068612	-0.034430	-0.008900	0	0	0	0	0	0
149745999606	2.500000	21.699219	5.199219	33.800781	-5.500000	19.601562	1.266115	-1.696349	0.698427	-0.072815	-0.030033	-0.007898	0	0	0	0	0	0
150062386121	7.199219	20.300781	6.398438	34.300781	-4.000000	20.199219	1.178070	-1.650964	0.581971	-0.071817	-0.034858	-0.008798	0	0	0	0	0	0
150388410113	9.300781	25.101562	12.898438	34.101562	-3.900391	23.398438	1.166087	-1.588108	-0.415488	-0.070636	-0.032879	0.001433	0	0	0	0	0	0
150748344281	1.000000	21.500000	10.398438	30.300781	-1.900391	24.300781	1.181398	-1.681848	-0.265423	-0.072574	-0.027858	-0.000088	0	0	0	0	0	0
