634850	5.101562	5.898438	1.800781	7.699219	4.500000	9.101562	0.069554	0.008099	-0.076487	-0.001993	-0.002974	-0.000197	0	0	0	0	0	0
11665054187	3.000000	7.699219	2.398438	3.699219	0.500000	7.500000	0.125993	-0.023264	-0.000432	-0.006185	-0.001843	-0.001845	0	0	0	0	0	0
11948050590	1.300781	3.300781	-5.199219	0.199219	-1.400391	15.300781	0.016676	-0.109387	-0.001904	-0.002133	-0.004382	-0.000991	0	0	0	0	0	0
12147110712	2.898438	9.898438	9.199219	4.101562	2.300781	6.398438	-0.025648	0.021166	0.081655	-0.001147	-0.000577	0.000565	0	0	0	0	0	0
12334314842	4.898438	4.000000	0.199219	6.300781	4.000000	6.000000	0.026851	-0.085264	-0.001340	-0.003930	-0.003346	-0.001382	0	0	0	0	0	0
12525543125	-2.099609	7.601562	-0.800781	2.398438	-0.699219	8.101562	0.058299	-0.076180	0.035825	-0.003891	-0.002839	-0.002204	0	0	0	0	0	0
12713065957	0.300781	1.000000	-2.599609	-5.099609	4.300781	4.601562	0.122239	-0.125684	0.191270	-0.000355	-0.002636	-0.000890	0	0	0	0	0	0
12911843826	-0.900391	5.398438	-3.699219	-7.900391	-4.000000	2.699219	0.057822	-0.056823	0.615373	-0.001807	-0.001889	-0.005695	0	0	0	0	0	0
13097312676	-7.099609	1.101562	2.199219	4.101562	-2.400391	-3.800781	0.043513	-0.042597	-0.002315	-0.001671	-0.002417	-0.001372	0	0	0	0	0	0
13283813575	2.898438	3.398438	5.500000	2.699219	1.500000	9.101562	0.061290	-0.165887	-0.121650	-0.000542	0.000772	0.000502	0	0	0	0	0	0
13481314778	-1.599609	7.601562	3.898438	-2.699219	2.101562	10.300781	0.014799	-0.090766	-1.045256	-0.001261	-0.000952	0.007057	0	0	0	0	0	0
13677873298	4.601562	10.000000	-3.000000	-4.800781	-1.300781	0.898438	0.026549	-0.091275	-0.202441	-0.002655	-0.002552	-0.002887	0	0	0	0	0	0
13875442998	-3.000000	1.500000	4.898438	-3.199219	-0.199219	-0.300781	0.099162	-0.077785	-0.042618	-0.001305	-0.002419	-0.001098	0	0	0	0	0	0
14075066820	1.898438	6.699219	0.101562	3.601562	-1.300781	4.101562	0.076385	-0.034643	-0.076590	-0.003585	-0.000812	0.000216	0	0	0	0	0	0
14273819490	-8.000000	2.898438	1.199219	-0.199219	1.300781	-0.400391	0.043041	-0.065952	-0.116237	-0.002491	-0.003474	0.000147	0	0	0	0	0	0
14477308167	4.500000	7.898438	1.800781	2.300781	0.300781	9.101562	0.020107	-0.135485	-0.000676	-0.002982	-0.005479	-0.000602	0	0	0	0	0	0
14675536921	1.500000	5.000000	-6.300781	2.699219	-0.400391	-2.199219	0.115085	-0.113187	-0.116980	-0.000260	-0.003992	0.001263	0	0	0	0	0	0
14877306361	0.800781	5.800781	7.398438	3.000000	-1.300781	1.699219	0.064342	-0.111979	-0.079450	-0.000870	-0.003993	0.000114	0	0	0	0	0	0
15077064023	-3.599609	-0.199219	-7.400391	-4.099609	1.300781	3.300781	0.036207	-0.044745	-0.118506	-0.001008	-0.001270	-0.000232	0	0	0	0	0	0
15279075433	-2.699219	7.000000	-5.599609	2.601562	-1.300781	0.898438	0.042505	0.055270	-1.270404	-0.002873	-0.001159	0.009393	0	0	0	0	0	0
15487100088	-6.400391	11.699219	-1.500000	6.601562	0.199219	6.500000	0.044190	-0.077341	-0.081263	-0.001904	-0.001661	-0.001063	0	0	0	0	0	0
15703813035	2.398438	6.101562	2.000000	2.101562	5.101562	13.199219	0.066747	0.022178	0.082040	-0.002510	0.000977	0.000899	0	0	0	0	0	0
15897051998	0.199219	8.601562	2.699219	0.300781	2.500000	0.000000	0.036944	-0.130697	-0.195895	-0.001616	-0.002677	0.000854	0	0	0	0	0	0
16104060472	2.800781	12.101562	-1.099609	5.699219	0.101562	3.898438	-0.012403	-0.062124	0.078523	-0.002431	-0.003861	-0.000813	0	0	0	0	0	0
16310302626	-0.599609	7.000000	-4.800781	-2.500000	-4.900391	7.199219	0.045416	-0.102975	1.040039	-0.002812	-0.003655	-0.009004	0	0	0	0	0	0
16512800423	-2.400391	5.398438	-1.699219	-2.400391	0.699219	3.000000	0.109987	-0.057418	-0.121189	-0.003120	-0.000636	-0.001579	0	0	0	0	0	0
16715798907	-8.599609	4.898438	-1.800781	-7.099609	-1.900391	0.500000	0.125232	-0.058076	-0.116603	-0.001842	-0.002966	0.000474	0	0	0	0	0	0
16939885409	1.300781	0.800781	3.398438	-0.300781	0.199219	1.000000	0.079032	-0.107277	-0.885190	-0.002780	-0.005049	0.007536	0	0	0	0	0	0
17156555908	-0.300781	4.300781	-1.099609	-5.099609	0.199219	-1.800781	0.039932	-0.057885	-0.158812	-0.001732	0.001271	-0.000261	0	0	0	0	0	0
17382056074	1.500000	9.199219	3.199219	1.101562	1.800781	3.000000	-0.086743	-0.038886	-0.384163	-0.002136	0.001056	0.003422	0	0	0	0	0	0
17621304258	3.500000	3.500000	3.800781	2.000000	1.500000	1.398438	0.107803	-0.052952	-1.271669	0.000251	-0.001626	0.011307	0	0	0	0	0	0
17869077263	3.000000	7.699219	-2.300781	6.699219	2.398438	3.199219	-0.000980	-0.076907	0.959127	-0.003896	-0.002560	-0.010686	0	0	0	0	0	0
18119294927	-0.599609	5.601562	-0.099609	0.898438	1.000000	-6.500000	0.085106	-0.036783	-1.196830	0.000368	-0.002196	0.009328	0	0	0	0	0	0
18346549540	-4.500000	5.398438	-5.500000	0.199219	4.601562	2.398438	0.058636	-0.088888	0.194517	-0.000039	-0.002234	0.000065	0	0	0	0	0	0
18568548480	1.699219	10.300781	-6.699219	3.699219	0.000000	7.101562	0.046241	-0.144609	0.766659	-0.003723	-0.001035	-0.007648	0	0	0	0	0	0
18789446833	4.800781	6.500000	-4.099609	0.101562	6.300781	9.199219	-0.045409	-0.085268	1.081111	-0.002601	-0.002336	-0.008393	0	0	0	0	0	0
19019547749	-2.699219	5.300781	-1.699219	-0.699219	3.898438	-2.699219	0.007507	0.030714	-1.416539	-0.008313	-0.008090	0.011289	0	0	0	0	0	0
19249061863	5.800781	2.199219	-1.300781	7.000000	1.800781	4.601562	0.011121	-0.197325	1.115131	-0.002096	0.000214	-0.008481	0	0	0	0	0	0
19478039822	-3.000000	1.199219	1.500000	-2.400391	-2.500000	-2.300781	0.117245	-0.026981	-0.110064	-0.006232	-0.006147	0.000921	0	0	0	0	0	0
19698320984	-1.900391	5.000000	4.500000	-2.000000	-3.300781	-4.300781	-0.067854	0.035075	-0.765401	-0.002308	-0.003040	0.006732	0	0	0	0	0	0
19920797781	-1.599609	7.500000	0.500000	1.601562	5.101562	0.601562	0.044921	-0.069922	-1.197336	-0.002450	-0.001859	0.008530	0	0	0	0	0	0
20140313812	0.800781	3.699219	1.601562	-0.300781	5.398438	-4.000000	0.003296	-0.093862	-1.190097	-0.005926	-0.009158	0.009342	0	0	0	0	0	0
20357063382	-4.699219	7.800781	-0.699219	-6.300781	4.500000	-2.400391	0.012296	-0.124796	0.113980	-0.001553	-0.001120	-0.000821	0	0	0	0	0	0
20579345308	-4.800781	6.500000	-3.099609	-1.199219	1.601562	-4.599609	0.129906	0.045946	-1.071255	-0.003689	-0.003630	0.010333	0	0	0	0	0	0
20796090064	0.500000	5.699219	1.601562	3.699219	-0.199219	0.800781	-0.010031	-0.021748	-0.150028	-0.004114	-0.004928	0.001038	0	0	0	0	0	0
21011599232	-3.699219	5.101562	-3.900391	-1.199219	0.199219	-0.699219	0.051942	-0.022594	0.736256	-0.001562	-0.001915	-0.004676	0	0	0	0	0	0
21230821886	0.500000	6.398438	-5.500000	2.398438	5.800781	0.101562	-0.084590	-0.112136	1.311196	-0.004101	-0.004233	-0.011467	0	0	0	0	0	0
21441091920	0.699219	2.000000	2.000000	8.800781	3.300781	-1.500000	0.036346	-0.095546	-1.155069	-0.001965	-0.002196	0.010246	0	0	0	0	0	0
21654054649	-3.400391	5.199219	-4.300781	3.300781	0.601562	-3.599609	0.127057	-0.094941	-0.115610	-0.006721	-0.006151	-0.000829	0	0	0	0	0	0
21881211493	-1.099609	6.500000	4.601562	4.398438	3.101562	6.199219	0.116956	-0.113454	-0.809340	-0.004136	-0.001671	0.006783	0	0	0	0	0	0
22092237999	-1.099609	0.000000	-2.000000	-0.599609	6.398438	2.101562	0.095826	0.012422	0.350127	-0.000678	-0.001815	-0.001808	0	0	0	0	0	0
22337258968	-6.900391	7.898438	6.101562	-2.500000	3.898438	-0.699219	0.095784	-0.115164	0.000310	-0.006173	-0.004874	-0.001074	0	0	0	0	0	0
22556053928	2.699219	6.000000	-0.099609	3.898438	-3.099609	1.699219	0.065232	-0.069285	0.039770	-0.001843	0.000307	0.000767	0	0	0	0	0	0
22778817516	-6.000000	-0.500000	3.800781	1.101562	2.398438	-4.199219	0.007034	0.014064	-1.229287	-0.002475	-0.001296	0.010712	0	0	0	0	0	0
23003384145	-3.800781	7.500000	-0.599609	-2.500000	2.898438	1.199219	0.070994	-0.127611	0.113505	-0.001624	-0.001520	-0.000901	0	0	0	0	0	0
23278306606	-1.099609	2.800781	-0.699219	0.699219	-3.599609	-4.199219	0.079257	-0.001900	-0.191031	-0.004664	-0.000812	0.000947	0	0	0	0	0	0
24666557182	1.500000	9.000000	0.898438	-4.300781	3.800781	2.000000	0.105314	-0.085784	0.036228	-0.002664	-0.001013	-0.000992	0	0	0	0	0	0
24918045902	-1.599609	1.300781	-1.500000	-2.400391	1.898438	-7.900391	0.144896	-0.094651	-0.081423	-0.004091	-0.003399	-0.001631	0	0	0	0	0	0
25112595178	-1.500000	5.000000	-7.199219	-2.099609	-1.500000	-0.099609	0.124514	-0.122677	-0.083925	-0.000337	-0.003297	-0.001229	0	0	0	0	0	0
25310373474	5.398438	7.800781	-3.800781	-2.400391	3.300781	4.000000	-0.067035	-0.042747	1.083299	-0.004240	-0.001099	-0.008307	0	0	0	0	0	0
25498831330	-1.400391	6.601562	7.101562	-1.900391	-3.699219	-1.099609	0.121469	-0.106134	-1.268317	-0.002770	-0.003851	0.012083	0	0	0	0	0	0
25687772066	5.300781	1.300781	-8.699219	-3.000000	0.199219	3.800781	-0.012371	-0.091610	0.034928	0.002642	-0.000280	-0.000032	0	0	0	0	0	0
25882964656	2.699219	4.800781	4.398438	0.101562	2.398438	1.101562	0.095464	-0.106401	-0.003311	-0.000849	-0.002767	-0.000654	0	0	0	0	0	0
26072065432	-7.000000	3.601562	-5.800781	-1.300781	-3.199219	-5.300781	0.015165	-0.038573	0.694194	0.000327	-0.001297	-0.005117	0	0	0	0	0	0
26266427673	1.300781	3.300781	3.601562	-2.900391	2.601562	6.000000	0.042007	-0.014495	0.000313	-0.002116	-0.001339	-0.000488	0	0	0	0	0	0
26462956807	2.398438	4.398438	-1.699219	-3.000000	3.101562	4.000000	0.069462	-0.057753	0.117132	-0.001800	-0.002635	-0.000433	0	0	0	0	0	0
26656350813	-6.500000	4.800781	2.000000	-1.599609	6.101562	-2.900391	0.047298	-0.096176	-0.039874	-0.002717	-0.004223	-0.000638	0	0	0	0	0	0
26844546311	-1.699219	7.101562	0.898438	5.000000	1.000000	0.199219	0.089253	-0.047194	-0.083717	0.000885	-0.002009	-0.001538	0	0	0	0	0	0
27039955705	-3.099609	3.398438	0.500000	-2.199219	-0.800781	-5.900391	-0.004899	0.002036	-0.689512	-0.002606	-0.004189	0.005867	0	0	0	0	0	0
27334192487	-3.300781	3.101562	-6.699219	-2.099609	0.199219	-6.300781	0.131388	-0.044539	-0.035386	-0.003092	-0.005927	0.000546	0	0	0	0	0	0
27565212732	3.000000	10.398438	-0.300781	-3.900391	3.300781	2.601562	0.017894	-0.052419	0.079528	-0.003033	-0.002984	-0.000408	0	0	0	0	0	0
27761322569	1.398438	5.398438	-0.099609	-0.800781	1.898438	2.601562	0.110700	-0.015190	-0.993628	-0.004796	-0.007460	0.009521	0	0	0	0	0	0
27957985469	-6.699219	-1.900391	0.300781	-5.000000	-5.300781	-1.800781	0.075312	-0.071763	-0.005124	-0.001883	-0.000435	-0.001832	0	0	0	0	0	0
28154825888	-3.500000	-1.400391	-1.699219	-7.300781	-1.800781	-3.900391	0.032843	0.058976	-0.028309	-0.006878	-0.006344	0.000771	0	0	0	0	0	0
28355362938	-0.199219	6.500000	1.000000	1.500000	-1.500000	1.199219	0.034570	-0.035294	-0.120114	-0.004877	-0.001185	-0.002305	0	0	0	0	0	0
28552058254	-1.199219	0.601562	-6.199219	4.800781	-3.099609	-6.199219	0.012845	0.136500	0.081365	-0.001714	-0.003031	-0.001522	0	0	0	0	0	0
28745219992	5.101562	9.699219	1.300781	-3.900391	1.101562	1.699219	-0.005898	-0.108372	0.117395	-0.004041	-0.000981	-0.000347	0	0	0	0	0	0
28938617066	-3.099609	0.300781	-1.400391	-1.500000	1.500000	-10.099609	0.120625	-0.016342	-0.500320	-0.002844	-0.003604	0.003411	0	0	0	0	0	0
29136134302	0.199219	7.199219	-1.400391	-3.900391	-1.400391	-4.800781	0.109782	-0.026059	-0.275646	-0.003546	-0.000247	-0.000892	0	0	0	0	0	0
29346875765	-1.800781	5.601562	-1.000000	3.101562	1.601562	2.300781	-0.067610	-0.010101	-0.115952	-0.003296	-0.000542	-0.000474	0	0	0	0	0	0
29602743067	-5.199219	6.500000	3.300781	3.101562	0.398438	-3.099609	0.071463	-0.006823	-1.111245	-0.007346	-0.009288	0.008165	0	0	0	0	0	0
29960978595	-0.599609	5.699219	-0.400391	1.300781	2.101562	-3.300781	-0.035754	-0.139588	-1.304291	-0.005534	-0.007790	0.011754	0	0	0	0	0	0
31937046702	-7.900391	3.101562	4.699219	-3.699219	0.800781	-3.000000	0.159010	-0.081221	-0.006932	-0.000735	-0.003188	-0.002405	0	0	0	0	0	0
32146562214	-3.500000	7.898438	2.101562	1.398438	8.398438	4.101562	0.069405	0.004222	0.116758	-0.001370	-0.002654	-0.001228	0	0	0	0	0	0
32319344177	4.898438	1.500000	2.800781	0.398438	4.699219	-5.800781	0.122846	0.009389	-0.536812	-0.003958	-0.002168	0.004249	0	0	0	0	0	0
32454433213	-1.800781	3.500000	1.500000	-1.199219	-1.500000	-3.599609	0.100967	-0.110645	0.154670	-0.002190	-0.002108	-0.000459	0	0	0	0	0	0
32585859854	1.500000	8.500000	-2.000000	1.699219	4.500000	2.800781	0.094430	-0.054944	0.113239	-0.000474	-0.000632	-0.001290	0	0	0	0	0	0
32719303684	-3.099609	5.101562	7.601562	-3.500000	1.000000	-3.699219	0.161047	-0.099029	-1.039826	-0.002772	-0.004143	0.008947	0	0	0	0	0	0
32853830359	2.699219	7.500000	-4.800781	1.500000	-0.500000	-3.000000	0.216616	-0.134623	-0.042006	-0.001823	-0.005382	-0.000478	0	0	0	0	0	0
32987021187	-1.500000	4.601562	-3.400391	3.699219	0.300781	7.500000	0.075754	-0.181440	-0.042165	-0.002670	-0.003297	-0.000311	0	0	0	0	0	0
33125966431	-1.400391	5.000000	-4.099609	-0.300781	4.898438	0.101562	0.169866	-0.081074	-0.084130	-0.002711	-0.003579	-0.002505	0	0	0	0	0	0
33261681245	-0.900391	8.199219	4.800781	-3.199219	2.000000	2.500000	-0.058651	0.070216	-0.645541	-0.004051	-0.004216	0.006467	0	0	0	0	0	0
33404375025	-1.300781	6.699219	-0.300781	1.699219	-1.199219	3.601562	-0.049139	0.021242	0.082732	-0.001814	-0.003668	0.000141	0	0	0	0	0	0
33540424707	2.300781	2.000000	3.199219	-2.400391	-0.800781	-0.699219	-0.019740	-0.082398	-1.224944	-0.003203	-0.009791	0.011838	0	0	0	0	0	0
33683832768	0.101562	6.101562	0.800781	5.101562	4.000000	2.699219	0.045410	-0.009605	0.001354	-0.002750	-0.002446	-0.000498	0	0	0	0	0	0
33825777680	-4.199219	6.601562	0.199219	-1.000000	4.000000	1.300781	0.097831	-0.060821	0.113095	-0.001163	0.000445	-0.001282	0	0	0	0	0	0
33961041053	-0.099609	4.699219	0.601562	-1.199219	1.699219	-4.800781	0.032879	-0.023990	-0.766560	-0.004764	-0.002586	0.006579	0	0	0	0	0	0
34095944329	3.699219	1.500000	-3.599609	-3.099609	-2.000000	-3.199219	-0.017162	-0.035034	-0.113135	-0.002864	-0.001996	0.001110	0	0	0	0	0	0
34237799247	-7.599609	4.699219	-4.400391	-0.699219	-1.099609	-3.599609	0.077890	-0.062746	-0.079218	-0.003141	-0.001890	-0.000667	0	0	0	0	0	0
34369752420	-4.599609	1.300781	-2.500000	1.000000	3.300781	-3.400391	-0.044139	-0.061791	0.922653	-0.002422	-0.000852	-0.008971	0	0	0	0	0	0
34502726310	-0.599609	5.199219	5.300781	2.101562	5.300781	-2.599609	0.034880	-0.006246	0.039578	-0.000756	-0.002773	-0.000451	0	0	0	0	0	0
34642495574	-3.000000	6.199219	2.699219	2.000000	4.300781	0.199219	0.088461	-0.102539	0.081599	-0.001461	-0.002414	0.001989	0	0	0	0	0	0
34857576138	-7.199219	2.101562	0.898438	-4.599609	0.898438	-2.300781	0.098044	0.039896	-0.273957	-0.001764	-0.000224	-0.000413	0	0	0	0	0	0
35080826494	-0.199219	4.601562	0.398438	1.000000	0.000000	2.898438	-0.082891	-0.011597	-0.961672	-0.004585	-0.003194	0.006489	0	0	0	0	0	0
35210013299	-2.000000	4.601562	-2.699219	-2.699219	0.898438	4.101562	0.015893	-0.120822	1.005544	-0.004199	-0.001998	-0.006893	0	0	0	0	0	0
35368034713	1.500000	12.000000	-2.400391	0.101562	2.601562	8.199219	0.025375	-0.088150	0.001475	-0.004589	-0.002258	-0.000101	0	0	0	0	0	0
35592562607	0.500000	4.300781	-2.800781	-1.199219	-1.500000	-0.699219	0.103635	-0.046543	-0.114228	-0.003695	-0.001720	0.000958	0	0	0	0	0	0
35774416998	-4.000000	1.101562	-4.800781	-0.400391	-0.900391	-1.900391	0.030034	-0.023474	0.043910	-0.000887	-0.004935	0.001203	0	0	0	0	0	0
35985548363	3.898438	6.000000	-2.300781	2.300781	-2.400391	5.898438	-0.013288	-0.006789	0.001828	-0.002678	-0.002046	-0.000418	0	0	0	0	0	0
36208772726	-2.199219	5.199219	-1.300781	0.101562	1.601562	4.101562	0.049667	-0.039829	0.077717	-0.002976	-0.003195	-0.001283	0	0	0	0	0	0
36380555937	1.898438	6.601562	7.000000	0.601562	-0.599609	-3.699219	0.037182	0.057400	-0.686523	-0.000920	-0.002371	0.007556	0	0	0	0	0	0
36518615614	-2.199219	7.000000	0.398438	-1.099609	-0.699219	-8.900391	0.115855	-0.017191	-1.187969	-0.002132	-0.002433	0.012269	0	0	0	0	0	0
36659568395	-3.300781	5.000000	-4.300781	6.300781	0.500000	-2.300781	-0.069671	-0.079871	-1.311132	-0.007079	-0.008583	0.007209	0	0	0	0	0	0
36800237255	-2.800781	5.199219	-3.599609	-5.900391	4.199219	-1.099609	0.069309	0.005000	-1.075635	-0.002593	-0.001018	0.009556	0	0	0	0	0	0
36937842458	-0.300781	3.898438	-1.000000	-0.800781	3.101562	-6.000000	-0.003873	-0.017478	-0.113778	-0.000132	-0.002134	0.001510	0	0	0	0	0	0
37081793811	-4.400391	4.699219	-0.199219	-2.199219	3.398438	1.800781	0.098499	0.033812	-0.612242	-0.005087	-0.003434	0.004618	0	0	0	0	0	0
37236005021	-5.599609	-0.300781	-3.699219	-0.900391	-2.699219	-9.599609	-0.052787	-0.051635	-0.119036	-0.000334	-0.001748	-0.000558	0	0	0	0	0	0
37372842831	-0.599609	5.199219	-6.199219	-3.400391	2.500000	-2.599609	0.045259	-0.024250	0.193413	-0.002181	0.000057	-0.001512	0	0	0	0	0	0
37522262708	-3.199219	6.000000	2.699219	-0.400391	1.500000	-1.699219	0.002458	-0.052588	-0.227990	-0.002329	-0.001038	0.003044	0	0	0	0	0	0
37667538773	-1.599609	5.398438	-0.699219	2.398438	2.101562	1.000000	-0.010243	0.004047	0.039286	-0.003225	0.001922	-0.000738	0	0	0	0	0	0
37807410849	-0.500000	5.800781	-1.699219	6.500000	3.398438	7.398438	0.034878	-0.017014	0.038392	-0.000811	-0.000590	-0.000434	0	0	0	0	0	0
37947840581	-0.300781	7.699219	-1.000000	1.601562	1.398438	3.500000	0.080442	-0.001205	-0.151127	-0.004074	-0.007722	0.000066	0	0	0	0	0	0
38090950541	-2.699219	8.699219	0.898438	2.398438	-1.300781	0.398438	0.002529	-0.038350	0.618074	-0.002315	-0.004779	-0.005641	0	0	0	0	0	0
38227393616	2.898438	7.500000	1.699219	1.398438	3.398438	5.101562	-0.011066	0.018942	-0.034663	-0.003793	-0.000610	0.000420	0	0	0	0	0	0
38367952568	1.101562	11.000000	-4.300781	-0.900391	0.199219	4.101562	0.080544	-0.102237	-0.046871	-0.002110	-0.001155	-0.002761	0	0	0	0	0	0
38509000346	-4.199219	7.000000	-3.300781	3.898438	2.199219	3.398438	-0.018040	-0.073070	0.848855	-0.003174	-0.001390	-0.007001	0	0	0	0	0	0
38657885680	-5.400391	0.601562	-0.099609	-0.800781	-3.000000	-6.400391	0.123453	-0.046937	-0.268736	-0.006404	-0.009022	-0.000167	0	0	0	0	0	0
38796812838	-2.900391	0.199219	-3.500000	1.699219	0.601562	-4.199219	0.008103	0.002269	-0.156189	-0.001305	-0.000721	-0.000198	0	0	0	0	0	0
38938947561	-1.800781	2.199219	2.699219	4.000000	1.800781	-0.199219	0.058400	0.050856	-1.344954	-0.001613	-0.002742	0.011356	0	0	0	0	0	0
39075946900	-3.800781	3.199219	0.000000	0.398438	-1.000000	-3.900391	0.063075	0.001825	-0.117544	-0.000706	-0.001479	-0.000233	0	0	0	0	0	0
39216996190	6.101562	0.898438	3.000000	-3.300781	4.699219	-4.000000	0.027840	0.035552	-0.118334	0.000246	0.002003	-0.000127	0	0	0	0	0	0
39354947912	-5.000000	5.601562	-7.199219	-2.900391	-2.000000	-1.300781	0.030624	0.023978	-0.036785	-0.000530	-0.002025	0.000335	0	0	0	0	0	0
39498403852	-5.000000	5.699219	-1.500000	-0.300781	-1.800781	-5.099609	0.101885	-0.048919	0.036186	-0.001761	-0.002099	-0.001398	0	0	0	0	0	0
39642933914	-1.300781	8.199219	-1.900391	-0.500000	4.699219	-1.800781	0.002902	0.012523	-0.113069	-0.001240	-0.002174	0.001111	0	0	0	0	0	0
39784831025	-5.000000	8.398438	-1.400391	-1.000000	-1.300781	-1.000000	0.084691	-0.074501	-0.079507	-0.004518	0.000262	-0.000651	0	0	0	0	0	0
39920430733	-3.699219	4.199219	-1.199219	2.898438	-0.199219	-1.500000	0.070867	-0.049071	-0.685593	-0.006333	-0.007921	0.006554	0	0	0	0	0	0
40058670977	-0.599609	3.800781	3.699219	2.300781	-2.099609	-10.199219	0.026111	-0.085935	-1.459554	-0.006506	-0.006735	0.011971	0	0	0	0	0	0
40283244504	-6.000000	4.000000	-1.400391	0.199219	1.199219	4.398438	0.034022	0.027368	0.008038	-0.006452	-0.006704	-0.000058	0	0	0	0	0	0
40487642261	-2.599609	4.601562	-2.099609	3.199219	2.000000	7.199219	0.033306	-0.046501	-0.004252	0.000286	-0.001280	-0.001361	0	0	0	0	0	0
40621404088	-3.500000	4.898438	0.000000	-2.099609	3.898438	0.398438	-0.072532	-0.002316	-1.196761	-0.001878	-0.001079	0.007893	0	0	0	0	0	0
40764349913	-2.300781	5.300781	-0.900391	-3.099609	4.601562	2.101562	0.010587	-0.065335	-0.037850	-0.002424	0.000346	0.000748	0	0	0	0	0	0
40920195529	-4.599609	4.800781	7.398438	9.300781	0.601562	-1.699219	-0.011895	-0.008572	-0.994527	0.000645	-0.002359	0.011391	0	0	0	0	0	0
41113427879	-6.599609	-4.000000	-6.099609	4.500000	-3.199219	-0.800781	-0.046238	0.022997	-0.031522	-0.003107	-0.003659	0.001270	0	0	0	0	0	0
41321043132	3.300781	7.000000	4.500000	-0.300781	3.500000	5.300781	0.035937	-0.012794	-1.417830	-0.007997	-0.009357	0.011201	0	0	0	0	0	0
41544670446	2.101562	5.800781	0.000000	-1.800781	4.300781	2.101562	0.072932	0.045479	-0.119415	0.002875	-0.000519	-0.000221	0	0	0	0	0	0
41694401522	-3.500000	2.199219	-3.699219	-4.599609	-4.400391	-5.400391	0.131977	-0.007855	-0.117267	-0.002789	-0.000833	-0.000306	0	0	0	0	0	0
41827550814	4.199219	4.000000	-0.500000	-0.099609	4.500000	3.398438	0.024200	0.091507	-0.230238	-0.004618	-0.000084	-0.000213	0	0	0	0	0	0
41964195141	1.000000	5.699219	0.699219	3.101562	4.699219	1.300781	-0.037960	0.014127	-0.034627	-0.003825	-0.002594	0.000005	0	0	0	0	0	0
42139987594	-6.900391	9.101562	6.101562	1.101562	5.398438	-5.500000	0.005012	-0.037822	-0.693381	0.000437	0.001157	0.006709	0	0	0	0	0	0
42271624943	-1.099609	6.101562	-9.900391	-1.699219	-3.000000	-3.500000	0.090340	-0.021388	0.579885	-0.003524	0.000425	-0.004452	0	0	0	0	0	0
42448801320	-1.000000	11.199219	-7.800781	-0.900391	0.101562	6.800781	-0.050265	-0.095548	0.842809	-0.001333	-0.000065	-0.008661	0	0	0	0	0	0
42585601812	-0.800781	8.101562	-0.599609	4.101562	3.601562	4.000000	-0.010653	-0.059748	-0.071891	-0.004365	-0.003482	0.001543	0	0	0	0	0	0
42759595753	-0.900391	0.199219	-2.099609	-1.800781	2.101562	1.300781	0.091056	-0.002656	-1.271255	-0.001363	-0.002585	0.010103	0	0	0	0	0	0
42913718259	0.000000	-0.300781	-7.500000	1.398438	1.601562	-5.800781	0.084339	-0.036251	-0.039534	-0.004267	-0.001213	-0.001013	0	0	0	0	0	0
43083685831	0.300781	5.398438	3.300781	3.500000	0.300781	2.601562	0.101982	-0.011549	0.082830	-0.003462	-0.002505	0.000793	0	0	0	0	0	0
43262419947	-2.599609	5.199219	3.500000	5.000000	3.800781	1.199219	0.014215	-0.002681	-0.573521	-0.001305	-0.000019	0.006443	0	0	0	0	0	0
43394011239	-2.900391	3.300781	-2.500000	-1.300781	-1.199219	-1.000000	0.133187	-0.059684	-0.079547	-0.002523	-0.003366	-0.000755	0	0	0	0	0	0
43523140781	4.699219	2.101562	-0.500000	-1.199219	5.398438	3.101562	0.070407	-0.037783	-0.002351	-0.001639	-0.000433	-0.000957	0	0	0	0	0	0
43654610695	-3.000000	7.398438	-7.099609	1.898438	-4.599609	-5.699219	0.035585	-0.082745	-0.040369	-0.001259	0.000176	0.000272	0	0	0	0	0	0
43799095469	-0.400391	0.199219	-1.699219	-5.800781	-0.199219	-4.500000	0.087055	-0.078035	-1.150191	-0.006482	-0.003594	0.010630	0	0	0	0	0	0
43959391917	-2.099609	5.101562	-0.199219	-1.599609	-2.000000	-3.500000	0.044270	-0.076934	-1.119386	-0.002487	-0.000423	0.008636	0	0	0	0	0	0
44150360897	-3.800781	6.898438	-4.900391	1.601562	0.800781	0.398438	0.066487	-0.125906	1.161259	-0.002965	-0.001678	-0.006775	0	0	0	0	0	0
44289792181	-2.300781	6.398438	-2.300781	-4.500000	2.500000	0.800781	0.035532	-0.124908	0.996755	-0.000945	0.001131	-0.009013	0	0	0	0	0	0
44429616960	-8.199219	8.601562	1.398438	6.898438	2.199219	0.101562	0.079793	-0.123123	0.963136	-0.004282	-0.003128	-0.008299	0	0	0	0	0	0
44574419969	-2.000000	3.199219	-6.300781	-2.500000	-3.199219	-3.000000	0.018514	-0.025187	0.000205	-0.002836	-0.002247	-0.000895	0	0	0	0	0	0
44716387023	-2.099609	7.300781	-1.400391	1.398438	-2.099609	-4.400391	0.055354	-0.058914	0.000044	0.000187	-0.001457	0.000708	0	0	0	0	0	0
44886053554	-6.800781	15.699219	3.101562	4.601562	1.699219	2.398438	-0.099205	-0.012294	0.041314	-0.002657	-0.002913	-0.000700	0	0	0	0	0	0
45024976720	0.500000	5.101562	3.699219	4.000000	1.500000	-2.199219	0.216653	-0.056814	0.001893	-0.003204	-0.001441	0.000951	0	0	0	0	0	0
45154615003	-2.900391	6.199219	-1.400391	-3.599609	-6.199219	-1.500000	0.006275	0.037633	-0.113401	-0.001713	-0.001108	0.000721	0	0	0	0	0	0
45293742421	-0.800781	6.000000	-0.400391	-0.500000	-0.400391	-3.000000	0.078185	-0.039020	-0.119565	-0.002962	-0.000435	-0.001101	0	0	0	0	0	0
45430592256	-0.400391	4.800781	-5.000000	9.898438	6.300781	1.398438	0.020623	-0.116923	1.197015	-0.003551	-0.003873	-0.009214	0	0	0	0	0	0
45569386914	2.800781	3.300781	-2.300781	4.199219	7.101562	5.300781	-0.028707	0.056744	1.126406	-0.001614	-0.001832	-0.006987	0	0	0	0	0	0
45699412359	-7.699219	4.000000	-0.699219	-2.099609	0.699219	-5.500000	0.060757	-0.023129	-1.273445	-0.000815	-0.001279	0.009714	0	0	0	0	0	0
45830410699	-2.300781	3.601562	0.601562	-3.099609	0.398438	5.601562	0.015893	-0.120822	1.005544	-0.004199	-0.001998	-0.006893	0	0	0	0	0	0
45962207455	-0.099609	8.699219	-0.099609	2.898438	8.800781	2.398438	0.097947	-0.174005	0.115029	-0.001968	-0.001700	0.000292	0	0	0	0	0	0
46095181013	1.699219	5.000000	1.101562	-2.400391	-1.199219	-5.400391	0.088927	-0.050700	-0.044742	0.000867	-0.001291	-0.001485	0	0	0	0	0	0
46243286735	-4.099609	5.000000	4.000000	-1.099609	0.800781	0.000000	0.012946	-0.128552	0.034844	-0.001571	-0.000374	-0.000911	0	0	0	0	0	0
46380107109	-5.000000	1.800781	-0.099609	0.601562	-0.300781	-6.199219	0.148442	0.044994	-0.963798	-0.003752	-0.005889	0.005367	0	0	0	0	0	0
46514002495	4.101562	3.898438	-3.800781	-2.699219	-5.500000	-1.699219	0.049196	-0.063184	-0.036205	-0.003796	-0.004252	0.000235	0	0	0	0	0	0
46650954591	0.601562	-3.000000	-10.800781	-4.800781	-3.400391	-0.599609	0.018888	-0.042446	0.698857	-0.005631	-0.004511	-0.005546	0	0	0	0	0	0
46790405978	-6.300781	3.000000	-3.800781	0.699219	-0.500000	3.601562	0.037935	-0.104752	0.769577	-0.002790	-0.002109	-0.006780	0	0	0	0	0	0
46935912429	-2.699219	8.000000	2.398438	1.800781	-0.800781	-3.699219	0.039286	-0.032593	-0.077305	-0.001606	-0.003842	-0.000205	0	0	0	0	0	0
47086626678	-3.300781	7.898438	-3.400391	-1.199219	0.898438	2.601562	0.052183	0.009628	0.000878	-0.003912	-0.000303	-0.000880	0	0	0	0	0	0
47233124464	-1.099609	3.398438	-6.599609	1.500000	6.300781	-2.400391	0.070435	-0.068771	-0.002164	-0.001854	-0.000423	-0.000559	0	0	0	0	0	0
47372432355	-5.099609	-0.300781	-5.199219	0.398438	7.199219	-0.699219	0.051915	-0.018346	0.388740	-0.002826	-0.001837	-0.002561	0	0	0	0	0	0
47502805697	-2.000000	8.500000	0.101562	2.500000	0.898438	1.000000	0.023996	0.024594	0.116589	0.001434	-0.002392	-0.000748	0	0	0	0	0	0
47640261405	0.898438	3.601562	-0.800781	1.500000	0.699219	3.601562	-0.000065	-0.008675	-1.189835	-0.001330	-0.002721	0.011147	0	0	0	0	0	0
47775378975	0.000000	0.800781	-1.900391	2.500000	-4.099609	-4.099609	0.071776	0.033830	-0.112979	-0.003108	-0.001538	0.000640	0	0	0	0	0	0
47915930632	-0.199219	3.199219	-0.699219	3.000000	1.398438	-6.400391	0.175769	-0.001185	0.038737	-0.000178	-0.002665	-0.000203	0	0	0	0	0	0
48052022902	0.800781	5.800781	-5.199219	-1.800781	0.000000	-3.099609	0.117171	-0.052627	0.536949	-0.001842	-0.003725	-0.005881	0	0	0	0	0	0
48187969736	0.699219	9.398438	-0.199219	-0.800781	4.800781	-0.400391	0.061750	-0.074582	1.076853	-0.000626	0.000176	-0.008923	0	0	0	0	0	0
48318153101	-3.300781	6.699219	4.000000	-6.099609	-3.300781	-10.000000	0.018839	0.080714	-0.488677	-0.002731	-0.004095	0.006983	0	0	0	0	0	0
48452727456	-0.800781	1.601562	-10.300781	-1.300781	-0.599609	-8.199219	0.039905	-0.016129	-0.157813	-0.001463	-0.000922	-0.000676	0	0	0	0	0	0
48589449380	-0.099609	5.800781	-2.099609	-1.300781	-3.099609	-3.800781	0.077137	-0.094400	0.929603	-0.005367	-0.001680	-0.006189	0	0	0	0	0	0
48727245814	-2.900391	6.800781	-6.699219	5.000000	6.500000	-4.699219	0.037306	-0.011874	0.157543	-0.001445	-0.001726	-0.000300	0	0	0	0	0	0
48864402739	-0.900391	8.800781	-3.800781	-3.400391	0.699219	-1.400391	-0.035016	-0.149686	0.152738	-0.003013	-0.002218	-0.001582	0	0	0	0	0	0
48994801989	-6.000000	1.398438	-2.900391	-1.199219	1.000000	-8.000000	0.109661	-0.060924	-0.082214	-0.003138	0.000082	-0.001525	0	0	0	0	0	0
49131194189	-3.500000	6.199219	-2.500000	-1.199219	2.000000	-6.500000	-0.045036	0.003113	0.698482	0.000008	-0.002002	-0.004171	0	0	0	0	0	0
49270668022	-7.400391	4.300781	-6.099609	-4.199219	1.699219	-5.500000	-0.081563	-0.100755	0.612399	-0.001995	-0.000892	-0.006808	0	0	0	0	0	0
49407371941	1.199219	7.800781	-1.300781	-0.199219	4.199219	-6.300781	0.108336	0.025851	0.425570	-0.001299	-0.005876	-0.004291	0	0	0	0	0	0
49540095533	-1.000000	5.601562	2.199219	-0.599609	2.000000	-12.300781	0.095956	-0.031432	-0.929071	-0.000237	0.001692	0.006748	0	0	0	0	0	0
49672398949	-3.300781	3.800781	-1.699219	-7.300781	-0.699219	-9.800781	-0.076832	-0.021201	0.006635	-0.002738	-0.003808	0.001316	0	0	0	0	0	0
49809986300	-0.500000	8.199219	-8.500000	0.500000	3.601562	-5.199219	-0.007231	0.010346	1.317463	0.000648	-0.002749	-0.008105	0	0	0	0	0	0
49941910979	4.300781	4.800781	-0.599609	-1.400391	8.800781	-2.900391	0.027780	-0.077260	-0.270670	-0.001200	0.000257	0.002532	0	0	0	0	0	0
50075575150	-5.300781	5.500000	-4.400391	-1.500000	1.601562	-10.300781	-0.011461	-0.052921	-0.042146	-0.002325	0.000524	-0.001320	0	0	0	0	0	0
50208571958	-2.000000	3.800781	-1.199219	-7.400391	1.000000	-7.400391	0.013586	-0.053589	1.041475	-0.002439	-0.003464	-0.008924	0	0	0	0	0	0
50347909769	0.000000	8.199219	-5.000000	2.101562	8.300781	3.601562	0.125652	-0.103623	0.687116	-0.002188	-0.000866	-0.007816	0	0	0	0	0	0
50483575018	-3.400391	8.199219	-1.099609	-0.300781	0.101562	-4.599609	-0.032758	0.014641	-0.076561	-0.003837	-0.003324	-0.001322	0	0	0	0	0	0
50615600556	-4.699219	5.601562	1.500000	-1.400391	-3.400391	-12.900391	0.183781	-0.064768	0.076168	-0.001290	-0.003046	-0.000636	0	0	0	0	0	0
50746958524	-7.400391	2.601562	-4.800781	0.800781	4.601562	1.699219	0.012957	0.001781	0.080927	-0.002628	-0.000809	0.000087	0	0	0	0	0	0
50883597943	0.101562	9.500000	-0.800781	0.800781	0.898438	-2.099609	0.051848	-0.113443	-0.005045	-0.002819	-0.001333	-0.001841	0	0	0	0	0	0
51017572359	-10.599609	1.398438	0.601562	-4.500000	0.199219	-11.800781	0.062010	-0.090518	-0.153143	-0.001992	-0.001080	0.002188	0	0	0	0	0	0
51158365282	-7.000000	4.500000	2.300781	1.300781	3.898438	-9.699219	0.003419	-0.068264	-1.428496	-0.001101	-0.003732	0.010376	0	0	0	0	0	0
51290823630	-1.300781	-0.199219	-2.500000	-1.000000	-0.400391	-7.900391	0.026670	-0.042182	0.537861	-0.001667	-0.000941	-0.005307	0	0	0	0	0	0
51432572235	-1.000000	6.800781	0.898438	-4.099609	1.898438	-11.000000	0.003612	-0.031673	-0.189459	-0.001579	-0.005774	0.001783	0	0	0	0	0	0
51567188856	-3.099609	7.199219	-0.099609	0.601562	0.300781	-1.800781	0.020940	-0.030815	0.118170	-0.003525	-0.001199	-0.000744	0	0	0	0	0	0
51709771008	-2.400391	5.300781	-6.199219	-6.199219	3.800781	-7.300781	-0.018218	-0.063432	0.739552	-0.009048	-0.006747	-0.006317	0	0	0	0	0	0
51843958876	0.199219	9.199219	-5.199219	-3.300781	-1.599609	-3.199219	0.067331	-0.028399	-0.041181	-0.000932	-0.002227	-0.001018	0	0	0	0	0	0
51979567349	-3.800781	8.601562	1.500000	1.500000	-2.900391	-6.900391	0.005061	0.040347	-1.338210	-0.003630	-0.005642	0.013080	0	0	0	0	0	0
52115978747	-4.199219	1.500000	3.500000	-3.400391	0.199219	-12.400391	0.035853	-0.017264	-0.079718	-0.000811	-0.000562	-0.000577	0	0	0	0	0	0
52247985564	-2.199219	13.601562	-3.000000	-1.199219	1.199219	-3.599609	0.072283	-0.056405	1.041001	-0.002511	-0.003863	-0.009004	0	0	0	0	0	0
52386505598	-1.000000	4.398438	1.101562	-0.900391	2.898438	-4.599609	0.008313	-0.057573	0.238531	-0.002387	-0.001176	0.001071	0	0	0	0	0	0
52521232066	-5.699219	3.000000	1.101562	1.101562	3.300781	-5.300781	0.004434	-0.057335	-0.116696	-0.001065	-0.001059	0.000643	0	0	0	0	0	0
52663794006	-2.000000	7.601562	1.898438	-5.000000	3.800781	-3.699219	-0.038966	0.034597	0.082111	-0.003665	-0.000449	-0.000233	0	0	0	0	0	0
52797158398	4.699219	6.101562	-1.800781	-6.099609	-0.099609	-8.400391	0.163483	-0.049979	-0.078543	-0.003126	-0.002489	-0.000349	0	0	0	0	0	0
52937743267	-2.300781	2.101562	3.398438	-1.199219	-2.400391	-7.800781	0.067853	-0.155143	-1.418705	-0.009014	-0.009519	0.012315	0	0	0	0	0	0
53074210085	-0.800781	0.101562	-1.599609	0.199219	5.601562	-4.599609	0.106586	-0.051540	-0.121044	-0.002431	-0.001712	-0.001587	0	0	0	0	0	0
53202602407	2.101562	8.601562	-3.199219	0.699219	4.699219	-1.800781	0.014258	0.005037	-0.076158	-0.002610	-0.001498	-0.000110	0	0	0	0	0	0
53334386566	0.601562	2.500000	-5.099609	-3.699219	-2.800781	-2.900391	0.063339	-0.080742	0.038473	-0.000655	-0.004031	-0.000140	0	0	0	0	0	0
53482711312	-0.199219	2.101562	-7.000000	-4.500000	1.398438	0.300781	0.135910	-0.030818	-0.000743	-0.002979	-0.003047	-0.001055	0	0	0	0	0	0
53625385514	-1.400391	4.101562	-6.500000	-1.699219	5.898438	-1.800781	0.076589	-0.066002	0.077868	-0.003159	-0.001201	-0.000471	0	0	0	0	0	0
53768711083	2.601562	4.398438	-1.699219	3.398438	1.101562	-5.300781	0.042963	-0.116378	1.159778	-0.003525	-0.000412	-0.007563	0	0	0	0	0	0
53902312238	-0.500000	10.300781	-7.900391	-2.300781	1.699219	-1.500000	-0.063172	-0.045900	-0.230276	-0.004251	-0.005967	0.000136	0	0	0	0	0	0
54047465874	0.199219	6.000000	-2.400391	0.398438	-2.500000	-4.300781	-0.045735	-0.088774	1.120086	-0.002619	-0.001618	-0.008340	0	0	0	0	0	0
54184383925	1.500000	2.300781	2.101562	-0.300781	1.699219	-1.199219	0.105341	-0.127540	0.035230	-0.002933	0.001180	-0.000577	0	0	0	0	0	0
54319358139	-3.699219	4.500000	-1.900391	-4.599609	-0.699219	-8.000000	0.040147	-0.017292	-1.190328	0.001219	-0.000864	0.012360	0	0	0	0	0	0
54464560090	4.898438	5.300781	-3.300781	-0.500000	4.000000	-2.300781	0.031744	0.043577	-0.001998	0.000271	-0.000221	-0.001274	0	0	0	0	0	0
54595588817	-5.699219	0.300781	-3.599609	-9.699219	-3.900391	-10.500000	0.153396	-0.009751	-0.228944	-0.006810	-0.007436	-0.000106	0	0	0	0	0	0
54735584450	0.300781	10.398438	-2.300781	-0.500000	-1.400391	-3.000000	0.137796	-0.128158	-0.043158	-0.003001	-0.002640	-0.001179	0	0	0	0	0	0
54866048010	4.398438	12.699219	-7.000000	-5.300781	3.398438	-3.400391	0.045494	-0.113336	0.000730	-0.003449	-0.000234	0.000713	0	0	0	0	0	0
54999584029	5.898438	7.500000	1.601562	-4.199219	3.300781	-10.099609	0.032804	0.052759	-0.569454	-0.000286	-0.001292	0.007709	0	0	0	0	0	0
55136585945	-1.599609	5.398438	-1.800781	-8.400391	-4.699219	-8.300781	0.053655	-0.135535	0.193429	-0.003650	-0.003206	-0.001220	0	0	0	0	0	0
55269755902	-1.400391	1.800781	-8.000000	-0.599609	-0.300781	-1.300781	0.050835	-0.003487	1.198644	-0.003454	-0.005208	-0.010019	0	0	0	0	0	0
55408754529	-1.199219	3.000000	-1.500000	0.000000	2.898438	-3.300781	0.039859	-0.076007	1.120761	-0.002604	-0.002216	-0.008022	0	0	0	0	0	0
55542383649	-4.000000	9.699219	-4.599609	4.101562	4.601562	-3.599609	0.009558	0.018427	0.082258	-0.001885	-0.004068	0.000062	0	0	0	0	0	0
55676554498	0.101562	3.699219	0.699219	-8.000000	-1.500000	-6.400391	0.056395	-0.001574	-0.072795	-0.001354	0.000339	0.002375	0	0	0	0	0	0
55809944186	-6.000000	8.699219	-7.699219	-0.300781	2.699219	-3.699219	0.030926	-0.072406	0.614223	-0.001893	-0.001690	-0.006093	0	0	0	0	0	0
55948940992	1.199219	6.199219	-4.400391	-0.500000	0.000000	-7.699219	0.085504	-0.021445	1.079022	-0.004854	0.001140	-0.009715	0	0	0	0	0	0
56085778657	2.300781	13.500000	-1.800781	-0.800781	-2.599609	-1.599609	-0.018519	0.023685	0.043576	-0.002452	-0.001326	0.000511	0	0	0	0	0	0
56219940536	-1.900391	2.500000	0.898438	4.000000	1.000000	-3.800781	0.042263	-0.014459	-0.883540	-0.002057	-0.000499	0.008127	0	0	0	0	0	0
56359591064	-5.199219	4.101562	1.898438	-2.599609	1.601562	-3.300781	0.041915	0.007819	-1.189708	-0.003230	-0.004069	0.010262	0	0	0	0	0	0
56491146656	4.000000	5.000000	-6.099609	-1.099609	3.601562	-10.000000	0.094403	-0.013188	0.114238	-0.000205	-0.002825	-0.001705	0	0	0	0	0	0
56627920645	-3.300781	8.898438	-4.500000	-3.099609	-4.900391	-10.199219	0.073086	-0.095535	1.007698	-0.004714	-0.001320	-0.006090	0	0	0	0	0	0
56765513158	2.199219	8.500000	-2.099609	-8.000000	4.101562	-0.599609	-0.004592	-0.092847	-0.082286	0.001319	-0.000282	-0.000176	0	0	0	0	0	0
56902372731	1.000000	13.300781	-3.699219	1.500000	5.101562	3.500000	0.129727	-0.002599	-0.080962	-0.001459	-0.002279	-0.001541	0	0	0	0	0	0
57036823437	-8.900391	6.300781	0.101562	-3.199219	0.101562	-8.099609	0.035801	0.002000	-0.773563	-0.003285	-0.002588	0.003637	0	0	0	0	0	0
57175751354	-4.000000	0.101562	-6.400391	-3.500000	-1.699219	-6.400391	0.001602	0.009266	0.044016	-0.001258	-0.001485	0.001308	0	0	0	0	0	0
57317996490	-4.199219	3.601562	6.500000	-0.300781	4.398438	-9.099609	0.105896	-0.082242	-0.886599	-0.002587	-0.000891	0.007570	0	0	0	0	0	0
57453748974	-6.199219	7.000000	1.398438	-4.099609	-1.000000	-10.199219	0.064311	-0.091759	-0.080823	-0.000710	-0.001819	-0.000267	0	0	0	0	0	0
57585045240	-2.099609	5.898438	-6.000000	-2.099609	0.898438	1.500000	0.066412	-0.100893	0.076117	-0.001416	-0.000053	-0.000062	0	0	0	0	0	0
57727775873	0.101562	4.398438	-7.400391	-4.900391	2.601562	-4.699219	-0.030496	-0.071717	0.883222	0.000113	-0.001698	-0.008226	0	0	0	0	0	0
57860761644	0.398438	7.000000	-3.699219	0.800781	-0.099609	-2.599609	0.034024	0.018101	-0.036930	-0.001219	-0.000948	0.000343	0	0	0	0	0	0
57993775188	-1.000000	8.398438	-2.699219	-3.900391	-6.099609	-6.500000	0.148845	0.014221	0.037401	-0.000050	-0.002476	-0.000999	0	0	0	0	0	0
58127385368	-4.300781	7.398438	5.199219	-1.199219	-2.300781	-1.800781	-0.045677	-0.150749	1.120460	-0.003049	-0.001598	-0.007544	0	0	0	0	0	0
58258877004	-4.400391	3.699219	3.500000	2.800781	2.000000	-5.500000	-0.040253	-0.025842	-0.844199	-0.002724	-0.000290	0.007853	0	0	0	0	0	0
58404958927	3.000000	5.699219	-3.300781	1.300781	1.601562	3.101562	0.026497	-0.057783	0.037448	-0.003733	-0.002638	-0.001726	0	0	0	0	0	0
58547368628	0.101562	3.398438	-12.699219	-2.900391	0.800781	-1.699219	-0.008782	-0.110673	0.967903	-0.005400	-0.000363	-0.006454	0	0	0	0	0	0
58688661003	-4.400391	7.800781	-11.099609	-5.599609	0.500000	-0.599609	0.048936	-0.084755	0.845276	-0.003963	-0.000725	-0.008346	0	0	0	0	0	0
58828697114	0.601562	1.500000	-12.800781	-2.199219	0.199219	-1.900391	0.114094	-0.054011	0.496933	-0.001189	-0.003336	-0.005925	0	0	0	0	0	0
58963189714	5.398438	6.300781	-3.199219	0.300781	0.300781	-0.699219	0.015437	-0.026571	-0.039811	-0.002184	-0.001858	-0.000940	0	0	0	0	0	0
59093742737	-5.000000	2.398438	-4.800781	-2.599609	-2.000000	-8.699219	0.068019	0.056422	-0.075232	-0.002277	0.000277	0.000305	0	0	0	0	0	0
59226553461	-0.900391	6.000000	-8.400391	0.000000	5.601562	-1.500000	-0.080847	-0.046922	0.578535	-0.003554	0.001622	-0.005088	0	0	0	0	0	0
59361982899	-0.300781	11.898438	-2.000000	4.699219	4.398438	-1.900391	0.102858	-0.059937	-0.083110	-0.001815	0.000113	-0.001524	0	0	0	0	0	0
59496929379	-10.099609	1.601562	-4.000000	-3.000000	1.101562	-7.099609	0.120734	-0.009415	-1.189743	-0.002107	-0.004627	0.010979	0	0	0	0	0	0
59632133878	-3.699219	2.101562	-5.400391	-2.400391	-0.099609	-11.900391	0.075561	-0.019749	-0.150539	-0.004154	-0.003344	0.001373	0	0	0	0	0	0
59765061497	-2.199219	5.000000	-3.199219	-1.000000	3.500000	0.898438	0.007981	-0.043364	0.036057	-0.000952	0.001792	-0.000815	0	0	0	0	0	0
59901491277	-0.800781	8.500000	3.000000	-1.699219	4.500000	-2.300781	0.139442	-0.018045	0.003347	-0.000242	-0.000978	0.001909	0	0	0	0	0	0
60039880219	1.601562	9.101562	1.300781	-3.699219	-4.000000	-2.599609	0.053343	-0.032203	-0.700215	-0.000888	0.000892	0.003286	0	0	0	0	0	0
60175364097	-6.699219	4.898438	-4.000000	-2.099609	-2.500000	-6.599609	-0.009701	0.003294	-0.186631	-0.003988	-0.010013	0.000951	0	0	0	0	0	0
60307085394	-0.699219	3.000000	-3.300781	-0.800781	1.699219	-2.000000	0.063929	-0.138929	1.039058	-0.005702	-0.003718	-0.009882	0	0	0	0	0	0
60439928592	1.800781	9.101562	-0.300781	0.500000	4.898438	-6.300781	0.013581	0.013041	-0.344537	-0.003856	-0.002167	0.002095	0	0	0	0	0	0
60571241448	-6.699219	6.101562	-6.199219	-7.699219	-3.699219	-7.000000	0.050140	-0.043214	-0.155689	-0.003635	-0.002050	-0.000289	0	0	0	0	0	0
60725850904	0.898438	8.101562	-5.500000	1.101562	-1.000000	-2.900391	0.037887	-0.083987	0.031950	0.000024	-0.000563	-0.002183	0	0	0	0	0	0
60855576444	-1.900391	3.800781	-0.500000	-4.699219	-4.000000	-11.900391	-0.045618	0.050229	-0.110845	-0.002911	-0.002922	0.000782	0	0	0	0	0	0
60992333664	-0.099609	-1.500000	-1.300781	-3.300781	-2.500000	-14.599609	0.220648	0.072021	-0.037608	-0.004809	0.010844	0.001156	0	0	0	0	0	0
61127129169	4.601562	6.300781	-8.900391	-7.900391	2.601562	-9.199219	-0.038282	-0.093517	1.041847	-0.003960	-0.000902	-0.008431	0	0	0	0	0	0
61262102626	2.699219	3.800781	-4.199219	-14.000000	2.000000	-14.000000	-0.106562	-0.018457	-0.183502	-0.004606	0.000420	0.004130	0	0	0	0	0	0
61403734567	1.000000	21.500000	-30.199219	-1.300781	9.199219	-13.300781	-0.509038	0.236964	-0.018954	-0.004214	-0.045002	0.011617	0	0	0	0	0	0
61540358049	13.898438	50.300781	-25.800781	33.601562	8.601562	20.699219	0.054647	-0.177237	-0.118124	0.003992	0.001806	0.003857	0	0	0	0	0	0
61675129551	20.300781	44.601562	-30.699219	26.300781	1.199219	15.101562	0.127241	-0.072275	-0.002750	-0.000684	-0.007344	-0.001563	0	0	0	0	0	0
61810154766	6.699219	40.398438	-9.699219	38.000000	-2.900391	24.199219	0.026455	0.009515	0.237113	0.000639	-0.005701	-0.000234	0	0	0	0	0	0
61946451693	3.898438	23.699219	-16.500000	12.898438	-2.199219	10.300781	-0.099373	-0.094525	0.926914	-0.003306	-0.005906	-0.008138	0	0	0	0	0	0
62087870100	6.398438	14.199219	-26.199219	-2.300781	4.601562	-9.099609	-0.158760	0.045008	0.893791	-0.013397	-0.002860	-0.010008	0	0	0	0	0	0
62226573396	6.101562	14.699219	-21.800781	7.800781	11.101562	-1.199219	-0.003395	-0.087493	1.038829	0.000626	-0.002285	-0.008515	0	0	0	0	0	0
62362536697	2.300781	40.800781	-15.000000	34.398438	3.398438	26.398438	0.120658	0.077439	-0.110280	-0.002799	0.002432	0.002345	0	0	0	0	0	0
62497831544	7.800781	22.800781	-24.000000	4.898438	6.300781	0.398438	-0.138930	0.014015	-1.209339	0.003476	-0.004969	0.002852	0	0	0	0	0	0
62641833991	7.500000	14.898438	-2.699219	10.800781	0.199219	6.199219	-0.038794	-0.090543	-0.153473	-0.003283	-0.006874	0.000147	0	0	0	0	0	0
62772572038	1.101562	11.699219	-10.199219	3.601562	2.199219	2.101562	0.006872	-0.175766	-0.238736	-0.004582	-0.007439	-0.002179	0	0	0	0	0	0
62903455018	0.199219	14.101562	-5.099609	1.601562	2.398438	7.601562	0.062628	-0.036546	0.114863	-0.000316	-0.000431	-0.000812	0	0	0	0	0	0
63036659024	4.199219	13.601562	-7.599609	7.101562	-5.400391	-1.300781	-0.006795	-0.057697	-1.040509	-0.003006	-0.004072	0.007507	0	0	0	0	0	0
63175096953	-1.400391	10.699219	-6.500000	5.000000	-1.000000	-0.400391	-0.027720	-0.000688	-0.075099	-0.000656	-0.002333	0.000759	0	0	0	0	0	0
63316532698	-1.900391	11.398438	-9.500000	6.398438	4.601562	-2.199219	0.073035	0.002629	-1.114755	-0.003264	-0.000660	0.009510	0	0	0	0	0	0
63452916032	-2.500000	13.699219	-10.699219	9.800781	-3.699219	0.398438	0.017867	-0.010663	0.080526	-0.002764	-0.005177	-0.000823	0	0	0	0	0	0
63587070858	3.898438	9.000000	-13.800781	7.800781	-4.400391	5.601562	0.105220	-0.087389	0.925689	0.000542	-0.003033	-0.006271	0	0	0	0	0	0
63722275768	7.601562	10.000000	-5.800781	4.699219	6.800781	7.601562	0.049460	-0.019238	-0.077926	-0.003457	-0.000623	-0.000580	0	0	0	0	0	0
63865173473	6.800781	12.500000	-7.099609	5.500000	0.398438	7.500000	-0.034387	0.023851	0.465641	-0.002448	0.000179	-0.003568	0	0	0	0	0	0
63996993932	-3.000000	14.000000	-4.699219	1.898438	1.699219	2.101562	-0.002544	-0.082717	-0.619190	-0.001862	-0.000542	0.004242	0	0	0	0	0	0
64134729365	0.199219	11.300781	-4.800781	2.000000	-2.199219	1.699219	0.131708	-0.073337	-0.077918	-0.003237	-0.000095	0.000543	0	0	0	0	0	0
64270476627	0.199219	6.300781	-5.300781	6.500000	-2.699219	-0.599609	0.121179	-0.069978	-0.039694	-0.001244	-0.000423	0.000590	0	0	0	0	0	0
64407477115	6.601562	11.500000	-16.199219	3.398438	-4.400391	3.398438	0.066186	-0.121149	0.961343	-0.001636	-0.003066	-0.008297	0	0	0	0	0	0
64540375426	4.500000	11.101562	-9.300781	7.601562	-2.400391	3.300781	0.035625	0.016600	0.005901	-0.002530	-0.000249	0.001668	0	0	0	0	0	0
64671518159	-6.099609	3.398438	-7.300781	3.800781	6.500000	-0.599609	0.103579	0.026201	-0.113417	-0.003211	-0.003922	0.000146	0	0	0	0	0	0
64802917068	7.500000	17.699219	-9.000000	3.800781	2.199219	9.601562	0.003818	0.063481	-0.232739	-0.000864	0.000018	0.000189	0	0	0	0	0	0
64936374482	1.800781	6.398438	-7.599609	3.699219	2.601562	-2.300781	0.065762	-0.008971	-1.228388	-0.002706	-0.003870	0.011013	0	0	0	0	0	0
65080962121	1.101562	13.000000	-4.099609	6.398438	-3.400391	7.601562	0.019424	-0.133045	0.074715	-0.002912	0.000314	-0.000859	0	0	0	0	0	0
65214860790	6.000000	7.601562	-7.599609	2.699219	-0.400391	-3.199219	0.166936	0.088061	-0.071456	0.000419	-0.006999	0.001370	0	0	0	0	0	0
65350089474	-0.099609	12.300781	-8.699219	6.000000	-1.400391	3.500000	0.014585	0.019311	-0.113947	-0.002538	-0.004400	-0.000180	0	0	0	0	0	0
65482488285	3.101562	8.699219	-3.300781	4.800781	6.300781	10.101562	0.008465	-0.042928	0.046472	-0.002956	-0.003679	0.002085	0	0	0	0	0	0
65618670788	7.300781	15.101562	-4.699219	7.398438	1.500000	1.898438	-0.033128	0.030157	-0.187621	-0.001071	-0.001215	0.002772	0	0	0	0	0	0
65750911996	-0.099609	8.898438	-9.099609	5.699219	-6.099609	-0.099609	0.071942	-0.086105	-0.003606	-0.001355	-0.003685	-0.001459	0	0	0	0	0	0
65883546821	2.800781	15.300781	-8.599609	5.101562	3.000000	2.500000	0.016092	-0.058810	0.121317	-0.003710	-0.001178	0.000926	0	0	0	0	0	0
66017545600	1.199219	12.601562	-1.000000	4.000000	4.601562	1.800781	0.136125	-0.007697	-1.334620	-0.006740	-0.010850	0.013679	0	0	0	0	0	0
66151348777	2.500000	9.300781	-9.099609	2.500000	-2.199219	-2.199219	0.078282	-0.001651	-0.072921	-0.004664	-0.000841	0.001090	0	0	0	0	0	0
66294559253	1.000000	12.898438	-4.599609	0.398438	-3.300781	-1.300781	-0.027779	0.050520	-0.076659	-0.000280	-0.000170	-0.000020	0	0	0	0	0	0
66429590006	3.199219	15.898438	-11.699219	5.300781	-0.099609	-1.000000	0.177398	-0.033674	0.081755	-0.001705	-0.001956	0.001520	0	0	0	0	0	0
66570906535	1.500000	10.898438	-8.900391	2.500000	-5.400391	1.500000	0.094966	-0.088000	-0.116235	-0.001400	-0.006017	0.000450	0	0	0	0	0	0
66714836359	5.300781	13.101562	-10.599609	0.601562	2.398438	3.898438	0.092299	0.039297	-0.843494	-0.001053	0.000918	0.008587	0	0	0	0	0	0
66856064149	-1.900391	12.398438	-7.599609	7.000000	-1.599609	-1.699219	0.046173	-0.011638	-1.112160	-0.003402	-0.007001	0.009459	0	0	0	0	0	0
66987394122	3.000000	5.898438	-12.199219	3.898438	-1.599609	1.601562	0.038859	-0.060741	0.892542	-0.003814	-0.004350	-0.005780	0	0	0	0	0	0
67124557890	-1.099609	14.300781	-8.000000	8.199219	1.101562	9.398438	0.005158	-0.100333	-0.044423	-0.004028	-0.003877	-0.003106	0	0	0	0	0	0
67263928600	-0.900391	14.000000	-4.500000	3.601562	4.101562	8.101562	0.074843	-0.084350	-0.117860	-0.002649	-0.003675	-0.000330	0	0	0	0	0	0
67399465879	2.601562	13.699219	-6.000000	6.000000	3.000000	5.699219	0.050252	-0.140425	0.192388	-0.003016	-0.002099	-0.001210	0	0	0	0	0	0
67538275020	2.699219	11.199219	-1.800781	3.398438	3.398438	1.898438	0.107244	-0.099751	-0.306058	-0.005382	-0.003127	0.002776	0	0	0	0	0	0
67672339012	2.601562	7.699219	-8.099609	2.199219	0.898438	1.601562	0.087799	-0.093336	-0.038118	-0.005331	-0.002300	-0.000226	0	0	0	0	0	0
67809341361	5.898438	8.199219	-16.300781	-1.699219	-4.199219	-1.400391	0.077833	-0.000770	-0.079592	-0.002711	-0.001910	-0.001463	0	0	0	0	0	0
67951109517	-2.699219	10.800781	-11.500000	3.398438	-7.400391	0.601562	0.003728	0.008396	-0.037934	-0.000617	-0.001826	-0.000063	0	0	0	0	0	0
68089361045	-0.900391	6.601562	-6.500000	1.601562	0.800781	1.000000	0.088626	-0.086695	0.038202	-0.004653	-0.004135	-0.001418	0	0	0	0	0	0
68225738084	7.898438	15.601562	-7.699219	8.199219	3.601562	8.800781	0.123973	-0.064382	0.536659	-0.003219	-0.001572	-0.005866	0	0	0	0	0	0
68362568558	4.199219	10.101562	-4.000000	7.601562	6.898438	2.898438	-0.002098	-0.030118	0.082137	-0.000856	0.000350	0.001768	0	0	0	0	0	0
68497386669	1.199219	17.699219	-5.300781	2.199219	-3.400391	-1.400391	0.015896	-0.068662	-0.770392	-0.001753	0.000776	0.007006	0	0	0	0	0	0
68629348461	1.898438	9.199219	-9.599609	5.699219	-0.099609	0.601562	0.071410	-0.069021	-0.120274	-0.001854	-0.000395	-0.000702	0	0	0	0	0	0
68762128735	4.500000	12.800781	-8.800781	12.199219	1.101562	5.000000	0.024343	-0.025924	0.119211	-0.004159	-0.002306	-0.000754	0	0	0	0	0	0
68896102819	-0.400391	16.398438	-6.000000	8.101562	0.199219	-0.500000	0.033916	-0.053912	-0.880739	-0.005031	-0.009087	0.007181	0	0	0	0	0	0
69030263198	-0.699219	9.300781	-9.599609	3.601562	2.898438	1.601562	0.051244	-0.015546	-0.224596	-0.005443	-0.006784	0.002123	0	0	0	0	0	0
69173921848	1.699219	9.500000	2.300781	6.199219	-4.199219	4.101562	-0.051135	-0.021741	-1.114516	-0.002013	0.000180	0.010069	0	0	0	0	0	0
69309331655	4.199219	8.699219	-8.500000	1.101562	1.300781	2.500000	0.126747	0.033386	-0.074334	-0.002509	-0.002296	0.000606	0	0	0	0	0	0
69441382236	5.101562	13.398438	-9.800781	12.101562	5.398438	11.398438	0.097890	-0.112029	0.114655	-0.001538	-0.001719	-0.000503	0	0	0	0	0	0
69575945328	-0.900391	11.800781	1.101562	2.101562	-0.599609	10.101562	0.014119	-0.066790	-0.967493	-0.001083	0.000475	0.006765	0	0	0	0	0	0
69710770000	4.199219	7.398438	-9.800781	3.000000	-0.300781	4.500000	0.038135	-0.031972	-0.113464	-0.002247	-0.003472	0.001022	0	0	0	0	0	0
69849503221	5.300781	13.898438	-10.699219	6.800781	-1.199219	0.000000	0.122004	-0.074105	0.035440	-0.000621	-0.000074	-0.000584	0	0	0	0	0	0
69987303101	4.398438	13.101562	-9.599609	6.898438	5.699219	2.800781	0.186276	-0.104434	0.690497	-0.003553	-0.001285	-0.006624	0	0	0	0	0	0
70116843821	2.898438	12.500000	-3.300781	7.300781	3.898438	3.000000	-0.006087	-0.112660	-1.118085	-0.003400	-0.005489	0.008195	0	0	0	0	0	0
70251098149	-0.699219	7.300781	-9.900391	3.000000	2.398438	-4.199219	0.012890	-0.055808	0.035656	-0.001087	-0.002576	-0.001724	0	0	0	0	0	0
70388376693	3.601562	8.300781	-10.300781	1.800781	-4.599609	2.800781	0.046438	-0.055858	0.229760	-0.001755	-0.000303	-0.002341	0	0	0	0	0	0
70528380116	4.101562	7.500000	-8.900391	2.898438	-0.699219	3.800781	0.078250	-0.057924	-0.114448	-0.003174	-0.009148	-0.000374	0	0	0	0	0	0
70667285395	4.500000	6.000000	-18.000000	2.800781	-2.599609	2.601562	0.068752	0.023950	0.542036	0.000073	-0.001306	-0.003635	0	0	0	0	0	0
70804737112	3.800781	11.800781	-3.699219	4.101562	-0.099609	8.601562	0.075090	-0.131270	1.119180	-0.003665	-0.001331	-0.008094	0	0	0	0	0	0
70943254162	1.300781	14.699219	-11.800781	6.898438	1.898438	3.500000	-0.054415	-0.069165	0.075838	-0.000424	0.001843	-0.000291	0	0	0	0	0	0
71086126489	-1.300781	12.898438	-12.400391	5.898438	-0.199219	4.398438	0.093881	-0.105445	0.690112	-0.002191	-0.002838	-0.006958	0	0	0	0	0	0
71233126855	1.000000	7.601562	-9.300781	4.800781	-0.300781	-3.099609	-0.008985	0.037093	-0.266649	-0.000368	0.000440	0.003089	0	0	0	0	0	0
71375050710	0.601562	6.601562	-2.199219	3.898438	0.500000	0.300781	0.076127	-0.130568	-0.773307	-0.001595	-0.000692	0.006441	0	0	0	0	0	0
71507969225	-3.300781	9.601562	-8.099609	3.800781	-4.000000	1.101562	0.085964	-0.156001	-0.037856	-0.004519	-0.008801	-0.000356	0	0	0	0	0	0
71648077224	3.199219	9.199219	-9.500000	5.601562	1.500000	3.800781	0.151510	0.105062	0.115831	-0.000076	-0.002175	-0.002095	0	0	0	0	0	0
71781907256	6.500000	14.199219	-7.400391	7.601562	-0.300781	4.898438	0.112445	-0.072497	-0.000665	-0.003915	-0.003945	-0.001064	0	0	0	0	0	0
71920096930	7.898438	9.898438	-9.500000	-1.900391	1.199219	3.898438	0.012365	-0.056439	0.160437	-0.003040	-0.001536	0.000972	0	0	0	0	0	0
72058505589	5.800781	15.601562	0.000000	2.699219	0.601562	6.500000	0.028957	-0.099602	-0.189356	-0.006007	-0.005859	0.001302	0	0	0	0	0	0
72189730083	1.101562	10.500000	-4.599609	7.000000	-2.199219	0.800781	0.049165	-0.042964	-0.037578	-0.003635	-0.002078	-0.000145	0	0	0	0	0	0
72331074075	0.699219	2.898438	-7.800781	7.398438	-5.699219	-0.099609	0.096479	-0.007306	-0.075151	-0.002121	-0.003164	0.000598	0	0	0	0	0	0
72469091247	3.300781	12.101562	-7.699219	0.699219	-1.000000	6.500000	0.030679	-0.048765	-0.037597	-0.001014	0.000178	0.001147	0	0	0	0	0	0
72615412885	6.300781	11.199219	-9.099609	8.398438	2.601562	8.699219	0.097139	-0.041505	-0.890353	0.000298	-0.003035	0.005885	0	0	0	0	0	0
72749350942	5.699219	8.699219	-9.000000	9.500000	-2.000000	2.101562	0.154054	-0.040489	-0.111598	-0.003049	-0.003184	0.002144	0	0	0	0	0	0
72886244926	1.500000	1.699219	-4.199219	1.898438	-1.400391	4.101562	0.097674	-0.050228	0.696264	-0.004402	-0.000713	-0.005193	0	0	0	0	0	0
73024652091	5.101562	17.101562	-7.300781	9.101562	0.699219	4.101562	-0.041960	-0.126139	0.884859	-0.007499	-0.004746	-0.009929	0	0	0	0	0	0
73157501204	1.398438	10.000000	-5.199219	5.199219	-3.000000	4.300781	0.012197	-0.070539	-0.383757	0.000182	0.000339	0.004936	0	0	0	0	0	0
73292195610	0.898438	8.898438	-10.800781	6.699219	2.000000	5.000000	0.092684	-0.073292	-0.082489	0.000036	-0.003106	-0.001150	0	0	0	0	0	0
73427350791	-0.500000	10.199219	-11.900391	2.199219	0.000000	1.199219	-0.011133	-0.038647	-0.079935	-0.002252	-0.002378	-0.001391	0	0	0	0	0	0
73568524403	1.500000	7.601562	-7.400391	6.300781	1.800781	-5.699219	0.074460	-0.025881	-0.079260	-0.002237	-0.002976	-0.001073	0	0	0	0	0	0
73707610142	1.398438	7.500000	-7.699219	0.601562	3.000000	6.800781	0.098898	0.042289	0.149879	0.000178	-0.002138	-0.003720	0	0	0	0	0	0
73845087160	2.500000	7.800781	-12.599609	11.898438	5.101562	2.398438	0.103482	0.003060	0.773673	-0.000114	-0.001576	-0.005099	0	0	0	0	0	0
73983936468	3.199219	15.398438	-11.400391	7.000000	-2.599609	3.800781	0.096332	-0.126089	1.154407	-0.001669	0.000314	-0.008905	0	0	0	0	0	0
74117745933	3.101562	11.000000	-8.900391	4.699219	4.398438	8.101562	-0.090292	-0.026118	-0.189588	-0.000770	-0.001883	0.002366	0	0	0	0	0	0
74263035248	0.800781	8.699219	-10.199219	-0.800781	1.199219	4.000000	0.069982	-0.069392	0.034947	-0.005189	-0.005064	-0.003495	0	0	0	0	0	0
74400291363	4.199219	11.300781	-2.900391	4.300781	3.000000	9.300781	0.010439	-0.058444	0.156581	-0.001746	-0.001517	-0.000300	0	0	0	0	0	0
74537930066	4.699219	15.898438	-1.500000	5.300781	-0.800781	3.699219	0.064321	0.027805	-0.035926	-0.001821	-0.000071	0.000748	0	0	0	0	0	0
74675384423	-1.500000	13.199219	-11.099609	4.800781	-0.400391	12.000000	-0.001489	-0.045052	-1.426909	-0.000911	-0.001547	0.011268	0	0	0	0	0	0
74814282370	0.000000	6.601562	-2.500000	9.300781	-7.699219	-6.800781	0.059240	-0.105324	-1.270747	-0.005381	-0.007704	0.009182	0	0	0	0	0	0
74952340399	1.398438	7.898438	-2.900391	3.699219	0.300781	-2.699219	0.043051	0.053612	-0.071340	-0.003602	-0.001726	0.001162	0	0	0	0	0	0
75089210777	0.898438	8.300781	-0.199219	6.601562	-1.599609	-3.900391	0.031619	-0.030296	-0.113298	-0.006141	-0.001192	0.000240	0	0	0	0	0	0
75230261296	-2.099609	12.601562	-4.300781	3.101562	-2.400391	3.101562	0.062806	-0.063657	-0.078195	-0.001154	-0.000741	0.000617	0	0	0	0	0	0
75368773845	0.898438	10.199219	-16.300781	7.800781	-5.199219	2.898438	0.068641	0.094422	-0.153369	-0.002026	-0.001169	-0.000200	0	0	0	0	0	0
75512061752	5.398438	10.199219	-9.900391	1.500000	-4.000000	-3.599609	0.139119	-0.010783	0.043508	-0.000206	-0.002443	0.001945	0	0	0	0	0	0
75651560432	-1.099609	11.699219	-3.400391	3.699219	-0.300781	-2.599609	0.014652	0.076901	-0.068675	-0.004079	-0.002632	0.001630	0	0	0	0	0	0
75786391246	-2.400391	6.000000	-10.599609	8.699219	-4.199219	5.300781	-0.002379	-0.015138	0.619660	-0.002125	-0.002594	-0.004749	0	0	0	0	0	0
75923959658	5.398438	14.500000	-9.599609	2.398438	-2.300781	7.500000	0.032188	-0.181006	0.997274	-0.000687	0.000074	-0.008225	0	0	0	0	0	0
76068308887	-1.599609	7.500000	-8.099609	10.101562	-1.000000	3.000000	-0.020034	-0.067778	0.001306	-0.001785	-0.001996	0.000379	0	0	0	0	0	0
76208856092	2.398438	7.898438	-2.599609	0.601562	-1.900391	-0.099609	0.153643	0.048969	-0.073184	-0.002422	-0.002495	0.001004	0	0	0	0	0	0
76347525923	-1.400391	4.101562	-13.000000	9.101562	-3.599609	0.601562	-0.042606	-0.035960	0.167945	-0.008818	-0.008717	0.000588	0	0	0	0	0	0
76484604858	2.199219	7.300781	-13.199219	11.000000	-1.199219	2.800781	-0.021198	-0.009974	1.048541	-0.003385	-0.001097	-0.006283	0	0	0	0	0	0
76629029275	-0.199219	3.898438	-4.900391	3.500000	4.699219	0.398438	0.135115	-0.046911	-0.074505	-0.003763	-0.005569	0.000500	0	0	0	0	0	0
76762077406	5.300781	10.601562	-7.099609	2.300781	0.601562	6.199219	0.038457	-0.029967	-0.108657	-0.007516	-0.007763	0.000585	0	0	0	0	0	0
76900685474	4.000000	15.500000	-6.599609	5.800781	2.601562	6.601562	-0.012223	0.085553	0.037427	-0.001393	-0.002445	-0.002839	0	0	0	0	0	0
77045510172	-1.400391	10.500000	-8.500000	9.898438	-2.199219	7.898438	0.074557	-0.026658	1.113133	-0.001014	-0.004613	-0.011857	0	0	0	0	0	0
77183083802	3.601562	15.601562	-6.800781	10.699219	0.601562	7.199219	0.090222	-0.045485	0.774503	-0.003061	-0.001429	-0.005102	0	0	0	0	0	0
77318332657	5.398438	13.800781	-6.599609	3.601562	4.101562	11.199219	0.048811	-0.015482	0.001209	-0.003438	-0.001370	-0.000490	0	0	0	0	0	0
77451347652	-3.500000	12.000000	-9.699219	6.101562	-2.500000	1.601562	0.107896	0.071281	-0.233232	-0.003525	-0.000654	-0.000768	0	0	0	0	0	0
77585520782	-0.599609	12.101562	-10.500000	8.300781	1.601562	3.300781	-0.035866	-0.218709	1.114915	-0.003537	-0.001602	-0.009295	0	0	0	0	0	0
77724703415	5.300781	8.300781	-5.300781	8.601562	7.398438	6.199219	0.062282	-0.129174	0.845007	-0.001661	-0.000843	-0.007150	0	0	0	0	0	0
77863280555	5.398438	15.101562	-5.599609	10.800781	2.800781	5.500000	0.078154	0.018708	0.227576	-0.001268	-0.000533	-0.004012	0	0	0	0	0	0
77997482035	2.800781	12.398438	-7.199219	4.699219	2.300781	5.601562	0.066711	-0.055631	0.038141	-0.001129	-0.002964	-0.000530	0	0	0	0	0	0
78133227925	-1.300781	6.898438	-7.599609	10.300781	-2.599609	4.300781	0.153101	0.072163	-1.269877	-0.001584	-0.006294	0.009201	0	0	0	0	0	0
78268808868	-5.900391	8.398438	-5.300781	3.800781	-0.800781	-2.800781	0.086568	0.012517	-0.117436	0.000015	-0.000571	0.000174	0	0	0	0	0	0
78409124511	3.699219	9.300781	-10.300781	8.000000	-0.599609	3.898438	0.150501	0.000763	-0.157286	-0.000174	-0.006057	-0.000868	0	0	0	0	0	0
78541279321	1.699219	12.000000	-5.199219	3.300781	0.898438	6.601562	-0.006716	0.045303	-0.196887	0.001020	0.004057	0.000270	0	0	0	0	0	0
78681226053	8.601562	15.398438	-0.099609	13.199219	4.500000	8.101562	-0.027165	-0.081064	0.038199	-0.000535	0.000936	0.000451	0	0	0	0	0	0
78816817893	6.101562	13.601562	-0.699219	4.898438	-2.000000	6.000000	-0.123024	-0.064000	-0.268333	-0.004930	-0.000831	0.001477	0	0	0	0	0	0
78954632431	4.000000	10.601562	-0.599609	4.199219	4.601562	3.300781	0.123026	-0.006954	-0.728684	-0.004742	-0.004661	0.005661	0	0	0	0	0	0
79092493250	1.500000	10.000000	-6.199219	3.800781	3.800781	3.199219	0.043692	-0.058940	-0.194187	-0.002455	-0.004911	0.000040	0	0	0	0	0	0
79233269204	0.898438	11.800781	-0.800781	4.699219	-3.199219	-1.500000	-0.029287	0.029508	-1.261120	-0.002375	-0.006159	0.012773	0	0	0	0	0	0
79372068375	0.000000	10.398438	-9.599609	3.500000	-4.300781	-1.000000	0.036868	0.081832	-0.151558	-0.002083	-0.000958	0.000675	0	0	0	0	0	0
79503652303	3.101562	13.601562	-10.099609	5.898438	-3.300781	9.101562	-0.028131	-0.036905	0.998442	-0.000254	0.003697	-0.008836	0	0	0	0	0	0
79646918743	1.898438	11.500000	-8.400391	3.300781	-0.300781	7.300781	0.070053	0.027206	0.384950	0.000091	-0.001996	-0.003831	0	0	0	0	0	0
79779271363	3.699219	12.398438	-1.900391	9.601562	4.601562	5.199219	0.096682	-0.049433	0.078121	-0.001749	-0.001369	-0.000071	0	0	0	0	0	0
79926512594	-0.900391	8.398438	-4.599609	2.500000	0.000000	7.500000	0.097609	-0.097049	0.652178	-0.002807	-0.004664	-0.007020	0	0	0	0	0	0
80063298097	5.699219	13.199219	-6.800781	3.800781	-1.800781	10.500000	0.012209	-0.005093	0.460746	0.000571	-0.001238	-0.004528	0	0	0	0	0	0
80201894913	0.800781	12.699219	-9.699219	8.199219	3.898438	9.101562	0.098187	-0.077535	0.075493	-0.001305	-0.002447	-0.000954	0	0	0	0	0	0
80339673123	1.199219	8.300781	-5.599609	6.000000	-2.099609	3.898438	0.064578	-0.037046	-0.121358	-0.000316	-0.000374	-0.001099	0	0	0	0	0	0
80474422872	1.000000	9.601562	1.398438	3.898438	-1.800781	1.300781	0.050424	-0.074166	-1.039354	-0.003791	-0.001200	0.008725	0	0	0	0	0	0
80609422384	-0.199219	11.500000	-4.300781	6.300781	0.300781	-0.500000	0.035882	-0.048251	-0.079531	-0.001026	-0.000552	-0.000179	0	0	0	0	0	0
80742487479	1.199219	14.699219	-1.599609	13.601562	3.199219	6.398438	0.019071	-0.094795	0.114689	-0.002661	-0.001161	-0.001221	0	0	0	0	0	0
80887452202	-2.099609	7.601562	-11.900391	3.300781	0.601562	1.898438	0.065175	-0.007309	0.039396	-0.001413	0.000287	-0.000028	0	0	0	0	0	0
81025744965	0.000000	7.500000	-8.599609	3.699219	-2.000000	-4.300781	-0.101275	-0.111546	1.269387	-0.000803	-0.003782	-0.011509	0	0	0	0	0	0
81173669782	2.101562	9.000000	-2.400391	0.699219	-1.699219	-1.699219	0.036873	-0.107427	-0.693445	-0.000096	-0.001208	0.007010	0	0	0	0	0	0
81309598811	0.601562	6.500000	-8.800781	-1.500000	-3.000000	-2.699219	0.105286	-0.054796	0.036041	-0.002449	-0.001023	-0.001390	0	0	0	0	0	0
81449671506	3.000000	5.898438	-7.900391	2.101562	-2.500000	1.601562	0.168946	-0.153567	0.033169	-0.003195	-0.001405	-0.001549	0	0	0	0	0	0
81589192766	4.500000	8.800781	-6.400391	3.199219	2.898438	0.101562	0.048535	-0.189761	-0.003153	-0.002721	-0.004563	-0.000672	0	0	0	0	0	0
81723585367	-0.900391	5.800781	-5.800781	4.101562	2.898438	8.800781	0.148649	-0.063763	0.575486	-0.001963	-0.005391	-0.006322	0	0	0	0	0	0
81862135333	1.800781	13.398438	-6.300781	5.000000	1.101562	6.500000	0.080477	0.065836	-0.108414	-0.005509	-0.001598	0.001512	0	0	0	0	0	0
82007345969	9.000000	12.101562	-0.500000	8.300781	3.500000	1.898438	0.029255	-0.047635	0.073843	0.000938	-0.000919	-0.001262	0	0	0	0	0	0
82143773468	-0.500000	14.101562	-6.500000	6.398438	-0.699219	4.300781	0.030480	-0.090742	0.892784	-0.006682	-0.008581	-0.007090	0	0	0	0	0	0
82284267310	1.601562	12.699219	-7.400391	2.000000	-1.900391	7.800781	0.052897	-0.138705	0.961986	-0.004368	-0.002929	-0.008697	0	0	0	0	0	0
82415855836	1.500000	12.601562	-3.800781	3.800781	0.000000	3.101562	-0.043246	-0.093450	-0.536325	-0.001237	0.000040	0.006489	0	0	0	0	0	0
82548061071	3.601562	9.398438	-3.900391	7.898438	-2.099609	0.101562	0.132536	-0.066696	-0.001597	-0.002560	-0.001930	-0.000648	0	0	0	0	0	0
82693644109	-6.000000	10.300781	-6.800781	5.199219	-2.400391	0.699219	0.212059	-0.034755	-1.116705	-0.001713	-0.004880	0.009248	0	0	0	0	0	0
82828802042	5.898438	10.000000	-8.000000	6.101562	0.699219	0.800781	0.046768	-0.068324	-0.155357	-0.003162	-0.003116	0.000102	0	0	0	0	0	0
82965880755	5.000000	9.300781	-10.400391	-0.400391	3.101562	8.500000	0.135431	-0.022229	0.577619	-0.000949	0.000086	-0.004529	0	0	0	0	0	0
83102905352	5.898438	9.000000	-9.900391	8.300781	0.699219	8.000000	-0.000866	-0.075184	-0.075252	-0.004531	-0.007862	-0.000640	0	0	0	0	0	0
83243465137	2.000000	12.000000	-9.199219	3.300781	0.101562	8.000000	0.017812	-0.063594	1.116465	-0.002505	-0.002039	-0.010091	0	0	0	0	0	0
83375775278	1.699219	7.800781	-4.000000	8.898438	-2.300781	0.800781	0.042733	-0.001872	-0.770803	-0.001291	0.002741	0.006625	0	0	0	0	0	0
83513060737	4.500000	9.898438	-5.099609	-0.199219	-2.599609	-5.400391	0.029756	-0.061973	-0.113222	-0.005115	-0.007703	-0.000287	0	0	0	0	0	0
83650878787	-0.300781	7.101562	-5.300781	0.398438	-4.099609	-2.699219	0.112148	-0.106991	0.038497	-0.004148	-0.003217	-0.000613	0	0	0	0	0	0
83787258153	2.000000	10.800781	-5.300781	6.199219	0.199219	4.800781	0.051465	-0.054973	0.033556	-0.002407	-0.000634	-0.002583	0	0	0	0	0	0
83926663244	5.601562	12.601562	-7.300781	5.601562	0.199219	0.300781	0.109066	-0.065664	0.691952	-0.000591	-0.000821	-0.005666	0	0	0	0	0	0
84062465005	5.398438	7.300781	-1.900391	4.300781	2.398438	8.601562	0.101529	-0.032205	0.073788	-0.001618	0.000793	-0.001725	0	0	0	0	0	0
84202331859	1.300781	12.101562	-8.300781	6.800781	1.800781	6.101562	0.043672	0.080844	-0.150662	-0.003406	-0.000989	0.000674	0	0	0	0	0	0
84333546142	1.800781	6.898438	-5.900391	3.601562	2.300781	-0.300781	0.150705	-0.003216	-1.149763	-0.002727	-0.003032	0.011438	0	0	0	0	0	0
84465957137	4.101562	7.500000	-7.800781	2.500000	1.699219	4.898438	0.109715	-0.069420	0.612816	-0.000609	-0.000075	-0.005756	0	0	0	0	0	0
84612658073	1.000000	8.300781	-6.699219	4.800781	-4.099609	-2.099609	-0.067151	0.022824	-0.149506	0.000202	-0.002450	0.002412	0	0	0	0	0	0
84747279409	0.101562	7.699219	-7.400391	-0.800781	2.000000	0.000000	0.041743	-0.058441	0.042034	-0.002455	-0.004968	0.000327	0	0	0	0	0	0
84884153938	-1.300781	13.398438	-9.199219	5.898438	3.000000	3.300781	0.006930	-0.059493	0.846148	-0.001794	-0.001570	-0.007875	0	0	0	0	0	0
85015847613	-2.800781	6.500000	-0.400391	9.800781	2.398438	6.300781	-0.008629	-0.017129	-0.652764	-0.002044	-0.000180	0.005947	0	0	0	0	0	0
85154606151	5.300781	8.398438	-1.699219	9.000000	-3.800781	0.300781	-0.000993	0.000794	-0.618144	0.002652	-0.000657	0.005121	0	0	0	0	0	0
85291003765	-2.800781	9.300781	-7.300781	4.000000	-1.300781	2.800781	0.099554	-0.016690	-0.036321	-0.002828	-0.001369	0.000659	0	0	0	0	0	0
85424659538	1.300781	12.300781	-9.900391	3.500000	0.699219	11.800781	0.126483	-0.136233	1.002514	-0.003073	-0.000584	-0.007034	0	0	0	0	0	0
85558406092	-1.099609	8.500000	-5.000000	5.601562	0.601562	3.898438	-0.021631	0.041019	0.045969	-0.006927	-0.002336	-0.000298	0	0	0	0	0	0
85697654355	-0.199219	13.601562	-6.500000	4.898438	1.398438	4.199219	0.001928	0.012773	0.005041	-0.001240	-0.002203	0.001254	0	0	0	0	0	0
85834251077	5.199219	9.699219	-5.400391	6.800781	-3.500000	-3.800781	0.136989	-0.045677	-0.810647	-0.002352	0.000325	0.006403	0	0	0	0	0	0
85971156233	-1.400391	13.000000	-5.699219	6.398438	0.300781	-0.400391	-0.005571	-0.094098	0.079606	-0.003969	-0.003882	-0.000417	0	0	0	0	0	0
86107467220	-2.900391	7.601562	-9.000000	4.101562	-2.400391	5.101562	0.055944	0.008573	-0.034498	-0.004635	-0.006485	-0.000579	0	0	0	0	0	0
86245249337	5.898438	13.101562	-8.699219	1.300781	-1.300781	9.601562	0.062728	-0.090803	0.612600	-0.002051	-0.001891	-0.006570	0	0	0	0	0	0
86378251512	3.300781	14.699219	1.000000	5.000000	3.898438	8.398438	0.046059	-0.013360	-0.077781	-0.002768	-0.001699	-0.000587	0	0	0	0	0	0
86518495466	5.601562	14.800781	-0.900391	4.699219	2.800781	7.699219	-0.030654	-0.010464	-0.265763	-0.005968	-0.003653	0.001379	0	0	0	0	0	0
86654046996	3.699219	6.898438	-5.199219	4.300781	0.898438	-0.099609	0.027006	-0.004231	-1.035601	-0.000657	-0.001135	0.010478	0	0	0	0	0	0
86794841376	4.601562	11.398438	-7.900391	6.800781	0.500000	1.800781	0.092358	-0.011911	-0.841935	-0.001428	-0.001246	0.009366	0	0	0	0	0	0
86934488402	-0.199219	15.699219	-3.500000	4.300781	3.500000	0.398438	-0.008953	-0.009867	-0.612604	-0.002008	-0.001645	0.005983	0	0	0	0	0	0
87065997300	2.500000	7.101562	-7.599609	7.300781	-0.199219	-0.300781	0.110437	0.016718	0.582510	-0.002005	-0.004110	-0.004087	0	0	0	0	0	0
87198787568	5.101562	11.699219	-2.199219	9.101562	0.300781	4.199219	-0.017449	0.050036	-0.029076	-0.004208	0.000480	0.002576	0	0	0	0	0	0
87329651993	-1.900391	5.000000	-4.699219	4.898438	0.699219	2.699219	0.068635	-0.064394	0.040811	-0.002477	-0.000800	0.000758	0	0	0	0	0	0
87469055583	-2.300781	7.800781	-7.000000	7.699219	-2.500000	-2.199219	0.102859	-0.049169	-0.081924	-0.001761	-0.002070	-0.001541	0	0	0	0	0	0
87623708524	3.699219	13.898438	-3.599609	4.500000	5.300781	7.398438	-0.028353	0.029262	1.087618	-0.001811	-0.002541	-0.006643	0	0	0	0	0	0
87770194998	5.101562	8.500000	-2.199219	2.101562	-0.199219	3.398438	0.051453	-0.045404	-0.113920	0.000271	-0.003600	0.001821	0	0	0	0	0	0
87910502333	-2.699219	7.300781	-11.300781	-0.099609	-1.300781	1.398438	0.036179	-0.013758	-0.118693	-0.000793	-0.001280	-0.000630	0	0	0	0	0	0
88044676463	0.699219	11.101562	-8.599609	3.000000	-3.900391	7.500000	0.067456	-0.097673	0.802885	-0.001457	-0.001582	-0.008874	0	0	0	0	0	0
88182647050	7.000000	12.101562	-6.800781	9.500000	0.300781	8.101562	0.038605	-0.019385	-0.000728	-0.001481	-0.000232	-0.000479	0	0	0	0	0	0
88319193637	6.898438	4.300781	-2.699219	3.101562	-2.000000	4.800781	-0.078645	-0.011379	-0.149242	-0.007249	-0.003325	0.000327	0	0	0	0	0	0
88457623423	3.398438	8.898438	-1.500000	7.500000	7.000000	6.898438	0.006860	-0.062963	0.001270	-0.001753	-0.000012	0.000794	0	0	0	0	0	0
88593750558	2.300781	9.800781	-6.599609	6.898438	-3.500000	-2.900391	0.056678	0.017493	-1.194352	0.000107	-0.003111	0.009398	0	0	0	0	0	0
88739833002	-1.900391	14.800781	-2.800781	9.101562	3.699219	2.000000	-0.004655	-0.043141	-0.040064	-0.003593	-0.001690	-0.001339	0	0	0	0	0	0
88875720833	0.601562	13.398438	2.699219	5.199219	1.398438	4.898438	-0.006354	-0.014122	-0.927960	-0.002026	-0.000841	0.005607	0	0	0	0	0	0
89011408762	-1.099609	10.000000	-5.800781	4.699219	2.800781	1.898438	-0.042866	0.048107	-0.031854	-0.003581	-0.002592	0.000880	0	0	0	0	0	0
89146290361	1.398438	5.199219	-10.400391	2.800781	1.199219	1.699219	0.094461	-0.075164	0.114612	-0.000634	-0.002805	-0.000909	0	0	0	0	0	0
89283985578	1.101562	13.398438	-11.800781	1.601562	5.000000	5.199219	-0.008081	-0.147921	0.648879	-0.004340	0.000470	-0.007703	0	0	0	0	0	0
89421985299	4.800781	7.199219	-11.400391	3.601562	0.500000	9.300781	0.081764	-0.034501	0.035746	-0.002955	-0.001940	-0.002195	0	0	0	0	0	0
89554670757	3.300781	9.898438	-6.699219	6.601562	3.601562	0.398438	0.031314	-0.067948	-1.199128	0.000195	-0.001798	0.008532	0	0	0	0	0	0
89694811719	3.699219	8.699219	2.898438	6.199219	0.898438	11.199219	0.036566	-0.012544	-1.300671	-0.004021	-0.005115	0.013053	0	0	0	0	0	0
89831592318	1.898438	5.898438	1.898438	5.898438	-2.000000	-2.300781	0.013783	-0.039854	-0.192452	-0.003539	0.001811	0.001443	0	0	0	0	0	0
89967617648	0.699219	11.800781	-4.500000	6.398438	1.500000	-1.500000	0.131004	0.003162	0.002029	-0.002735	-0.003045	-0.000180	0	0	0	0	0	0
90104465678	1.898438	9.000000	-7.599609	7.800781	3.398438	2.101562	0.074997	-0.147103	1.074907	-0.001855	-0.005292	-0.010319	0	0	0	0	0	0
90241389424	3.199219	16.000000	-3.199219	7.000000	2.601562	8.199219	0.013934	0.012299	-0.035997	-0.002574	-0.002963	-0.000074	0	0	0	0	0	0
90374443816	-2.500000	8.898438	0.800781	6.300781	3.300781	-1.699219	0.072357	0.037372	-1.035807	-0.003031	-0.001417	0.009202	0	0	0	0	0	0
90518186306	2.500000	11.000000	-1.699219	3.398438	-3.900391	8.398438	0.002808	-0.064098	0.079364	-0.001101	0.000348	0.000893	0	0	0	0	0	0
90660266463	-0.099609	10.898438	-6.800781	9.000000	4.000000	5.000000	0.026497	-0.057783	0.037448	-0.003733	-0.002638	-0.001726	0	0	0	0	0	0
90796901191	3.000000	9.000000	0.500000	4.000000	-2.099609	7.601562	0.062427	0.016349	-0.037223	-0.000634	-0.004409	-0.000160	0	0	0	0	0	0
90928830072	4.199219	8.800781	-5.900391	0.699219	-4.400391	-2.000000	0.007776	-0.012005	-0.118400	-0.001378	0.002181	-0.000128	0	0	0	0	0	0
91060850292	2.898438	7.101562	-8.300781	6.000000	2.898438	6.500000	0.013696	-0.073402	0.004725	-0.003182	-0.004399	0.001156	0	0	0	0	0	0
91198236831	0.398438	13.500000	-4.699219	5.500000	-0.800781	7.300781	0.123607	-0.064838	0.079457	-0.001878	-0.001558	0.000724	0	0	0	0	0	0
91333399545	0.898438	12.398438	-6.000000	1.800781	-1.800781	-0.500000	0.074393	-0.018583	-0.922952	-0.002142	-0.003602	0.007579	0	0	0	0	0	0
91468889074	-1.599609	13.699219	-7.000000	4.000000	1.300781	2.000000	0.094608	-0.082055	-0.079818	-0.001312	-0.000942	0.000139	0	0	0	0	0	0
91601825772	2.398438	11.500000	-7.400391	9.300781	8.199219	6.101562	0.028621	-0.031913	0.302826	-0.001613	-0.003067	-0.005610	0	0	0	0	0	0
91743437270	4.101562	13.601562	-5.000000	3.000000	2.699219	7.398438	0.076406	-0.013653	0.662035	-0.006129	-0.004551	-0.004796	0	0	0	0	0	0
91882551255	2.500000	12.101562	-10.500000	10.300781	-1.199219	4.101562	0.062500	-0.019432	1.046733	-0.002237	-0.003850	-0.006856	0	0	0	0	0	0
92015636702	8.898438	12.398438	-1.599609	7.398438	4.199219	2.800781	0.035962	-0.010337	-0.769141	-0.000075	-0.001585	0.006990	0	0	0	0	0	0
92148232912	-2.599609	3.800781	-11.400391	8.800781	-0.500000	0.199219	-0.000240	0.050077	-0.112049	-0.005554	-0.001011	-0.000079	0	0	0	0	0	0
92284647809	0.199219	7.699219	-8.699219	-0.199219	-0.900391	3.199219	-0.025874	-0.036598	0.618366	-0.002900	-0.001319	-0.005139	0	0	0	0	0	0
92418635756	2.800781	6.601562	-8.099609	5.601562	2.000000	4.800781	0.067390	-0.079607	-0.039621	-0.001308	-0.004391	-0.000239	0	0	0	0	0	0
92553056185	-1.500000	7.398438	-2.199219	7.000000	-1.199219	0.500000	0.087587	-0.095120	-1.033522	-0.005983	-0.006884	0.009874	0	0	0	0	0	0
92707820355	0.699219	5.500000	-0.599609	3.800781	1.500000	-0.099609	-0.035161	-0.169535	-0.000159	-0.003814	-0.003994	-0.000117	0	0	0	0	0	0
92844387148	4.601562	6.101562	-8.099609	3.898438	1.101562	4.601562	0.116492	-0.028651	0.614711	-0.001663	-0.002298	-0.006172	0	0	0	0	0	0
92984386305	5.699219	11.300781	-11.000000	0.601562	0.800781	4.699219	0.112145	-0.053512	0.733153	-0.001189	-0.003393	-0.005639	0	0	0	0	0	0
93117063722	1.800781	12.500000	-2.599609	4.101562	6.199219	1.500000	0.099528	0.025066	-0.035322	-0.002559	-0.003562	0.000244	0	0	0	0	0	0
93251422318	0.398438	10.601562	-5.199219	-0.599609	-1.000000	-4.099609	0.061206	-0.062156	-0.121026	0.000157	-0.001440	-0.000709	0	0	0	0	0	0
93390305737	6.800781	10.800781	-13.000000	3.398438	3.601562	5.398438	0.128484	-0.067830	0.076497	-0.001907	-0.001570	-0.000549	0	0	0	0	0	0
93530226352	1.000000	7.000000	-4.900391	3.398438	-0.599609	2.601562	0.009338	-0.102083	-0.120654	-0.001363	0.001122	-0.000215	0	0	0	0	0	0
93665866170	1.800781	11.101562	-2.199219	4.699219	2.699219	-0.199219	0.153926	-0.037603	-0.113462	-0.006365	-0.008543	-0.000846	0	0	0	0	0	0
93805652785	-1.800781	5.199219	-7.500000	9.101562	-0.199219	2.898438	0.062956	-0.022272	0.077074	-0.000244	-0.003332	-0.000883	0	0	0	0	0	0
93939025502	3.398438	10.101562	-1.000000	4.101562	-2.300781	3.000000	0.089850	-0.017458	0.077037	-0.000212	-0.001348	-0.000468	0	0	0	0	0	0
94073815666	-4.199219	9.000000	4.000000	5.398438	3.898438	1.699219	0.013834	0.066557	-0.533734	-0.000839	-0.001503	0.005684	0	0	0	0	0	0
94210020039	3.199219	9.101562	-1.300781	5.699219	0.500000	-0.500000	0.117306	-0.067421	-0.107319	-0.006553	-0.010494	0.001683	0	0	0	0	0	0
94348625837	-4.300781	4.800781	-9.000000	3.601562	-2.000000	-1.000000	0.046149	-0.084788	-0.074848	-0.003304	-0.006036	0.000572	0	0	0	0	0	0
94486023491	7.101562	8.199219	-5.800781	2.300781	2.398438	-1.099609	0.107062	-0.056668	0.233142	-0.003120	-0.000722	-0.001149	0	0	0	0	0	0
94622426087	0.800781	13.500000	-3.800781	7.898438	1.898438	4.199219	-0.015785	-0.046023	0.816107	-0.004340	-0.006493	-0.005817	0	0	0	0	0	0
94756629255	2.800781	8.500000	0.000000	6.898438	2.699219	6.800781	0.013962	-0.018689	-0.035810	-0.002789	-0.002954	0.000324	0	0	0	0	0	0
94901843126	-0.900391	11.000000	-4.599609	4.699219	4.800781	6.300781	0.127515	-0.160951	1.233292	-0.001969	-0.002807	-0.008912	0	0	0	0	0	0
95038203519	3.898438	14.398438	-3.800781	8.101562	-0.900391	10.000000	0.019692	-0.067563	0.035366	-0.002464	-0.000424	-0.001708	0	0	0	0	0	0
95171595997	-1.800781	9.500000	-2.800781	3.000000	-1.599609	-2.900391	-0.005416	-0.115460	-0.504749	-0.000783	-0.000542	0.003511	0	0	0	0	0	0
95315349893	3.101562	12.500000	-4.800781	3.800781	1.800781	4.300781	0.013116	0.001955	-0.501056	0.000666	-0.001835	0.003981	0	0	0	0	0	0
95456650954	-2.699219	8.398438	-3.099609	8.699219	3.101562	6.601562	0.061008	-0.048512	-0.034034	-0.001723	-0.003301	0.001917	0	0	0	0	0	0
95588248479	2.000000	8.300781	-7.800781	1.398438	-4.699219	1.398438	0.121771	-0.011759	-0.119204	-0.000832	0.000305	-0.000295	0	0	0	0	0	0
95725243301	-0.199219	9.699219	-8.400391	4.199219	-2.000000	1.500000	0.077445	-0.090349	0.154375	-0.002696	-0.003026	-0.001264	0	0	0	0	0	0
95856939034	5.300781	11.500000	-3.199219	7.000000	1.898438	8.800781	0.017769	-0.108820	0.270588	-0.002733	0.001712	-0.001007	0	0	0	0	0	0
95993089364	4.199219	4.800781	-4.300781	1.300781	-1.300781	2.898438	-0.069605	0.021931	-0.616173	-0.000428	-0.001236	0.004393	0	0	0	0	0	0
96135067694	1.699219	12.101562	-2.699219	4.000000	0.699219	6.800781	0.045724	-0.034037	-0.533611	-0.001587	-0.003858	0.006383	0	0	0	0	0	0
96266623049	-4.400391	4.398438	-5.300781	8.601562	-0.199219	7.199219	0.037753	0.026497	-0.074864	-0.001835	-0.002774	0.000280	0	0	0	0	0	0
96407217536	-4.000000	5.000000	-12.500000	2.398438	0.898438	-1.500000	0.089940	0.037627	-0.117768	-0.000459	0.000496	-0.000216	0	0	0	0	0	0
96540645961	2.500000	14.101562	-4.699219	5.101562	3.101562	9.898438	-0.042675	-0.124352	0.075334	-0.002152	-0.000363	-0.000787	0	0	0	0	0	0
96682815264	3.699219	10.398438	-6.300781	9.601562	-1.900391	6.398438	0.120777	-0.089863	0.691261	-0.002104	-0.003037	-0.006560	0	0	0	0	0	0
96815118860	3.898438	12.800781	-2.900391	5.300781	1.500000	8.199219	0.046991	-0.021328	-0.693254	-0.001463	-0.000191	0.005823	0	0	0	0	0	0
96950807880	1.601562	6.300781	-9.300781	3.199219	-4.400391	-1.900391	0.038107	-0.000985	-0.113652	-0.002032	-0.003482	0.000624	0	0	0	0	0	0
97087009951	1.101562	13.500000	-10.000000	2.500000	-1.000000	-4.400391	0.013133	-0.036098	-0.113316	-0.003520	0.001064	0.001532	0	0	0	0	0	0
97224597037	-3.199219	8.500000	-5.900391	6.500000	0.898438	8.101562	0.030147	0.043335	0.542763	0.001554	-0.001075	-0.003156	0	0	0	0	0	0
97362959014	1.800781	12.000000	-9.300781	4.601562	-1.500000	6.101562	-0.013889	-0.023798	0.818590	-0.005473	-0.004339	-0.004926	0	0	0	0	0	0
97502287379	4.300781	6.898438	-6.099609	8.800781	0.398438	11.300781	0.001629	-0.097376	0.841438	-0.000081	-0.000434	-0.008740	0	0	0	0	0	0
97640083414	3.500000	10.500000	-4.400391	7.898438	1.199219	5.199219	0.002866	0.020474	-0.071846	-0.006421	-0.001390	0.000363	0	0	0	0	0	0
97772237341	-4.300781	10.699219	-3.300781	7.000000	-1.300781	-0.800781	0.074482	-0.127518	-1.268533	-0.004212	-0.005668	0.011269	0	0	0	0	0	0
97912589398	-3.500000	7.199219	-3.500000	7.898438	2.398438	0.398438	0.033585	-0.052214	-0.496808	-0.003678	-0.004091	0.004755	0	0	0	0	0	0
98053831347	0.101562	9.699219	-5.300781	3.898438	4.800781	6.500000	0.061963	-0.076458	-1.191944	-0.005837	-0.007384	0.008881	0	0	0	0	0	0
98193563783	5.101562	12.500000	-3.300781	1.601562	-3.400391	5.101562	0.097009	0.053007	-1.343309	-0.002985	-0.007340	0.010844	0	0	0	0	0	0
98330033143	5.101562	10.699219	-3.599609	3.800781	3.101562	4.601562	0.119880	-0.062467	0.118576	-0.001207	-0.001916	0.000770	0	0	0	0	0	0
98469035371	-0.500000	9.000000	-3.300781	5.500000	6.300781	2.101562	-0.054252	0.075813	-0.070138	-0.002050	-0.001095	0.001720	0	0	0	0	0	0
98604612526	3.398438	6.601562	-10.699219	3.000000	-4.699219	5.101562	0.112915	-0.022403	0.460586	-0.001616	-0.002976	-0.005096	0	0	0	0	0	0
98740586815	0.101562	11.199219	-7.699219	3.398438	-1.599609	9.699219	-0.021043	-0.008057	-0.121034	-0.000062	-0.001968	-0.001831	0	0	0	0	0	0
98877615303	5.699219	16.800781	-5.199219	2.898438	-0.500000	6.300781	0.038660	-0.092129	-0.001539	-0.001965	0.001971	0.000333	0	0	0	0	0	0
99010482312	0.000000	9.300781	-7.099609	1.699219	1.199219	-1.599609	-0.004022	-0.058863	-0.269047	-0.001042	0.000458	0.003009	0	0	0	0	0	0
99148953389	-1.599609	7.898438	-3.599609	0.898438	2.898438	-0.599609	0.028935	0.107675	-0.081363	0.001372	-0.000570	-0.002167	0	0	0	0	0	0
99284474849	1.699219	11.000000	-5.599609	1.000000	-3.000000	3.398438	0.128298	-0.026249	0.659479	-0.004932	-0.002737	-0.004858	0	0	0	0	0	0
99425051121	3.898438	11.500000	-4.900391	3.898438	3.398438	6.800781	0.112925	-0.093597	0.007379	-0.006028	-0.005050	0.001869	0	0	0	0	0	0
99562002660	5.000000	6.398438	-8.800781	4.300781	7.500000	6.101562	0.033425	-0.128043	0.882411	-0.005581	-0.002024	-0.009584	0	0	0	0	0	0
99709035626	-1.099609	7.000000	-1.099609	5.000000	6.199219	5.101562	0.101739	-0.068768	-0.116711	-0.002562	-0.003874	0.000067	0	0	0	0	0	0
99843776125	2.898438	13.601562	-5.599609	7.699219	2.398438	7.300781	0.041540	-0.141988	0.923889	-0.003052	-0.001422	-0.007459	0	0	0	0	0	0
99980632856	2.398438	10.500000	-7.900391	3.300781	1.800781	5.000000	0.017808	-0.085129	1.114093	-0.002614	0.002328	-0.010057	0	0	0	0	0	0
100119000385	-1.900391	12.898438	-3.500000	5.500000	3.101562	8.500000	0.095462	-0.117169	-0.004497	-0.000904	-0.000584	-0.000637	0	0	0	0	0	0
100258185830	-0.099609	12.500000	-4.199219	5.500000	0.699219	0.000000	0.053962	0.018524	0.199164	-0.004528	-0.002186	-0.000656	0	0	0	0	0	0
100397187527	0.300781	13.601562	-9.099609	8.101562	5.898438	0.398438	-0.145743	-0.004574	-0.236277	0.000744	-0.000021	-0.000533	0	0	0	0	0	0
100534998683	1.601562	10.199219	2.199219	8.800781	4.500000	0.800781	-0.013259	-0.037777	0.002016	-0.002893	-0.002037	-0.000020	0	0	0	0	0	0
100668231249	3.800781	8.800781	-1.900391	-0.900391	-7.199219	-4.000000	0.093009	-0.069786	-0.121463	0.000054	-0.003824	-0.001203	0	0	0	0	0	0
100804152499	-6.400391	11.199219	-7.400391	2.000000	-2.599609	-1.199219	0.165614	-0.079333	0.079771	-0.003993	-0.002897	0.000236	0	0	0	0	0	0
100942281544	2.398438	5.300781	-16.199219	0.601562	3.000000	2.800781	0.056970	-0.010941	0.541237	-0.002160	-0.004430	-0.004935	0	0	0	0	0	0
101085633275	-1.599609	8.199219	-6.199219	8.898438	-2.699219	-4.300781	0.039258	-0.001605	-0.077492	-0.001391	-0.003852	-0.000603	0	0	0	0	0	0
101219996285	5.398438	10.300781	-5.900391	8.300781	4.699219	8.000000	0.039283	-0.054129	-0.079676	-0.001714	0.000524	-0.000171	0	0	0	0	0	0
101357022641	2.000000	9.398438	-5.099609	3.898438	1.500000	3.000000	-0.017853	-0.121357	-0.035302	-0.006807	-0.008073	-0.000597	0	0	0	0	0	0
101498170588	-0.800781	10.101562	-2.300781	6.199219	4.000000	7.199219	0.136436	-0.080206	0.112367	-0.002643	0.000213	-0.001761	0	0	0	0	0	0
101637792057	0.199219	10.300781	-4.800781	2.500000	5.500000	4.101562	-0.061155	0.028663	-0.118865	0.000920	0.001525	-0.000453	0	0	0	0	0	0
101771024585	1.898438	10.699219	-1.199219	11.500000	4.199219	-3.400391	0.158606	0.041179	-1.459224	-0.004404	-0.005547	0.011909	0	0	0	0	0	0
101907436966	-4.099609	4.699219	-5.699219	3.101562	-1.300781	-8.699219	-0.061012	-0.106242	-0.071776	-0.005333	-0.006365	0.001119	0	0	0	0	0	0
102046250695	3.199219	9.398438	-10.900391	8.101562	-1.300781	-3.300781	0.085978	-0.034935	-0.036740	-0.000343	-0.003481	0.001043	0	0	0	0	0	0
102189405681	1.398438	8.601562	-2.099609	3.398438	-1.199219	-6.800781	-0.000529	0.038620	-0.114297	-0.000391	-0.001077	0.000722	0	0	0	0	0	0
102332402139	-1.699219	6.601562	-0.800781	0.199219	-5.900391	1.398438	0.090776	-0.037695	-0.495840	-0.004248	-0.001229	0.005575	0	0	0	0	0	0
102466942276	-2.099609	10.000000	-4.800781	6.500000	-1.500000	-5.199219	0.041711	-0.048989	0.039475	-0.002348	-0.000611	-0.000037	0	0	0	0	0	0
102608445267	0.300781	3.898438	-2.500000	5.800781	1.199219	2.398438	0.155831	-0.042360	0.085503	-0.003719	-0.002883	0.002384	0	0	0	0	0	0
102749598365	-5.199219	4.800781	-3.400391	-0.599609	1.000000	0.199219	0.095462	-0.117169	-0.004497	-0.000904	-0.000584	-0.000637	0	0	0	0	0	0
102887599381	3.898438	10.898438	-4.800781	3.101562	-1.000000	2.101562	0.184489	-0.119732	-0.001408	-0.001683	-0.004463	0.000052	0	0	0	0	0	0
103031049636	-0.300781	9.101562	-2.900391	1.601562	-1.900391	0.898438	0.154259	0.016319	-1.340782	-0.003931	-0.006642	0.012443	0	0	0	0	0	0
103165803631	-0.900391	5.199219	-6.699219	3.101562	-0.199219	1.199219	0.089438	-0.092020	-0.035325	-0.001407	-0.004569	0.001829	0	0	0	0	0	0
103304762871	-1.900391	6.398438	-5.699219	3.000000	-1.900391	-4.000000	0.097565	-0.115535	0.153629	-0.001556	-0.001001	-0.000450	0	0	0	0	0	0
103442784410	2.398438	11.601562	-6.900391	6.898438	-2.099609	5.898438	-0.032147	-0.063463	0.732953	-0.001133	-0.002395	-0.005877	0	0	0	0	0	0
103575620628	4.699219	12.300781	-4.199219	6.300781	-4.199219	1.898438	0.091410	-0.118304	0.073598	-0.000251	-0.000223	-0.000538	0	0	0	0	0	0
103712811209	-1.699219	12.300781	-0.900391	2.300781	-0.099609	12.101562	0.036700	-0.102993	-1.147703	-0.007341	-0.010843	0.010173	0	0	0	0	0	0
103850766769	-0.800781	5.898438	-3.300781	7.601562	0.898438	-2.500000	0.187886	-0.021471	-1.039051	-0.002255	-0.004361	0.008550	0	0	0	0	0	0
103986623346	-1.400391	9.601562	-5.900391	2.500000	-3.400391	-1.900391	0.029649	0.024228	0.081325	-0.000530	-0.002053	0.000478	0	0	0	0	0	0
104128937243	2.000000	7.601562	-3.000000	4.398438	2.101562	-3.099609	0.129702	-0.010862	0.157929	-0.002807	-0.000172	0.000034	0	0	0	0	0	0
104263781535	-3.400391	7.398438	-8.699219	7.800781	-3.599609	3.898438	0.052917	-0.022843	0.618145	-0.001562	-0.001887	-0.004820	0	0	0	0	0	0
104402189866	-1.099609	10.601562	-10.199219	8.398438	2.800781	6.800781	0.068260	-0.088527	1.119282	-0.002073	-0.003493	-0.008507	0	0	0	0	0	0
104540410335	7.101562	14.699219	-6.699219	3.800781	2.800781	12.800781	0.118918	-0.034279	0.732677	-0.002352	-0.001251	-0.006021	0	0	0	0	0	0
104680595328	6.000000	13.000000	-4.800781	7.000000	-5.500000	5.500000	0.009888	-0.082205	1.080782	-0.001984	-0.003812	-0.008481	0	0	0	0	0	0
104817214757	4.101562	6.898438	-9.099609	5.898438	-0.099609	4.101562	0.006479	0.006274	0.041056	-0.001287	-0.001496	0.000035	0	0	0	0	0	0
104955242245	1.199219	6.101562	-3.199219	9.898438	3.800781	6.000000	0.000708	-0.054964	-0.077576	-0.000394	-0.001417	0.000688	0	0	0	0	0	0
105097779315	1.699219	7.800781	-7.599609	4.500000	2.398438	9.000000	0.049786	-0.015732	-0.116901	-0.003439	-0.001341	-0.000633	0	0	0	0	0	0
105234807377	2.199219	12.699219	-0.599609	6.199219	-0.300781	5.199219	-0.038237	-0.160151	-0.038989	-0.003108	-0.005788	-0.000178	0	0	0	0	0	0
105373390460	5.898438	11.101562	0.898438	5.601562	4.101562	8.199219	-0.025361	-0.101413	-0.350919	-0.001337	-0.000782	0.001630	0	0	0	0	0	0
105504781435	3.199219	14.500000	-3.199219	6.800781	-1.800781	5.500000	-0.025656	-0.087631	0.037943	0.000018	-0.004508	-0.000466	0	0	0	0	0	0
105638566916	3.500000	13.500000	-0.699219	6.500000	6.000000	7.898438	-0.045103	-0.109457	0.002336	-0.006697	-0.007166	-0.001339	0	0	0	0	0	0
105789932041	-6.400391	8.398438	0.500000	-0.599609	-4.500000	-1.000000	0.150584	-0.038081	-0.956331	-0.002319	-0.002702	0.010805	0	0	0	0	0	0
105924396181	0.898438	11.699219	-8.800781	8.000000	0.398438	5.199219	0.091089	-0.100274	0.114944	-0.000161	-0.003872	-0.000519	0	0	0	0	0	0
106062454120	2.699219	4.101562	-7.300781	5.101562	-0.900391	2.300781	-0.007679	-0.053021	0.614951	-0.000412	-0.001458	-0.005614	0	0	0	0	0	0
106193753539	0.800781	8.898438	-1.800781	10.000000	1.500000	3.199219	0.017658	-0.000840	-0.076303	-0.003299	-0.000422	-0.000102	0	0	0	0	0	0
106331979628	2.000000	13.800781	-2.500000	8.800781	-0.300781	1.101562	0.134819	-0.002505	-1.463952	-0.000071	-0.002155	0.012338	0	0	0	0	0	0
106468032458	1.500000	6.300781	-12.000000	0.601562	-6.199219	-0.300781	-0.037633	0.008367	-0.118569	0.001426	0.002443	0.000352	0	0	0	0	0	0
106609389727	-2.000000	3.398438	0.101562	3.398438	-1.400391	1.000000	0.032816	0.080697	-0.073464	-0.001430	-0.000598	0.000774	0	0	0	0	0	0
106740563185	-0.500000	13.800781	-5.099609	4.199219	4.500000	11.898438	0.046417	-0.124945	0.967083	-0.008260	-0.009372	-0.009150	0	0	0	0	0	0
106872758120	2.101562	8.898438	-2.900391	6.500000	0.101562	1.898438	-0.037304	-0.041607	-0.852200	-0.001515	0.001901	0.005325	0	0	0	0	0	0
107014797933	8.800781	13.398438	-3.699219	7.000000	2.398438	5.300781	0.101519	-0.151770	0.028891	-0.000507	-0.000955	-0.002740	0	0	0	0	0	0
107152615170	-0.199219	11.898438	-2.099609	2.898438	1.699219	1.199219	-0.030227	-0.005596	-0.650390	-0.003898	0.001066	0.006431	0	0	0	0	0	0
107290796312	2.199219	9.601562	-3.400391	5.500000	-0.500000	-3.900391	0.067821	-0.090710	-0.770390	-0.000662	-0.001767	0.007309	0	0	0	0	0	0
107431014297	-3.300781	11.398438	-2.400391	4.000000	4.300781	-1.500000	0.034933	0.035917	-0.997547	-0.001069	-0.003728	0.008834	0	0	0	0	0	0
107571384118	1.601562	6.800781	1.000000	3.199219	-2.099609	2.601562	0.023710	-0.095323	-1.231190	-0.004607	-0.005678	0.009722	0	0	0	0	0	0
107714203661	6.699219	16.101562	-1.099609	2.898438	2.699219	8.699219	0.003458	-0.067854	0.000229	-0.001119	0.001095	0.000803	0	0	0	0	0	0
107848410530	-0.800781	11.500000	-1.800781	3.101562	-5.599609	-0.500000	-0.008263	-0.016672	-0.195562	-0.003385	-0.000195	-0.000643	0	0	0	0	0	0
107989410656	-1.500000	11.199219	-0.300781	4.101562	-3.900391	-2.400391	0.056692	0.032919	-0.111956	-0.001121	-0.000389	0.001924	0	0	0	0	0	0
108126158921	-4.500000	9.199219	-3.099609	0.800781	-1.800781	-1.000000	0.103966	-0.010733	-0.149646	-0.003514	-0.008987	0.000854	0	0	0	0	0	0
108274902385	5.101562	7.800781	-3.099609	7.199219	-0.699219	0.800781	-0.015894	0.015181	0.075735	-0.001206	-0.000601	-0.001981	0	0	0	0	0	0
108423794358	-2.500000	4.500000	-7.599609	5.601562	1.398438	-0.099609	0.100797	0.086050	0.154734	-0.000847	-0.004350	-0.002863	0	0	0	0	0	0
108572178036	0.000000	10.101562	-4.699219	6.800781	-0.300781	2.898438	0.015869	-0.026906	-0.769394	-0.001484	-0.001417	0.006591	0	0	0	0	0	0
108733953004	3.699219	6.398438	-1.800781	5.300781	5.101562	4.199219	0.072333	-0.035778	0.001505	-0.002933	-0.000452	0.000315	0	0	0	0	0	0
108885558503	1.800781	9.398438	-12.599609	5.500000	-0.500000	-2.699219	0.106557	-0.020552	-0.121231	-0.002216	-0.001722	-0.001984	0	0	0	0	0	0
109036604057	4.898438	16.500000	-4.599609	4.601562	6.101562	10.101562	-0.015442	0.025069	0.083592	-0.003105	-0.001715	0.000555	0	0	0	0	0	0
109188582766	-3.800781	7.601562	-1.400391	3.500000	3.199219	-1.099609	-0.017230	-0.103392	-0.159592	-0.001377	-0.001581	-0.000683	0	0	0	0	0	0
109336581163	1.601562	15.601562	-2.000000	6.300781	5.300781	4.101562	-0.067610	-0.010101	-0.115952	-0.003296	-0.000542	-0.000474	0	0	0	0	0	0
109484718701	-9.800781	6.398438	-7.699219	4.601562	-2.800781	1.300781	0.109821	-0.053226	-0.031638	-0.005106	-0.006854	0.001410	0	0	0	0	0	0
109629219341	-3.900391	12.000000	-6.400391	4.898438	-3.500000	-4.900391	0.175003	-0.048266	-0.034837	-0.001177	-0.005177	0.001750	0	0	0	0	0	0
109776604276	2.398438	13.699219	-8.199219	7.601562	-0.199219	5.101562	0.066711	-0.055631	0.038141	-0.001129	-0.002964	-0.000530	0	0	0	0	0	0
109938215561	6.000000	15.800781	-4.300781	10.500000	5.000000	9.199219	0.003404	0.015658	0.002226	-0.000580	-0.003291	-0.000027	0	0	0	0	0	0
110082802001	3.000000	10.199219	-7.199219	4.800781	3.199219	0.101562	0.119272	-0.061761	0.693889	-0.002548	-0.001959	-0.005677	0	0	0	0	0	0
110226176835	1.101562	8.898438	-6.300781	0.800781	0.500000	0.601562	0.115354	-0.047705	-0.156329	0.000188	-0.004730	0.000414	0	0	0	0	0	0
110374603692	2.300781	10.800781	-3.300781	1.300781	-0.699219	2.101562	0.036657	-0.008118	0.236679	-0.001427	-0.002473	-0.000210	0	0	0	0	0	0
110522558693	2.000000	7.699219	-9.099609	-2.699219	0.101562	3.898438	0.114094	-0.054011	0.496933	-0.001189	-0.003336	-0.005925	0	0	0	0	0	0
110671701869	4.500000	12.699219	-4.500000	5.199219	0.699219	-1.500000	0.092915	-0.058240	-1.312671	-0.001115	-0.004371	0.009564	0	0	0	0	0	0
110820786993	0.800781	9.800781	-4.599609	1.699219	-2.000000	2.300781	0.038180	-0.036765	0.970304	-0.003635	-0.002923	-0.006072	0	0	0	0	0	0
110956149422	3.898438	11.500000	-5.300781	-1.800781	-1.000000	9.000000	0.004706	-0.031105	0.083033	-0.002179	0.000320	0.001767	0	0	0	0	0	0
111093687150	4.898438	7.000000	-8.000000	-1.599609	5.898438	-0.800781	0.004327	0.048900	0.124005	-0.001659	-0.003348	0.000990	0	0	0	0	0	0
111225963701	0.500000	11.000000	-2.300781	4.898438	3.699219	-0.599609	0.088335	-0.108920	0.034768	0.000455	-0.002018	-0.000600	0	0	0	0	0	0
111363808009	0.199219	11.699219	-6.000000	1.601562	1.199219	-8.800781	0.096380	-0.055443	-0.122981	-0.000474	-0.000574	-0.001576	0	0	0	0	0	0
111495992458	3.300781	10.800781	-3.300781	4.800781	-1.599609	0.898438	0.035531	0.000766	-0.038372	-0.000720	-0.004210	-0.000557	0	0	0	0	0	0
111630962375	0.199219	10.699219	-3.199219	0.300781	-0.599609	-2.199219	0.004202	-0.021729	-0.618668	-0.002755	-0.000592	0.003445	0	0	0	0	0	0
111772168806	3.199219	11.199219	-4.300781	5.101562	5.000000	0.101562	0.005313	-0.019300	-1.078685	-0.000755	-0.001666	0.008754	0	0	0	0	0	0
111909222000	0.300781	7.601562	-3.300781	4.398438	0.699219	-4.900391	0.154309	-0.051221	-0.996637	-0.003044	-0.000161	0.010776	0	0	0	0	0	0
112048594581	-0.800781	8.898438	-7.900391	3.699219	-3.599609	-6.099609	0.009793	-0.070660	-0.110426	-0.003153	-0.004359	0.002286	0	0	0	0	0	0
112190785184	1.800781	10.699219	-3.300781	5.699219	-1.000000	-4.599609	0.082550	-0.062317	-0.732625	-0.002452	-0.002208	0.005681	0	0	0	0	0	0
112328012843	-0.500000	6.199219	-8.099609	-0.800781	-2.599609	0.300781	0.061627	-0.032048	-0.114542	-0.001580	-0.000381	0.001446	0	0	0	0	0	0
112463756891	2.300781	9.398438	-6.800781	2.500000	-2.599609	-3.699219	0.034612	-0.071728	0.078927	-0.001204	-0.002036	0.000398	0	0	0	0	0	0
112598593370	11.199219	12.800781	-6.800781	2.300781	4.199219	6.000000	0.004974	0.034377	0.043684	-0.001731	-0.000418	0.000918	0	0	0	0	0	0
112736783046	6.500000	11.199219	-3.800781	2.601562	-5.099609	3.398438	0.037956	-0.015630	0.078408	-0.001463	-0.000979	-0.000390	0	0	0	0	0	0
112873594833	2.398438	8.898438	-3.800781	1.300781	0.800781	1.500000	-0.045030	-0.039599	0.005012	-0.002896	-0.004009	0.000838	0	0	0	0	0	0
113017395893	3.300781	6.000000	-10.000000	4.199219	-0.300781	4.500000	0.101262	-0.086919	0.114323	-0.002012	-0.000653	-0.000893	0	0	0	0	0	0
113149987980	2.500000	7.500000	-4.300781	2.601562	-4.099609	-0.400391	0.037689	0.017823	-1.264698	-0.003165	-0.005494	0.011428	0	0	0	0	0	0
113283368321	-1.000000	7.101562	-8.300781	4.398438	-3.400391	1.601562	0.022001	-0.086520	0.349135	-0.002636	-0.003413	-0.002224	0	0	0	0	0	0
113421962566	1.699219	7.898438	-10.000000	-1.300781	-3.400391	-0.500000	0.053119	-0.044935	0.817570	-0.006369	-0.008031	-0.005907	0	0	0	0	0	0
113569956038	3.398438	15.000000	-2.099609	0.601562	-1.300781	0.500000	0.121680	0.021323	-1.308040	-0.001892	-0.004609	0.010438	0	0	0	0	0	0
113706566606	1.000000	10.500000	-6.800781	2.800781	-0.199219	-2.099609	0.038662	-0.081361	-0.000354	-0.001911	-0.000213	0.000316	0	0	0	0	0	0
113853778764	0.601562	11.101562	-2.500000	9.601562	-1.000000	5.398438	0.132536	-0.066696	-0.001597	-0.002560	-0.001930	-0.000648	0	0	0	0	0	0
114001187089	1.300781	12.101562	-9.199219	-1.800781	-2.900391	3.000000	0.074376	0.054571	0.506585	-0.001676	-0.000977	-0.002807	0	0	0	0	0	0
114150751055	1.898438	16.101562	-4.199219	-1.599609	-2.400391	-8.500000	0.045871	-0.040927	-0.728041	-0.002265	-0.001995	0.007431	0	0	0	0	0	0
114314028265	5.898438	10.300781	-3.500000	8.398438	0.398438	3.898438	0.017984	0.002666	-0.115277	-0.003281	-0.001140	-0.000156	0	0	0	0	0	0
114461985040	2.101562	7.898438	-8.800781	10.601562	-3.000000	-0.400391	-0.093709	-0.251008	1.190711	-0.003058	-0.000844	-0.009991	0	0	0	0	0	0
114612310721	2.898438	8.601562	-4.199219	0.601562	7.500000	3.601562	0.015277	-0.085126	-0.689884	-0.001895	-0.002144	0.007477	0	0	0	0	0	0
114749469245	-1.099609	12.398438	-2.800781	3.000000	-4.199219	-0.900391	0.008865	0.003696	-0.337155	-0.000616	-0.001152	0.006722	0	0	0	0	0	0
114886776051	-2.500000	11.300781	-8.199219	3.500000	-5.599609	-1.400391	0.030447	0.044384	-0.144902	-0.006350	-0.009565	0.001001	0	0	0	0	0	0
115021384107	4.601562	11.601562	-3.500000	6.300781	2.898438	-0.500000	-0.074396	0.027849	0.967919	-0.003092	-0.002155	-0.007981	0	0	0	0	0	0
115160587391	5.699219	14.300781	-9.500000	7.199219	2.398438	8.398438	-0.013688	-0.076693	0.970676	-0.005156	-0.000361	-0.005578	0	0	0	0	0	0
115293951035	6.898438	13.500000	-7.300781	8.898438	6.000000	4.101562	0.066088	-0.093631	0.116278	-0.001380	-0.001518	-0.000026	0	0	0	0	0	0
115441774161	7.800781	10.101562	-3.599609	4.699219	1.300781	0.800781	0.039031	-0.271641	0.571836	0.003130	-0.015500	-0.006082	0	0	0	0	0	0
115578387344	5.800781	12.699219	-5.500000	5.101562	3.500000	3.398438	-0.014115	-0.013430	-0.074492	-0.003356	-0.000212	0.000773	0	0	0	0	0	0
115712948376	-2.099609	7.601562	-7.900391	4.601562	-2.099609	-3.599609	0.046663	0.175192	-0.111208	-0.003413	-0.001407	-0.000475	0	0	0	0	0	0
115847616425	3.101562	9.601562	-4.300781	4.101562	0.000000	0.101562	0.060175	-0.006636	-0.304464	-0.006071	-0.009339	0.000734	0	0	0	0	0	0
115987359360	3.000000	9.500000	-8.699219	0.500000	-3.199219	-1.699219	-0.005117	0.053069	-0.109089	-0.005524	-0.000999	0.001194	0	0	0	0	0	0
116125027952	1.898438	8.800781	-11.400391	2.398438	-3.699219	-4.599609	0.142422	-0.054030	-0.003281	0.000807	-0.000960	-0.000238	0	0	0	0	0	0
116262748820	0.898438	4.398438	-2.800781	1.000000	-1.500000	2.800781	0.040483	-0.064747	0.695296	-0.003832	-0.003574	-0.006013	0	0	0	0	0	0
116408249346	-1.000000	15.000000	-4.300781	6.699219	2.101562	3.101562	0.059318	0.024416	-0.079797	0.000125	0.000337	-0.000568	0	0	0	0	0	0
116555579736	-0.900391	7.000000	-2.500000	3.800781	1.601562	8.300781	-0.016422	0.053802	-0.038562	-0.001596	-0.001677	-0.001258	0	0	0	0	0	0
116706952999	3.300781	2.300781	-6.400391	4.800781	-4.599609	6.601562	-0.108735	-0.061709	-0.040757	-0.000988	0.001165	-0.000364	0	0	0	0	0	0
116863743144	-3.599609	11.699219	-4.400391	6.500000	4.500000	4.300781	0.050126	-0.006904	0.044163	0.000522	-0.005103	0.001602	0	0	0	0	0	0
117001554155	2.800781	8.699219	-6.400391	5.500000	-0.800781	7.898438	0.066255	-0.052792	1.007800	-0.003122	-0.003482	-0.006503	0	0	0	0	0	0
117139792366	5.800781	10.000000	-5.800781	7.101562	4.800781	11.199219	0.147141	-0.019688	0.924256	-0.000983	-0.002218	-0.007935	0	0	0	0	0	0
117296304179	1.199219	12.898438	1.199219	4.601562	-1.199219	11.898438	0.123607	-0.064838	0.079457	-0.001878	-0.001558	0.000724	0	0	0	0	0	0
117439738499	3.898438	9.199219	-10.199219	5.500000	3.300781	9.398438	0.094727	-0.126089	1.155358	-0.005645	-0.003957	-0.010614	0	0	0	0	0	0
117577312181	0.601562	13.800781	-6.300781	9.500000	-1.199219	1.898438	0.126747	0.033386	-0.074334	-0.002509	-0.002296	0.000606	0	0	0	0	0	0
117715575796	5.699219	10.000000	0.800781	5.101562	3.601562	6.199219	0.061479	-0.025157	0.079889	-0.000903	-0.002244	0.000398	0	0	0	0	0	0
117855974294	5.699219	11.601562	2.699219	7.601562	-4.800781	7.101562	0.044434	-0.020123	0.118279	-0.002804	-0.000291	-0.000338	0	0	0	0	0	0
118007677298	-1.500000	9.300781	-0.800781	3.500000	1.300781	2.699219	0.006391	-0.075550	-0.111467	-0.002519	-0.003252	0.002295	0	0	0	0	0	0
118158945342	-0.900391	7.898438	-1.699219	8.601562	4.398438	10.199219	-0.004358	0.028861	0.269288	-0.001827	-0.004689	-0.004320	0	0	0	0	0	0
118301548866	1.000000	8.601562	-6.699219	6.101562	-3.199219	8.000000	0.006577	-0.058751	0.537608	-0.003076	-0.000773	-0.005706	0	0	0	0	0	0
118444124123	1.898438	9.699219	-13.099609	4.300781	-2.699219	9.398438	0.039256	-0.012373	-0.078677	-0.001445	-0.001668	-0.000586	0	0	0	0	0	0
118581168009	2.398438	10.000000	-7.300781	8.699219	-5.099609	8.398438	0.086467	0.025382	1.161950	-0.000642	-0.004068	-0.007984	0	0	0	0	0	0
118713938735	-1.699219	13.500000	0.199219	9.398438	1.199219	7.300781	0.098313	-0.071154	0.122324	-0.003221	-0.002843	0.001634	0	0	0	0	0	0
118853938295	3.898438	11.601562	-3.300781	3.500000	3.800781	6.398438	0.048541	-0.091732	0.039373	-0.003941	0.001551	0.000376	0	0	0	0	0	0
118992573148	4.800781	7.300781	-3.400391	3.699219	0.300781	10.000000	0.049971	-0.057313	-0.699883	-0.000414	-0.000174	0.003676	0	0	0	0	0	0
119129095149	1.500000	12.300781	1.398438	5.699219	-0.400391	1.500000	0.045873	-0.067667	-1.075370	-0.003744	-0.001907	0.009944	0	0	0	0	0	0
119267373129	0.898438	3.601562	1.000000	4.000000	3.500000	1.699219	0.036012	-0.020334	-0.030328	-0.002833	-0.005314	0.002376	0	0	0	0	0	0
119409428544	2.300781	9.101562	-3.099609	1.500000	-3.300781	5.800781	0.003308	0.016436	-1.190167	-0.001804	-0.001654	0.010757	0	0	0	0	0	0
119544370391	1.500000	6.699219	-7.699219	6.500000	-1.500000	0.898438	0.143172	0.001120	-0.033401	-0.000804	-0.004986	0.001829	0	0	0	0	0	0
119690939011	-2.699219	5.398438	0.500000	6.699219	-1.199219	1.898438	-0.041102	0.004069	-1.264477	-0.004503	-0.004926	0.011109	0	0	0	0	0	0
119827393251	0.300781	9.898438	-0.800781	9.101562	-2.300781	-2.500000	-0.003947	-0.098104	-0.117639	-0.003987	-0.003107	-0.000650	0	0	0	0	0	0
119962138278	-0.300781	5.000000	-6.599609	6.800781	-4.500000	7.000000	0.020879	-0.116887	0.313162	-0.003492	-0.003034	-0.000599	0	0	0	0	0	0
120101491135	-5.699219	7.601562	-5.699219	10.101562	-0.699219	4.199219	0.019098	-0.061535	0.810718	0.000137	-0.003511	-0.005866	0	0	0	0	0	0
120239962688	3.199219	12.300781	-5.099609	7.199219	-2.300781	4.601562	-0.014961	-0.060918	0.890056	-0.003772	-0.003962	-0.006974	0	0	0	0	0	0
120376060458	5.300781	6.699219	-6.000000	2.898438	-0.900391	8.898438	-0.047508	-0.000479	0.126936	-0.003286	-0.005143	0.001847	0	0	0	0	0	0
120516280707	0.800781	12.800781	-2.199219	10.398438	2.898438	8.699219	-0.089271	-0.095408	0.080229	-0.005171	0.001054	0.000173	0	0	0	0	0	0
120658343714	3.898438	10.898438	-6.099609	7.898438	7.101562	9.101562	0.007424	0.026244	-0.078427	-0.001127	0.000706	-0.000489	0	0	0	0	0	0
