1155079	-0.800781	5.898438	-0.699219	4.800781	-2.199219	-0.400391	-0.069072	0.043193	0.686399	0.001667	0.004724	-0.008256	0	0	0	0	0	0
298837372	2.898438	-1.199219	0.601562	2.601562	-0.300781	-2.300781	-0.106762	0.052748	0.804162	0.001852	0.013631	-0.006693	0	0	0	0	0	0
604322763	0.000000	3.398438	-1.500000	2.300781	3.199219	-0.500000	-0.012178	-0.041669	1.524949	0.002310	0.007172	-0.017447	0	0	0	0	0	0
898807337	-0.599609	-0.900391	-0.800781	-0.099609	-0.699219	2.898438	0.111284	0.102551	0.803865	0.000007	0.008891	-0.008232	0	0	0	0	0	0
1194584933	-5.900391	-0.699219	1.000000	-3.000000	-4.699219	-8.800781	0.012944	0.001421	0.769654	0.000058	0.009931	-0.004855	0	0	0	0	0	0
1501834908	-0.199219	-1.099609	-0.400391	1.398438	1.500000	3.898438	0.008981	0.142898	0.763566	0.003614	0.005564	-0.009024	0	0	0	0	0	0
1799050692	-4.099609	3.500000	-0.500000	3.199219	-2.500000	-0.699219	0.092754	-0.004096	0.801358	-0.001388	0.008000	-0.008719	0	0	0	0	0	0
2059386856	-1.699219	4.199219	1.000000	1.398438	0.199219	-3.199219	-0.129985	0.118306	0.765890	0.001633	0.009803	-0.007965	0	0	0	0	0	0
2394680033	0.300781	-1.699219	0.300781	-2.800781	-2.599609	-11.300781	0.090124	0.183560	0.428728	0.000550	0.001758	-0.002799	0	0	0	0	0	0
2736847799	-8.199219	-4.699219	2.398438	-4.500000	2.500000	-8.699219	0.096928	0.125031	0.034957	0.002872	0.011937	0.000148	0	0	0	0	0	0
3165687250	-3.500000	1.500000	1.199219	2.898438	-4.300781	-7.199219	-0.062467	0.083427	1.959004	0.000006	0.014266	-0.017508	0	0	0	0	0	0
3595048272	-1.000000	-0.900391	0.101562	-2.900391	-3.900391	-15.900391	0.026281	-0.101776	0.487782	0.005143	0.001582	-0.006680	0	0	0	0	0	0
4065857034	4.000000	5.601562	-1.400391	3.000000	-2.800781	0.800781	0.101928	0.099540	1.269545	-0.001382	0.004543	-0.011912	0	0	0	0	0	0
4490931833	-1.800781	-6.900391	1.699219	1.101562	-7.800781	-3.599609	0.139388	0.055537	0.841548	0.000305	0.008342	-0.008266	0	0	0	0	0	0
4896489436	-2.599609	-3.400391	6.300781	-5.199219	-4.900391	-16.300781	0.003425	-0.020894	0.346184	0.000521	0.003180	-0.002091	0	0	0	0	0	0
5342334382	4.000000	2.699219	3.000000	-1.500000	8.101562	-0.400391	-0.028746	0.210423	0.684660	0.000234	0.010955	-0.010197	0	0	0	0	0	0
5737773219	-351.300781	-116.300781	542.601562	-67.699219	-115.599609	13.101562	19.375977	7.944134	14.573236	0.271206	1.262101	-0.634220	0	0	0	0	0	0
6118646249	731.398438	441.300781	-108.099609	482.898438	-727.500000	391.699219	-6.934982	-35.236912	-14.745374	1.276302	0.315485	4.432138	0	0	0	0	0	0
6478088709	155.601562	112.300781	-822.099609	-4.599609	490.898438	-102.400391	-21.718439	8.145859	-29.745829	-0.783369	-2.280282	-0.278304	0	0	0	0	0	0
6880359368	-646.800781	-139.300781	403.300781	-236.500000	719.300781	-144.199219	5.602892	35.232410	85.918648	-0.168396	1.104534	-1.407734	0	0	0	0	0	0
7291563522	885.898438	766.000000	-197.199219	841.898438	-1256.800781	745.601562	-2.479662	-46.377792	-93.152748	2.615396	0.473661	7.621812	0	0	0	0	0	0
7731274230	138.199219	1301.300781	167.000000	1336.699219	-816.099609	1370.398438	10.075910	-12.551588	-75.735390	1.447188	0.689547	11.874637	0	0	0	0	0	0
8154755779	-766.500000	-809.900391	932.101562	-758.400391	-352.500000	-568.300781	16.690012	39.020584	-41.816101	4.189157	5.177507	-6.582818	0	0	0	0	0	0
8608276158	-1751.300781	-206.699219	1215.800781	-292.099609	593.601562	31.800781	27.854073	81.911324	12.787625	1.940160	4.877192	-1.671615	0	0	0	0	0	0
9056319875	-451.900391	400.898438	1333.199219	538.000000	-935.900391	741.000000	34.230278	7.953415	-4.348508	3.420974	5.177095	5.422659	0	0	0	0	0	0
9445284640	1865.398438	912.601562	-234.900391	1013.398438	-2037.400391	781.199219	-20.798916	-82.371262	-64.028091	4.523569	1.847285	8.699272	0	0	0	0	0	0
9917853376	783.898438	643.398438	-720.800781	564.398438	-171.599609	387.601562	-32.558346	-15.262078	-10.971833	0.828075	-0.354034	4.609683	0	0	0	0	0	0
10252247522	17.800781	41.898438	8.398438	-35.199219	494.601562	-68.500000	-15.277597	16.641571	95.648735	-0.009621	0.630402	-0.333556	0	0	0	0	0	0
10749760692	530.898438	646.699219	383.101562	754.000000	-879.400391	757.898438	11.360441	-26.510389	11.863748	1.921497	0.779762	6.950512	0	0	0	0	0	0
11147592894	1634.699219	2011.800781	-254.699219	2112.800781	-1691.500000	1930.398438	-5.091913	-82.249405	-31.928137	1.051883	-1.366103	18.829584	0	0	0	0	0	0
11593575620	2395.398438	1092.898438	-872.199219	1175.601562	-1951.000000	785.898438	-41.121906	-97.511810	-66.359802	3.632143	-0.521069	9.556534	0	0	0	0	0	0
12050802981	2.101562	-149.000000	-611.300781	-243.400391	431.101562	-305.400391	-23.031752	22.090897	-35.840092	0.500027	-1.269516	-2.477815	0	0	0	0	0	0
12483746056	-1611.199219	-499.099609	703.500000	-629.099609	1000.500000	-334.400391	24.455755	81.183327	13.245169	0.097253	0.975554	-4.803497	0	0	0	0	0	0
12860012569	-1975.199219	-185.500000	1841.101562	-136.099609	342.300781	286.601562	63.691135	72.091179	40.543129	0.603844	3.731605	-0.255312	0	0	0	0	0	0
13273175697	-1327.099609	427.898438	2727.199219	801.601562	-1230.099609	1250.601562	101.789101	6.921543	39.271465	0.340201	4.841443	7.480063	0	0	0	0	0	0
13581024933	240.500000	888.000000	1655.898438	1190.898438	-1910.699219	1400.199219	60.654156	-48.802013	11.203263	1.358359	2.891377	10.869460	0	0	0	0	0	0
14045324763	1850.500000	915.500000	-1272.500000	912.699219	-960.400391	542.601562	-51.592834	-64.593544	-60.618526	1.695156	-1.750406	7.239863	0	0	0	0	0	0
14394075970	-874.599609	-429.599609	96.300781	-547.699219	778.800781	-426.199219	-4.405794	56.737801	-3.035611	0.616506	1.031352	-4.607547	0	0	0	0	0	0
14733851600	-1992.000000	-193.800781	1478.898438	-225.699219	684.699219	164.300781	49.780685	79.725998	35.651245	-0.153481	3.070207	-0.852027	0	0	0	0	0	0
15156847378	-91.000000	469.699219	1340.500000	685.199219	-1157.000000	863.601562	41.988541	-18.758245	24.026981	1.498014	3.021793	6.177488	0	0	0	0	0	0
15556392798	2164.699219	487.898438	-476.599609	630.300781	-1753.800781	308.199219	-24.135338	-93.697517	-9.781629	2.354963	-0.771785	4.855811	0	0	0	0	0	0
15981537245	3082.800781	1123.601562	-932.500000	1245.199219	-2320.199219	744.601562	-39.042713	-133.667709	-19.597284	2.274661	-1.600415	9.921111	0	0	0	0	0	0
16403832866	-41.099609	1354.699219	1759.800781	1630.699219	-1765.000000	1895.000000	69.691048	-38.944164	7.496324	0.420453	2.455143	14.827156	0	0	0	0	0	0
16869137984	-2270.300781	82.699219	1626.000000	30.000000	783.500000	490.300781	58.597450	86.894852	32.740768	-0.987150	2.642666	1.347985	0	0	0	0	0	0
17218964652	-2501.699219	-122.000000	1822.101562	-188.699219	819.699219	318.500000	66.638557	95.684059	35.771248	-0.741504	3.020050	-0.319691	0	0	0	0	0	0
17614345475	-539.599609	236.000000	1834.398438	516.199219	-1157.099609	779.199219	63.471123	-7.816048	29.166763	1.175148	3.815698	4.857380	0	0	0	0	0	0
18053955375	1450.300781	715.101562	-614.599609	822.500000	-1342.400391	593.000000	-17.860437	-64.371277	-87.044609	1.734122	-1.677085	6.676671	0	0	0	0	0	0
18491289951	898.199219	560.898438	-893.300781	602.300781	-914.900391	431.300781	-23.123074	-34.418964	-158.829147	2.153590	-1.806176	4.835469	0	0	0	0	0	0
18854497517	775.398438	380.898438	-786.900391	443.500000	-1024.300781	291.898438	-14.837541	-33.558002	-183.895828	2.217035	-1.811764	3.397558	0	0	0	0	0	0
19244458966	-153.699219	10.601562	225.398438	34.101562	17.398438	63.898438	2.088577	10.791845	16.225855	0.055028	0.496583	0.169753	0	0	0	0	0	0
19666104314	131.800781	-235.599609	451.898438	-241.300781	275.898438	-257.500000	-7.530156	5.424534	148.556595	-0.536243	2.017647	-2.354076	0	0	0	0	0	0
20055708566	62.898438	13.699219	-195.000000	-9.900391	168.101562	-46.000000	-11.763268	7.661220	6.108552	0.069772	-0.453101	-0.172270	0	0	0	0	0	0
20484898220	786.601562	192.101562	-1032.699219	221.800781	-393.699219	52.601562	-15.950740	-30.175186	-121.467941	0.389465	-5.245226	1.691829	0	0	0	0	0	0
20919303050	1398.300781	266.898438	-1508.500000	358.601562	-1254.099609	94.500000	-18.762699	-51.425877	-245.099991	3.540002	-6.447615	2.335618	0	0	0	0	0	0
21369732353	-8.800781	-81.000000	114.601562	-61.400391	-110.900391	-47.400391	-2.128630	10.566705	2.979602	1.254669	0.772551	-0.749335	0	0	0	0	0	0
21815461771	-453.099609	-368.800781	1501.000000	-245.800781	-127.699219	-102.699219	24.740570	17.749763	161.984634	0.826208	5.478381	-2.408848	0	0	0	0	0	0
22230609874	-1242.699219	-612.500000	4008.699219	-206.599609	-2440.199219	416.101562	103.423294	7.005730	57.809902	7.032496	15.560648	-1.089104	0	0	0	0	0	0
22676774878	2082.398438	425.699219	-932.800781	568.000000	-2271.800781	299.000000	-7.581838	-77.702034	-201.125549	7.813678	-4.717227	4.199116	0	0	0	0	0	0
23070253241	426.199219	59.101562	-2478.300781	-210.800781	1461.300781	-387.599609	-38.237106	23.418974	-106.894493	-3.288411	-12.165476	-2.216737	0	0	0	0	0	0
23491772660	-1794.500000	-819.800781	-215.000000	-1138.599609	2023.398438	-843.099609	16.282522	89.958565	-0.238230	-4.791729	-4.822528	-8.680348	0	0	0	0	0	0
23909712466	-360.500000	-283.099609	1247.000000	-190.599609	-57.699219	-64.000000	21.571968	14.682906	145.869232	0.915459	4.169850	-1.782189	0	0	0	0	0	0
24329983865	-1.800781	-203.400391	974.398438	-79.900391	-810.900391	38.199219	18.862482	-1.223989	21.998823	3.677213	4.155484	-0.505259	0	0	0	0	0	0
24708067972	1860.101562	593.699219	-1297.699219	662.300781	-1711.500000	407.800781	-17.133472	-59.566017	-204.131393	7.316148	-5.212986	5.383331	0	0	0	0	0	0
25081798941	2297.601562	738.699219	-1623.699219	783.000000	-1755.900391	403.101562	-30.058329	-78.951530	-186.477295	6.602903	-5.617075	6.170801	0	0	0	0	0	0
25507719671	2968.199219	-60.099609	835.300781	157.000000	-4079.500000	25.398438	17.863993	-124.491013	-53.359005	12.662515	4.493211	1.011489	0	0	0	0	0	0
25853682194	-1116.000000	-180.300781	2603.000000	104.199219	-1279.900391	494.300781	70.817535	18.372047	38.689148	3.389023	9.389579	1.010164	0	0	0	0	0	0
26296861497	-811.500000	-401.000000	755.898438	-495.199219	822.500000	-371.000000	5.229233	41.343815	138.966278	-0.929233	2.877845	-3.956117	0	0	0	0	0	0
26711477575	-150.900391	-198.800781	51.898438	-156.900391	-99.800781	-140.699219	5.582776	8.114500	-42.355022	0.718988	-0.329656	-1.412634	0	0	0	0	0	0
27111435172	1252.199219	-318.599609	-1168.300781	-252.800781	-1207.300781	-462.500000	-22.942297	-35.646267	-210.720428	5.838503	-2.917891	-3.099073	0	0	0	0	0	0
27508245207	-1413.300781	-811.599609	542.898438	-853.300781	514.000000	-637.699219	15.453795	64.897255	-67.004539	1.035536	2.734753	-7.285651	0	0	0	0	0	0
27909327183	-2489.300781	-905.300781	2671.000000	-759.699219	-122.199219	-202.500000	79.979935	88.113266	10.793775	4.157847	8.693295	-5.994755	0	0	0	0	0	0
28310197959	1567.398438	-78.900391	1426.500000	158.199219	-3167.400391	250.699219	31.983248	-82.360779	-32.204437	8.992456	6.442331	1.841251	0	0	0	0	0	0
28693241897	3776.500000	480.199219	-696.500000	608.800781	-3793.699219	152.500000	-30.237579	-145.340225	-124.673775	12.505068	-0.097407	4.378149	0	0	0	0	0	0
29093142452	1787.101562	474.800781	-2358.500000	449.800781	-388.599609	80.300781	-36.590061	-47.371883	-173.317474	2.019983	-11.109338	2.783013	0	0	0	0	0	0
29506867930	-246.699219	-246.800781	389.800781	-297.699219	304.398438	-178.500000	11.452773	35.396091	77.067513	3.404548	-0.374769	-2.362225	0	0	0	0	0	0
29916120323	58.000000	-395.599609	954.601562	-337.300781	-140.000000	-261.800781	10.189871	9.142940	149.336731	2.317417	3.317456	-3.150688	0	0	0	0	0	0
30316955887	1613.601562	468.800781	-901.199219	530.500000	-1688.300781	341.000000	-12.117525	-49.620968	-173.857620	7.762820	-3.208661	4.477107	0	0	0	0	0	0
30716059387	1936.601562	320.000000	-1810.400391	360.898438	-1454.599609	20.101562	-28.720213	-60.013889	-239.333069	6.368591	-6.910758	2.150831	0	0	0	0	0	0
31085244829	0.601562	42.398438	-30.699219	29.398438	42.699219	9.500000	-2.973575	3.654091	0.113345	0.213798	-0.042323	0.247964	0	0	0	0	0	0
31500218126	1760.300781	114.000000	-1653.400391	79.000000	-716.000000	-103.500000	-9.560481	-22.389208	-116.355759	9.630921	-11.153260	0.404103	0	0	0	0	0	0
31938914063	1315.398438	19.000000	-2087.300781	-118.699219	73.898438	-386.400391	-44.527332	-11.656610	-122.586494	3.726657	-7.733887	-1.692903	0	0	0	0	0	0
32306687785	-49.900391	74.800781	-189.500000	-47.699219	919.101562	-98.000000	-13.037633	21.098305	121.013229	-1.778882	-1.384547	-0.230682	0	0	0	0	0	0
32718642174	-677.400391	81.101562	2051.898438	412.699219	-1051.500000	550.800781	33.748703	-36.118706	55.123402	-3.886753	9.809697	2.799548	0	0	0	0	0	0
33113476330	3094.101562	-152.300781	-2037.300781	-35.699219	-2372.199219	-531.699219	-38.143589	-95.106880	-248.616226	12.021641	-8.113147	-2.260059	0	0	0	0	0	0
33500042354	2159.699219	-569.699219	-2734.599609	-649.300781	-590.900391	-1071.900391	-63.325012	-33.688717	-220.875656	8.174324	-8.978583	-7.261061	0	0	0	0	0	0
33889568621	-780.300781	-400.099609	-747.500000	-603.099609	1217.500000	-468.199219	-1.093165	63.398224	-61.202065	0.799529	-5.338293	-4.819791	0	0	0	0	0	0
34291104010	145.000000	-98.900391	963.199219	-34.599609	-1779.300781	91.601562	-6.253516	7.343647	-122.376884	10.598727	10.765740	-0.225416	0	0	0	0	0	0
34711771633	1244.000000	26.199219	-1792.699219	56.101562	-332.000000	-120.599609	-2.999894	-25.601564	-165.016083	3.480101	-12.167043	-0.132347	0	0	0	0	0	0
35127678403	-178.099609	127.500000	269.199219	190.800781	-784.099609	259.101562	3.246701	5.185970	-124.459854	3.567466	3.792192	1.695706	0	0	0	0	0	0
35535485497	257.601562	-213.699219	384.398438	-81.800781	-1417.699219	-112.300781	-13.631351	-25.372810	-138.473862	4.327225	6.614190	-1.386228	0	0	0	0	0	0
35969670703	-1454.900391	231.300781	378.300781	204.898438	676.699219	275.398438	-7.067963	28.029680	-62.833427	-5.960221	4.497887	1.970140	0	0	0	0	0	0
36343921573	-917.599609	261.601562	472.398438	250.601562	-88.500000	385.699219	-0.971745	32.044636	-91.005646	1.081409	5.224869	2.591426	0	0	0	0	0	0
36740920908	-596.099609	-92.199219	-872.900391	-102.500000	992.601562	-101.699219	8.985642	14.731320	-85.954330	-6.737078	-7.422309	-1.187226	0	0	0	0	0	0
37112752348	-1451.699219	119.000000	521.800781	46.699219	410.800781	282.601562	15.928175	64.476357	-90.140121	1.216360	3.024234	1.163560	0	0	0	0	0	0
37506303264	-932.500000	86.898438	256.300781	60.699219	279.101562	310.898438	30.610853	49.876736	-68.632881	2.950175	-2.574513	1.237924	0	0	0	0	0	0
37906456245	2187.199219	-151.000000	-2082.400391	-173.599609	-1279.199219	-398.000000	-24.162960	-28.278688	-220.540253	14.120780	-10.506085	-2.247588	0	0	0	0	0	0
38323137070	-770.300781	-404.800781	-343.900391	-509.900391	720.199219	-376.599609	2.407895	53.084446	-72.294426	1.061641	-2.523055	-4.419674	0	0	0	0	0	0
38772998898	-630.400391	-298.500000	-224.699219	-363.900391	558.500000	-261.900391	4.317021	38.724716	-57.487312	0.868798	-1.524781	-2.756404	0	0	0	0	0	0
39185244127	1191.898438	-459.699219	-578.000000	-409.599609	-1558.000000	-517.400391	-24.759085	-18.209040	-177.767914	10.632300	1.096859	-3.900624	0	0	0	0	0	0
39584719280	-205.300781	-16.699219	-218.599609	-40.400391	279.601562	-24.599609	0.809443	18.027943	-21.538652	-0.407241	-1.699872	-0.348743	0	0	0	0	0	0
39973403674	-158.199219	-40.400391	-166.800781	-76.000000	1084.199219	-103.599609	11.333575	10.847677	134.625778	-5.640165	-5.574812	-0.895758	0	0	0	0	0	0
40374317658	-89.599609	-99.099609	293.398438	13.601562	-312.300781	59.300781	16.384945	-0.536324	-24.508118	0.920940	-0.323191	-0.058156	0	0	0	0	0	0
40774662329	1518.300781	451.101562	-2119.400391	500.300781	-332.400391	296.000000	4.431028	-38.787056	-168.845917	2.408820	-15.583782	3.683108	0	0	0	0	0	0
41169226480	453.800781	-184.199219	963.101562	-126.199219	-2165.699219	-39.099609	-9.480782	-2.142331	-136.031143	12.708078	11.308276	-0.826308	0	0	0	0	0	0
41576573810	80.000000	-186.800781	219.898438	-133.400391	-840.699219	-143.500000	-19.916496	-7.225921	-98.934334	2.401295	6.159769	-1.240959	0	0	0	0	0	0
41955940279	-562.199219	-22.900391	239.300781	34.500000	-87.800781	26.699219	-9.775582	1.335523	-73.182091	-2.730976	4.560473	0.024876	0	0	0	0	0	0
42383054188	704.199219	-146.300781	-695.500000	-106.599609	-645.500000	-233.699219	-16.609545	-18.119446	-122.307655	3.280326	-1.425627	-1.382892	0	0	0	0	0	0
42803909753	773.300781	174.898438	-1230.000000	177.199219	-194.300781	78.500000	1.549398	-11.876149	-118.150261	2.484753	-7.366831	1.325620	0	0	0	0	0	0
43187011637	89.699219	-134.400391	50.300781	-119.300781	-793.500000	-138.599609	-24.418955	0.291771	-114.954124	3.894355	5.986695	-1.162687	0	0	0	0	0	0
43552429440	702.500000	221.699219	-1815.199219	225.898438	327.398438	71.101562	-2.484807	-16.186211	-144.264725	-1.555682	-12.478450	1.576764	0	0	0	0	0	0
43954928349	-1332.300781	-87.900391	594.101562	21.898438	2.500000	-9.400391	-17.763483	-10.613497	-126.033424	-8.910498	9.567713	-0.357452	0	0	0	0	0	0
44345160331	632.398438	598.601562	-2429.599609	595.199219	891.398438	356.699219	-2.019808	-21.771620	-159.391418	-8.028049	-17.205229	4.684448	0	0	0	0	0	0
44757495992	-1228.400391	518.601562	2330.898438	823.300781	-1417.000000	1284.699219	88.201241	15.624656	-45.264465	3.378912	5.438901	7.930088	0	0	0	0	0	0
45142122444	-1277.099609	-169.500000	1664.000000	140.601562	-641.400391	528.300781	97.548378	22.582191	-43.882778	0.530689	-2.320252	1.354392	0	0	0	0	0	0
45552697702	-1367.400391	189.898438	800.000000	211.199219	124.500000	459.199219	24.590620	47.706005	-73.821091	0.444257	3.360625	2.361611	0	0	0	0	0	0
45845095304	-2040.699219	66.500000	1069.101562	72.000000	783.000000	312.398438	20.470634	47.755508	-23.793211	-6.137102	5.283982	1.019682	0	0	0	0	0	0
46244177792	-1379.500000	408.300781	1456.398438	502.898438	-347.300781	750.898438	31.880091	32.982914	-39.647991	0.328176	8.338114	5.434727	0	0	0	0	0	0
46681082524	-352.699219	235.800781	164.000000	303.800781	-277.500000	417.199219	23.650377	5.370326	-78.735718	1.217523	-2.296122	2.784796	0	0	0	0	0	0
47062006987	107.398438	485.898438	-531.800781	445.800781	53.101562	479.398438	15.157712	12.359363	-54.783695	1.348832	-4.872504	4.546388	0	0	0	0	0	0
47503086041	-1939.099609	-721.000000	2013.000000	-468.000000	-52.599609	-41.300781	86.363876	48.679092	2.313646	-1.172254	2.128497	-4.230364	0	0	0	0	0	0
47898546115	-2719.400391	772.199219	2262.898438	857.800781	401.601562	1435.699219	97.007393	82.687393	6.722279	-1.688077	2.320025	9.087550	0	0	0	0	0	0
48251480008	1101.398438	166.398438	-750.199219	208.000000	-840.599609	187.500000	11.415127	-15.278181	-92.598106	8.345763	-7.903119	1.885372	0	0	0	0	0	0
48584840720	3974.101562	452.601562	-3333.599609	447.300781	-1881.800781	26.000000	-10.137501	-69.195175	-237.743408	20.090704	-21.678087	2.155848	0	0	0	0	0	0
48925315724	302.500000	-74.699219	1.398438	-36.099609	-1006.099609	-90.000000	-23.043633	-10.462752	-124.548401	4.441726	5.337486	-0.616619	0	0	0	0	0	0
49238354455	847.398438	105.601562	-1533.099609	104.101562	31.898438	-10.000000	-1.952459	-18.010183	-123.282578	0.886106	-10.684744	0.521441	0	0	0	0	0	0
49581130985	400.101562	223.199219	-49.199219	266.601562	-869.500000	275.601562	4.708569	-8.848226	-96.631279	4.758260	0.700198	2.418807	0	0	0	0	0	0
50024873927	807.000000	14.300781	-999.300781	36.300781	-669.599609	-111.500000	-23.362701	-24.372835	-154.569748	3.121475	-2.410739	-0.106755	0	0	0	0	0	0
50447447920	-312.500000	-240.300781	421.699219	-190.900391	283.699219	-159.300781	5.936995	13.201871	73.732475	-1.503032	1.235455	-2.037325	0	0	0	0	0	0
50783128490	106.101562	-251.000000	810.898438	-162.300781	-75.099609	-133.699219	8.671751	1.589811	147.324753	0.956754	2.816682	-1.914870	0	0	0	0	0	0
51124832715	-316.000000	-218.400391	1409.500000	-46.599609	-531.900391	111.398438	29.304243	0.065552	94.688530	1.550236	4.815988	-0.456118	0	0	0	0	0	0
51456910345	2491.199219	603.199219	-1581.300781	697.199219	-2003.599609	294.898438	-31.332369	-88.334755	-201.393646	7.298445	-5.735384	5.141891	0	0	0	0	0	0
51798162315	654.601562	-262.699219	-1536.900391	-295.199219	148.199219	-464.800781	-22.286358	-7.859062	-134.527496	0.388303	-6.904760	-3.598079	0	0	0	0	0	0
52137441133	-1885.699219	-884.300781	184.898438	-1165.199219	1843.800781	-851.400391	11.090097	95.263908	23.078722	-2.815031	-1.164938	-9.183566	0	0	0	0	0	0
52580201507	-12.699219	-436.900391	980.800781	-325.599609	-25.300781	-278.300781	11.876691	1.956530	164.420410	0.535573	3.265446	-3.342716	0	0	0	0	0	0
52982451503	837.601562	163.300781	48.101562	286.800781	-1123.400391	241.500000	4.228617	-32.716751	-45.651970	3.545440	0.060580	2.502176	0	0	0	0	0	0
53391817212	2352.300781	682.199219	-2080.400391	790.300781	-1816.000000	371.898438	-27.746592	-83.980438	-278.729584	6.077450	-8.634906	5.789374	0	0	0	0	0	0
53719951889	1041.898438	66.300781	-1058.699219	147.898438	-841.900391	-56.400391	-13.755911	-43.754070	-154.624878	1.822946	-4.242015	0.406396	0	0	0	0	0	0
54059676487	2299.500000	142.699219	-926.500000	331.199219	-2304.699219	-40.900391	-14.586898	-100.282883	-171.487091	5.944681	-3.028374	1.722754	0	0	0	0	0	0
54400242764	238.398438	483.601562	110.398438	581.398438	-819.400391	629.699219	21.836592	-8.482872	-81.332069	2.395319	-1.608535	4.666504	0	0	0	0	0	0
54724418724	-2035.800781	-810.699219	867.500000	-974.800781	1189.500000	-544.300781	38.201138	100.310760	-1.895041	0.907083	0.607750	-7.517676	0	0	0	0	0	0
55061530290	-2117.300781	-723.099609	3272.699219	-425.199219	-857.699219	149.699219	93.391136	56.122841	53.067390	4.484421	10.921700	-3.565910	0	0	0	0	0	0
55406449427	824.800781	-5.800781	2848.101562	318.601562	-3585.599609	775.898438	83.698151	-62.488255	25.266085	11.048181	9.200934	4.286392	0	0	0	0	0	0
55731452154	3491.601562	653.398438	-194.099609	816.300781	-4292.400391	524.898438	-0.963045	-132.566284	-179.620544	16.227114	0.189299	6.543578	0	0	0	0	0	0
56078891491	3153.000000	655.300781	-2520.099609	728.398438	-2092.900391	176.500000	-35.635761	-101.779724	-261.014801	9.054656	-11.311777	4.526041	0	0	0	0	0	0
56419830599	-205.300781	-552.599609	-1334.199219	-823.900391	1399.000000	-854.300781	-34.730080	52.773651	-30.163019	0.769601	-4.765224	-7.266879	0	0	0	0	0	0
56764558335	-125.199219	-540.800781	598.500000	-562.300781	369.398438	-541.000000	-5.758028	18.135101	143.609268	0.971668	3.456108	-5.186940	0	0	0	0	0	0
57113952632	-56.599609	-410.500000	773.300781	-367.699219	224.699219	-350.800781	2.660766	7.469288	164.494675	0.219301	2.889331	-3.619897	0	0	0	0	0	0
57448625714	1245.101562	172.601562	-961.199219	215.500000	-789.800781	56.898438	-8.950010	-36.284042	-96.806313	4.079332	-5.283015	1.657990	0	0	0	0	0	0
57804603137	1938.398438	299.500000	-1385.199219	362.300781	-1534.599609	52.500000	-21.445456	-67.216690	-170.615616	6.205671	-5.092691	2.351971	0	0	0	0	0	0
58165717409	3877.199219	278.000000	-602.800781	439.000000	-3601.699219	-34.199219	-22.732885	-156.243683	-62.058594	10.732481	-1.238859	2.609051	0	0	0	0	0	0
58541904676	4552.000000	314.000000	-585.500000	463.300781	-4254.099609	-37.099609	-20.878067	-180.367920	-57.697849	12.635412	-1.534919	2.740506	0	0	0	0	0	0
58933474794	1090.300781	-234.800781	413.601562	-22.099609	-1675.500000	-72.599609	20.983274	-52.849930	-35.144791	4.032686	-0.050776	-0.776303	0	0	0	0	0	0
59314145127	-194.300781	14.199219	1092.398438	223.000000	-985.000000	357.101562	42.544086	-18.782827	-15.406723	0.896095	2.405589	1.721564	0	0	0	0	0	0
59713136898	-616.800781	-231.400391	2032.500000	109.601562	-1323.199219	387.699219	73.229553	-14.160389	17.935230	0.910801	4.355554	0.819750	0	0	0	0	0	0
60096226220	-948.300781	-169.000000	2234.101562	167.699219	-1183.599609	507.699219	84.060699	-2.717275	21.581608	0.464872	4.340128	1.385153	0	0	0	0	0	0
60473089631	-1289.000000	-85.699219	2586.300781	298.800781	-1208.199219	734.300781	102.751320	4.772176	20.045088	0.370886	4.108531	2.881317	0	0	0	0	0	0
60871974934	-1402.699219	40.601562	3074.898438	488.800781	-1532.000000	1005.800781	118.968071	-3.265573	35.652302	0.067950	5.217851	4.490154	0	0	0	0	0	0
61297960625	-1424.400391	102.500000	3125.800781	547.300781	-1552.099609	1071.601562	121.774719	-4.304106	35.722099	-0.024277	5.249708	5.095147	0	0	0	0	0	0
61602843144	-198.900391	-51.900391	611.800781	28.101562	-322.800781	87.800781	10.904569	0.401084	16.780798	0.589401	2.339308	0.115032	0	0	0	0	0	0
62025918236	1665.699219	299.500000	-2195.400391	32.000000	605.500000	-419.300781	-99.002159	-24.855675	10.223006	0.793802	-2.276944	-0.296155	0	0	0	0	0	0
62426645603	2145.199219	408.101562	-3056.500000	58.000000	966.601562	-514.199219	-129.612030	-30.078466	6.075420	0.373416	-4.149329	-0.292025	0	0	0	0	0	0
62811053574	913.500000	65.000000	-2585.699219	-375.199219	1722.800781	-690.400391	-101.091156	25.857765	4.147761	-0.161365	-4.928878	-3.585259	0	0	0	0	0	0
63154122576	491.898438	-8.500000	-2483.099609	-505.500000	2033.898438	-731.000000	-90.013924	46.402786	3.414237	-0.391905	-5.630930	-4.322222	0	0	0	0	0	0
63495094374	-579.699219	-349.500000	-1030.000000	-750.900391	1834.300781	-692.800781	-38.630672	73.312561	35.435719	0.066928	-2.844359	-5.794942	0	0	0	0	0	0
63874716916	-1650.900391	-254.300781	720.800781	-461.099609	1263.800781	-130.500000	24.901014	83.466782	58.758053	-0.407238	0.691937	-2.827095	0	0	0	0	0	0
64309526797	-2232.000000	-133.199219	2312.601562	-19.400391	314.398438	490.199219	85.657150	69.283875	76.849922	-0.517028	3.551344	0.656627	0	0	0	0	0	0
64654982310	-1991.500000	108.500000	3166.000000	471.601562	-781.300781	1006.300781	111.649109	29.591032	80.178848	-0.340411	6.431462	4.363492	0	0	0	0	0	0
64988609624	113.199219	441.000000	2381.898438	817.101562	-2193.800781	1109.500000	75.087357	-58.390820	63.626148	1.306233	6.127705	7.461339	0	0	0	0	0	0
65332136195	2536.699219	676.800781	708.898438	919.101562	-3100.800781	763.699219	9.701016	-141.580658	34.187428	3.037271	3.320914	7.789852	0	0	0	0	0	0
65676530978	3740.800781	688.699219	-1014.800781	815.000000	-2750.900391	237.199219	-50.572300	-162.356659	-4.493233	3.779151	-0.792012	5.508433	0	0	0	0	0	0
66039754356	3725.500000	566.398438	-2807.599609	521.500000	-1080.099609	-343.300781	-117.030556	-123.720848	-33.672741	2.597979	-4.070232	2.084631	0	0	0	0	0	0
66383030392	3599.800781	688.699219	-3894.500000	465.500000	26.898438	-442.400391	-151.475327	-95.836990	-50.235771	1.193727	-6.572865	1.760517	0	0	0	0	0	0
66657716395	3512.000000	855.898438	-4379.099609	554.699219	556.601562	-361.000000	-163.646500	-82.482574	-59.649376	0.414339	-8.447365	2.803226	0	0	0	0	0	0
67069796072	2130.601562	656.800781	-4037.199219	204.699219	1639.398438	-385.900391	-143.283157	-12.876696	-52.943459	-0.409630	-8.717774	0.731321	0	0	0	0	0	0
67471946771	55.300781	-308.599609	-711.199219	-417.099609	750.000000	-478.300781	-27.499165	23.843674	5.827056	0.431940	-1.558179	-4.223628	0	0	0	0	0	0
67890324874	1021.199219	-581.300781	-553.900391	-496.400391	-377.099609	-697.699219	-26.393881	-35.195648	0.372327	1.050015	-0.632500	-5.410346	0	0	0	0	0	0
68293583878	1563.601562	-561.800781	-339.699219	-387.099609	-1136.400391	-619.400391	-16.947292	-66.992531	-1.727459	1.728807	-0.393069	-4.815147	0	0	0	0	0	0
68697947527	2139.199219	-297.199219	-471.400391	-102.900391	-1626.599609	-430.400391	-25.255327	-94.478592	-4.114434	2.526400	-0.319419	-2.240348	0	0	0	0	0	0
69071192615	3275.101562	433.300781	-930.900391	611.699219	-2400.199219	85.898438	-42.136047	-147.079437	-18.131620	2.643493	-1.199204	3.759678	0	0	0	0	0	0
69452779584	3998.101562	825.800781	-1329.500000	995.699219	-2809.699219	324.398438	-54.665436	-178.679993	-29.216297	2.642068	-2.304441	6.829753	0	0	0	0	0	0
69853765421	4008.601562	863.898438	-1269.800781	1044.300781	-2858.400391	377.898438	-52.581898	-180.601471	-25.160051	2.501740	-2.155131	7.163976	0	0	0	0	0	0
70236910182	3659.398438	817.000000	-1128.699219	986.800781	-2672.199219	387.199219	-45.108299	-166.659714	-25.894444	2.283601	-2.161559	6.932868	0	0	0	0	0	0
70650718364	3714.898438	872.601562	-1116.900391	1060.699219	-2729.800781	450.300781	-44.687054	-170.728317	-24.150364	2.090113	-2.147152	7.368026	0	0	0	0	0	0
71037701169	3937.601562	968.699219	-1206.400391	1144.800781	-2875.800781	499.601562	-49.518715	-181.231735	-22.298496	2.064016	-2.114391	8.232091	0	0	0	0	0	0
71510898889	481.101562	73.101562	-211.500000	115.699219	-260.300781	45.000000	-10.899969	-11.221858	-6.814932	0.789579	0.137170	0.216795	0	0	0	0	0	0
71906013681	-1715.500000	-247.099609	562.800781	-447.000000	1232.101562	-133.599609	13.743156	85.108932	10.565089	-0.424362	1.801980	-3.051520	0	0	0	0	0	0
72298956593	-2177.099609	-350.300781	727.800781	-667.599609	1580.601562	-239.900391	14.480041	109.170464	24.950956	-0.391507	2.764425	-4.306082	0	0	0	0	0	0
72704871216	-2413.099609	-398.400391	889.800781	-753.699219	1698.398438	-251.099609	21.882267	118.195732	33.420292	-0.632470	2.680031	-4.735393	0	0	0	0	0	0
73103499798	-2487.099609	-436.099609	1153.500000	-745.800781	1556.601562	-228.500000	31.048189	114.079803	43.747215	-0.698331	3.300442	-4.726247	0	0	0	0	0	0
73515484578	-2427.699219	-225.599609	1921.699219	-306.699219	852.398438	217.101562	59.305069	89.719986	66.662628	-0.806536	4.544864	-1.388004	0	0	0	0	0	0
73932935558	-1657.599609	-235.400391	2046.199219	-69.900391	-69.800781	321.800781	64.947350	47.111343	53.034763	0.518869	5.070266	-0.418559	0	0	0	0	0	0
74346373192	-1023.800781	-243.500000	2138.898438	30.101562	-855.199219	381.000000	67.724808	13.068521	42.528934	1.719981	5.754005	0.226474	0	0	0	0	0	0
74737054722	1458.601562	51.699219	1126.000000	332.500000	-2464.000000	343.898438	25.259581	-89.861130	20.701725	3.897999	4.393533	2.645159	0	0	0	0	0	0
75128623841	3323.800781	530.800781	-393.000000	723.800781	-3050.800781	306.000000	-26.587736	-153.896973	-22.872412	4.711980	0.829290	5.212217	0	0	0	0	0	0
75510292470	3972.300781	820.300781	-1007.800781	984.300781	-3194.699219	393.300781	-47.030891	-177.160507	-38.728592	4.410587	-0.681021	7.024968	0	0	0	0	0	0
75912401486	3932.601562	1192.199219	-2511.199219	1246.300781	-1814.199219	389.898438	-97.605843	-150.506897	-68.235641	2.156368	-4.309463	8.261953	0	0	0	0	0	0
76347787426	854.800781	249.601562	-2010.900391	23.000000	888.699219	-251.900391	-68.462494	1.380159	-54.538624	-0.699634	-4.393483	-0.680643	0	0	0	0	0	0
76724001795	-996.699219	-483.900391	-630.000000	-808.400391	1657.101562	-678.000000	-26.657133	76.526794	-3.058591	-0.645513	-1.253425	-6.595956	0	0	0	0	0	0
77123621326	-1863.400391	-566.199219	127.000000	-999.000000	1935.000000	-640.199219	-5.670203	110.881088	31.944979	-0.534002	0.953379	-7.094938	0	0	0	0	0	0
77510251344	-2264.099609	-484.400391	647.398438	-910.099609	1881.601562	-431.699219	9.894544	120.144379	49.793541	-0.449314	2.449006	-6.039154	0	0	0	0	0	0
77887699509	-2282.400391	-343.199219	1055.000000	-682.000000	1569.500000	-191.199219	21.808420	109.955559	61.689735	-0.529975	3.471939	-4.058809	0	0	0	0	0	0
78277068987	-2437.599609	-309.400391	1518.000000	-548.300781	1288.898438	-41.599609	39.930626	105.521805	71.494453	-0.491438	4.445028	-3.185584	0	0	0	0	0	0
78646897546	-2099.400391	-208.699219	2064.000000	-158.699219	408.898438	288.199219	62.307724	71.049797	69.687576	0.190456	5.263246	-0.595414	0	0	0	0	0	0
79040039162	753.300781	190.699219	1501.398438	509.699219	-1900.199219	617.898438	40.749443	-66.322800	67.806534	1.583025	4.529836	4.316688	0	0	0	0	0	0
79417976672	3249.300781	579.000000	-89.900391	807.199219	-3099.099609	437.699219	-15.301579	-161.657089	9.525469	3.109643	0.935985	6.179010	0	0	0	0	0	0
79817450453	2048.699219	473.699219	-227.900391	635.199219	-1905.199219	366.898438	-11.433973	-94.638687	-16.279894	2.041270	0.203339	4.223329	0	0	0	0	0	0
80220967262	16.601562	11.601562	14.601562	55.699219	-7.400391	33.800781	-1.134157	1.786339	0.862569	0.113300	0.101410	0.012851	0	0	0	0	0	0
80604843129	12.800781	16.000000	17.800781	45.800781	-8.800781	34.500000	-1.294080	2.018069	1.137094	0.103845	0.097836	0.005579	0	0	0	0	0	0
81003797774	11.300781	8.000000	17.101562	42.500000	-2.599609	34.300781	-1.251216	2.105740	1.016178	0.102481	0.100854	0.003390	0	0	0	0	0	0
81376013717	17.101562	14.398438	14.300781	41.898438	4.800781	43.699219	-1.169831	2.151245	1.092897	0.100047	0.095246	0.000420	0	0	0	0	0	0
81808971310	11.398438	12.601562	17.500000	38.800781	-3.699219	41.000000	-1.127088	2.183178	0.281870	0.104207	0.095010	0.007378	0	0	0	0	0	0
82217639139	14.800781	14.699219	14.101562	39.800781	-6.599609	42.300781	-1.175382	2.084843	2.212303	0.100193	0.095476	-0.007105	0	0	0	0	0	0
82617403826	8.898438	16.398438	16.398438	41.800781	5.300781	45.000000	-1.314871	2.134420	1.472515	0.103302	0.095816	-0.004433	0	0	0	0	0	0
83015364735	10.101562	16.199219	16.601562	39.898438	-4.099609	41.800781	-1.205026	2.137770	1.289961	0.104618	0.100060	0.003246	0	0	0	0	0	0
83371469997	13.300781	17.601562	19.199219	40.300781	2.300781	41.601562	-1.209652	2.063642	1.250084	0.100811	0.098380	0.002305	0	0	0	0	0	0
83795031058	15.000000	18.000000	12.101562	44.101562	-1.500000	38.199219	-1.319278	1.959239	1.090107	0.100796	0.095246	0.001289	0	0	0	0	0	0
