1124165	1.300781	1.699219	-1.000000	0.000000	0.898438	-11.099609	0.047308	-0.225553	0.606514	0.000975	0.000412	-0.006231	0	0	0	0	0	0
293504399	-0.099609	-4.000000	-4.500000	-1.800781	0.800781	-9.300781	0.048127	-0.084574	0.925212	0.004589	0.001638	-0.004482	0	0	0	0	0	0
651879573	0.000000	3.800781	4.800781	5.898438	-3.300781	-4.500000	0.112706	-0.121619	0.803855	0.004273	0.001265	-0.005580	0	0	0	0	0	0
979029811	-1.900391	0.699219	3.000000	8.199219	-2.400391	-6.800781	0.031078	-0.040288	0.724525	0.004251	0.001474	-0.007191	0	0	0	0	0	0
1382864292	-3.000000	4.398438	1.699219	5.500000	-2.199219	-19.599609	0.207116	-0.036778	0.960620	0.002849	0.004555	-0.006236	0	0	0	0	0	0
1791796516	-0.199219	7.601562	5.898438	9.000000	6.398438	-5.599609	0.164210	-0.088015	0.882496	0.000540	0.002389	-0.006751	0	0	0	0	0	0
2216507182	-5.199219	6.000000	-4.599609	9.601562	0.199219	-8.400391	0.314457	-0.401046	1.983339	-0.053920	-0.036236	-0.009394	0	0	0	0	0	0
2634783518	-5.800781	9.101562	5.500000	5.199219	2.199219	-10.900391	-0.053224	-0.125211	0.820190	0.000386	-0.000993	-0.017977	0	0	0	0	0	0
2997783924	324.398438	82.000000	-104.099609	106.601562	-270.599609	49.699219	-2.432081	-16.329615	-6.524690	0.360871	-0.460760	0.983062	0	0	0	0	0	0
3429700718	-601.300781	-117.500000	342.898438	-116.400391	254.101562	-20.300781	18.112072	25.398073	0.710679	-0.018650	0.004422	-1.057688	0	0	0	0	0	0
3859953427	355.199219	1442.500000	-186.699219	1451.199219	-450.400391	1443.898438	12.849845	-24.619303	-34.326607	-0.080095	-3.223670	13.488400	0	0	0	0	0	0
4227634677	333.300781	-262.699219	155.398438	-176.900391	-616.800781	-207.800781	7.457286	-16.536594	-26.163721	1.704382	0.359622	-2.173679	0	0	0	0	0	0
4567120449	-1149.800781	-194.099609	782.601562	-224.900391	522.199219	-37.500000	27.334280	46.516125	29.230692	-0.134299	1.508999	-1.612470	0	0	0	0	0	0
4913153597	-259.199219	153.300781	835.699219	202.699219	-354.000000	327.898438	21.446972	10.932166	40.646786	2.936013	2.731378	2.147625	0	0	0	0	0	0
5263909479	1114.800781	727.300781	-143.900391	809.398438	-1360.500000	708.699219	3.969482	-50.586548	-61.121876	3.633928	-1.013884	7.314945	0	0	0	0	0	0
5600518922	1573.500000	635.500000	-818.599609	743.000000	-1328.800781	489.601562	-6.482574	-75.767700	-98.819199	1.297470	-4.410692	5.986659	0	0	0	0	0	0
5943048010	-222.599609	-550.500000	-23.199219	-528.800781	-10.800781	-513.699219	5.708978	9.816876	-50.896717	0.452839	-0.402506	-5.170626	0	0	0	0	0	0
6284932286	-750.699219	-857.300781	421.699219	-827.699219	219.898438	-743.500000	14.107047	29.568848	-27.772451	0.393817	1.504696	-7.749002	0	0	0	0	0	0
6626373086	-227.400391	208.898438	497.699219	279.000000	-417.800781	370.699219	25.608660	-1.383679	-21.492939	0.938714	0.199424	2.895398	0	0	0	0	0	0
6966704569	620.000000	1185.300781	2.800781	1260.601562	-911.400391	1238.898438	16.818323	-38.806541	-39.022362	0.967085	-2.183578	11.733435	0	0	0	0	0	0
7293645694	1209.800781	1152.898438	-392.199219	1234.898438	-1184.099609	1095.101562	3.107223	-61.931305	-53.925304	1.309401	-3.094933	10.951665	0	0	0	0	0	0
7655022369	14.601562	-361.800781	-99.000000	-317.599609	-161.400391	-338.599609	4.729075	-1.641568	-47.280167	0.454000	-0.909901	-3.490570	0	0	0	0	0	0
7971208042	-236.000000	-101.599609	424.101562	-117.099609	42.800781	-72.699219	4.366542	15.175696	43.689274	1.425441	2.047217	-1.017765	0	0	0	0	0	0
8381446234	75.699219	-72.800781	627.199219	-71.500000	-118.699219	-42.000000	3.854392	5.791987	106.421036	2.469569	2.906041	-0.656603	0	0	0	0	0	0
8788497331	184.199219	-150.199219	781.199219	-49.800781	-818.300781	2.398438	13.953477	-12.605071	18.524405	2.473356	2.424258	-0.230764	0	0	0	0	0	0
9217083198	1300.898438	274.500000	-941.599609	327.800781	-1099.000000	104.601562	-15.862870	-50.510612	-129.150467	3.275135	-3.250959	2.367350	0	0	0	0	0	0
9607535830	-198.599609	-732.800781	-148.099609	-753.000000	-53.400391	-730.099609	-3.291140	19.972561	-79.007019	2.607185	0.529034	-7.045517	0	0	0	0	0	0
10034068830	-548.300781	-686.500000	235.601562	-677.099609	100.800781	-582.599609	12.460946	21.585144	-40.866890	1.299270	0.827760	-5.622870	0	0	0	0	0	0
10454583769	1756.101562	-85.800781	-287.699219	37.699219	-1648.300781	-182.400391	-5.481894	-82.028366	-33.687740	3.653881	-0.390278	-0.239394	0	0	0	0	0	0
10872775792	3204.898438	7.500000	-407.500000	166.800781	-2918.300781	-233.199219	-12.370342	-141.670059	-24.438976	7.033660	-0.469055	0.656569	0	0	0	0	0	0
11288356873	3607.199219	41.101562	-546.699219	207.000000	-3233.900391	-260.599609	-18.536512	-157.748810	-33.315945	7.800028	-0.662597	0.675781	0	0	0	0	0	0
11698941483	2186.500000	-278.500000	-324.099609	-132.300781	-1962.400391	-418.199219	-6.788278	-94.698822	-23.385725	4.412798	-0.518271	-2.230107	0	0	0	0	0	0
12107647024	-246.599609	79.699219	152.800781	60.398438	32.000000	99.800781	8.518612	5.402410	-6.743071	0.125819	0.373872	0.986567	0	0	0	0	0	0
12517232079	-1660.000000	-0.900391	885.699219	-172.199219	815.601562	131.699219	25.632168	75.268509	17.947111	1.619992	3.182415	-0.195106	0	0	0	0	0	0
12888302611	-1813.000000	168.601562	1170.898438	1.398438	705.199219	368.601562	32.079449	79.880806	22.110834	2.507920	4.364817	1.319221	0	0	0	0	0	0
13207836253	-764.599609	327.601562	1679.800781	469.000000	-881.599609	751.101562	52.953049	11.140914	14.090620	3.612338	5.780064	4.733042	0	0	0	0	0	0
13638840295	814.500000	548.199219	1428.300781	778.199219	-2376.900391	904.300781	43.078850	-66.388962	-13.756378	5.153297	5.585134	7.347878	0	0	0	0	0	0
14060930046	1991.800781	454.699219	-241.099609	600.300781	-2345.300781	353.601562	-3.870709	-99.129662	-101.003197	5.231275	0.646121	4.860256	0	0	0	0	0	0
14462315100	1887.199219	618.101562	-1658.500000	622.898438	-1098.900391	217.800781	-38.342655	-75.709251	-151.314178	2.800003	-4.467664	4.622371	0	0	0	0	0	0
14877691237	735.898438	68.800781	-787.000000	7.898438	-254.699219	-147.900391	-18.214060	-19.647560	-50.673870	2.142454	-1.750410	-0.373951	0	0	0	0	0	0
15309643856	119.500000	30.199219	199.601562	-37.300781	126.101562	-37.800781	-4.162800	7.165592	81.568359	2.165660	1.567222	-0.279408	0	0	0	0	0	0
15610365219	470.500000	15.601562	242.199219	-29.599609	-43.699219	-67.699219	-6.165783	-7.213901	119.163269	2.550176	1.642670	-0.287730	0	0	0	0	0	0
16006479393	1073.601562	135.300781	-288.800781	182.800781	-1194.300781	59.398438	-6.244890	-45.091053	-75.677452	4.514708	0.266205	1.493498	0	0	0	0	0	0
16446711689	2159.101562	400.898438	-280.599609	532.101562	-2331.699219	242.101562	-7.597104	-106.700394	-78.461548	5.113732	0.414854	4.269327	0	0	0	0	0	0
16761515685	3002.500000	480.398438	-436.300781	610.101562	-2800.000000	205.800781	-18.862640	-137.928513	-41.365902	6.067414	0.455255	4.707220	0	0	0	0	0	0
17181329900	3537.398438	490.500000	-605.400391	625.398438	-3136.800781	137.398438	-25.027544	-160.178177	-35.504734	6.562391	-0.110103	4.614833	0	0	0	0	0	0
17590757077	-132.300781	-209.099609	343.898438	-200.699219	-315.400391	-124.400391	14.468519	10.416251	-18.508408	3.362185	1.331917	-1.580153	0	0	0	0	0	0
17939300443	-873.400391	-135.000000	581.898438	-214.000000	226.000000	-28.300781	16.376652	47.746548	-7.401757	3.760918	2.661395	-1.348837	0	0	0	0	0	0
18267265368	-933.699219	25.398438	612.601562	-61.699219	215.000000	134.300781	15.351097	48.266041	-14.395385	3.771090	3.191450	0.262553	0	0	0	0	0	0
18567308279	369.398438	662.101562	165.199219	670.199219	-808.400391	680.601562	5.415536	-19.604244	-41.619297	3.408141	1.723401	6.561819	0	0	0	0	0	0
18928410503	1047.398438	1273.601562	115.699219	1344.199219	-1536.099609	1267.300781	5.331514	-57.939854	-52.518925	3.330630	1.238178	12.394419	0	0	0	0	0	0
19309295314	1477.000000	1666.500000	-354.900391	1703.000000	-1659.099609	1528.699219	-9.056073	-74.313805	-76.714508	2.956877	-0.241717	15.285399	0	0	0	0	0	0
19709951368	1658.101562	943.800781	-893.800781	969.300781	-1009.500000	670.699219	-25.496698	-74.255516	-32.887772	0.419981	-2.712391	8.090895	0	0	0	0	0	0
20084540379	85.000000	23.199219	346.398438	92.000000	-442.400391	91.500000	14.117869	-13.825955	-0.688013	0.524571	0.737429	0.715337	0	0	0	0	0	0
20471891693	-388.199219	110.500000	1821.000000	423.000000	-1412.300781	683.601562	78.407150	-27.696367	10.382091	0.489563	2.101738	3.765656	0	0	0	0	0	0
20897158386	-697.000000	194.898438	2381.800781	570.000000	-1598.400391	934.898438	99.482216	-26.656197	25.396904	0.150255	3.161001	5.273092	0	0	0	0	0	0
21299336361	-556.400391	161.000000	1933.101562	461.500000	-1308.300781	745.800781	75.832283	-20.716589	20.786974	0.405727	3.177269	4.169769	0	0	0	0	0	0
21693323552	465.000000	169.500000	-695.000000	36.000000	282.101562	-118.000000	-42.143337	-2.813115	16.196186	0.599235	0.836069	0.174222	0	0	0	0	0	0
22101564488	1222.398438	258.699219	-2058.000000	-46.500000	856.898438	-431.300781	-93.498817	-9.970572	8.631933	0.213012	-1.693978	-0.648879	0	0	0	0	0	0
22534627581	1721.898438	389.300781	-2728.300781	18.500000	986.898438	-474.599609	-116.323654	-21.956856	1.431036	-0.015458	-3.284109	-0.187114	0	0	0	0	0	0
22848123627	1588.000000	191.101562	-2654.599609	-173.900391	1078.000000	-644.500000	-109.465523	-14.136058	1.329036	-0.134084	-3.419065	-2.201354	0	0	0	0	0	0
23286248544	555.800781	-160.400391	-1228.900391	-338.500000	690.199219	-560.000000	-50.559792	1.863292	-0.022613	-0.136061	-1.685578	-3.437474	0	0	0	0	0	0
23724821344	-584.400391	2.800781	-220.699219	-144.800781	757.398438	-114.500000	-6.934862	32.098248	-5.953425	-1.034171	-0.411647	-0.846714	0	0	0	0	0	0
24109285869	-806.699219	-289.699219	283.898438	-341.099609	550.699219	-242.000000	11.615093	35.965786	4.374461	-0.421555	0.398931	-2.948343	0	0	0	0	0	0
24502609641	-1657.400391	-190.300781	648.000000	-391.900391	1074.398438	-119.099609	17.771526	79.231125	15.125909	0.297851	2.198161	-2.406406	0	0	0	0	0	0
24910357560	-2000.400391	-172.400391	856.500000	-442.300781	1233.800781	-64.900391	23.238115	95.569862	22.556086	0.638026	2.945325	-2.345230	0	0	0	0	0	0
25325937609	-1792.000000	-48.800781	725.500000	-281.300781	1107.601562	43.601562	20.517107	80.728432	13.161913	0.024422	2.232011	-1.033616	0	0	0	0	0	0
25735610674	334.300781	-84.199219	-51.900391	-49.000000	-295.599609	-107.099609	-2.890546	-16.761644	-2.027710	0.565560	0.054150	-0.631790	0	0	0	0	0	0
26129066186	1760.000000	40.199219	-322.199219	172.000000	-1484.900391	-83.000000	-13.926037	-84.340187	-9.502884	1.943161	-0.379407	0.936811	0	0	0	0	0	0
26537043850	2802.199219	160.898438	-448.900391	340.601562	-2441.800781	-58.500000	-21.626488	-132.779984	-16.535776	3.523511	-0.306800	2.014300	0	0	0	0	0	0
26936663786	3318.601562	180.000000	-569.500000	365.800781	-2865.500000	-111.500000	-27.007839	-155.890610	-20.375885	4.074473	-0.485343	2.044158	0	0	0	0	0	0
27367944056	3760.699219	221.300781	-635.800781	417.300781	-3248.800781	-120.199219	-29.602604	-176.653381	-22.766199	4.533217	-0.652807	2.356846	0	0	0	0	0	0
27784025655	4019.398438	182.398438	-689.800781	383.800781	-3456.500000	-192.400391	-32.909252	-187.357956	-23.839767	5.010788	-0.638801	1.949159	0	0	0	0	0	0
28175330843	4307.300781	213.800781	-708.900391	421.000000	-3725.199219	-201.599609	-34.024288	-200.494476	-23.703119	5.390137	-0.694126	2.227877	0	0	0	0	0	0
28572576287	4168.898438	186.898438	-681.900391	392.398438	-3595.599609	-197.000000	-32.781246	-193.594864	-25.619532	5.271635	-0.635519	1.896524	0	0	0	0	0	0
28985321959	2622.500000	124.500000	-413.900391	279.898438	-2281.800781	-98.900391	-19.258524	-116.046982	-14.958975	3.516736	-0.157314	1.305446	0	0	0	0	0	0
29413078027	-319.900391	-75.800781	339.101562	-57.599609	16.601562	-12.800781	11.671020	9.743631	6.996119	0.209194	0.862261	-0.607089	0	0	0	0	0	0
29809547172	-1632.800781	95.000000	709.300781	-95.400391	974.300781	183.699219	20.395000	77.159882	16.991741	0.507027	2.312019	0.168219	0	0	0	0	0	0
30222922430	-2069.500000	103.398438	799.300781	-209.300781	1354.000000	176.898438	22.172762	101.741974	26.007856	0.655792	2.546831	-0.162302	0	0	0	0	0	0
30640055136	-2207.300781	28.300781	910.199219	-307.400391	1402.300781	124.898438	25.776371	108.935646	30.536221	0.874677	2.832743	-0.907613	0	0	0	0	0	0
31051806943	-1889.599609	-227.599609	749.601562	-509.300781	1279.199219	-156.099609	18.700628	92.868576	30.633692	0.632461	2.552397	-3.142197	0	0	0	0	0	0
31484017882	-278.500000	300.199219	87.300781	272.300781	174.199219	297.398438	4.646635	10.539796	2.511895	-0.257618	-0.127606	2.950096	0	0	0	0	0	0
31894645159	311.199219	1093.101562	-267.900391	1071.601562	-233.500000	1024.601562	0.148930	-22.721922	-18.686855	-1.075031	-1.789025	10.006607	0	0	0	0	0	0
32303321918	637.898438	1354.199219	-440.900391	1361.101562	-457.099609	1249.500000	-3.761775	-38.825657	-28.091019	-1.231474	-2.493198	12.364380	0	0	0	0	0	0
32710997182	975.300781	1613.601562	-558.099609	1624.500000	-701.500000	1470.601562	-7.485847	-55.096096	-31.783716	-1.175036	-2.820047	14.667356	0	0	0	0	0	0
33116098040	250.601562	33.000000	26.101562	51.000000	-272.699219	2.601562	-3.216503	-12.504897	4.679037	0.585334	0.574949	0.118079	0	0	0	0	0	0
33546595799	971.000000	73.199219	-128.000000	167.398438	-886.900391	24.500000	-5.796886	-51.547966	-8.467216	0.995058	-0.244524	1.000518	0	0	0	0	0	0
33941198696	2659.300781	110.601562	-378.800781	302.199219	-2387.900391	-89.500000	-19.295547	-129.457397	-18.963543	2.944619	-0.246373	1.616391	0	0	0	0	0	0
34341271188	3234.101562	160.800781	-452.599609	364.300781	-2887.099609	-103.699219	-22.477171	-157.348358	-20.796740	3.388193	-0.424101	1.976614	0	0	0	0	0	0
34758618081	3404.398438	173.000000	-467.099609	376.101562	-3043.400391	-110.699219	-23.353737	-165.391586	-20.901964	3.539595	-0.474334	2.065341	0	0	0	0	0	0
35188541414	3538.500000	197.601562	-544.000000	410.300781	-3101.699219	-116.099609	-26.353292	-171.292664	-23.431393	3.552959	-0.628688	2.199055	0	0	0	0	0	0
35517748834	3468.398438	204.800781	-507.400391	414.101562	-3078.099609	-78.900391	-24.064608	-169.314163	-22.706860	3.400337	-0.676585	2.288414	0	0	0	0	0	0
35870352401	3530.300781	200.300781	-493.099609	415.398438	-3150.599609	-73.900391	-23.813707	-172.698792	-22.953300	3.548754	-0.585275	2.217812	0	0	0	0	0	0
36229430316	3434.398438	188.699219	-468.199219	416.101562	-3076.000000	-85.199219	-22.486221	-168.287750	-22.736578	3.466956	-0.570195	2.135977	0	0	0	0	0	0
36572011055	3337.000000	170.199219	-453.000000	383.898438	-2991.300781	-96.500000	-21.511017	-163.288559	-22.201851	3.297627	-0.627107	2.004986	0	0	0	0	0	0
37004124003	3306.800781	179.898438	-439.400391	394.101562	-2985.800781	-88.699219	-20.745880	-162.588776	-22.054111	3.261014	-0.611168	2.073254	0	0	0	0	0	0
37482477016	3445.898438	206.199219	-463.300781	420.500000	-3103.199219	-79.300781	-21.972446	-169.174286	-22.329298	3.394717	-0.634971	2.275997	0	0	0	0	0	0
37954376819	3420.898438	198.601562	-449.699219	419.898438	-3088.699219	-58.900391	-21.359980	-167.748840	-21.504385	3.383340	-0.641262	2.151207	0	0	0	0	0	0
38390019532	3519.699219	204.601562	-477.099609	430.000000	-3149.500000	-72.900391	-22.721451	-171.952774	-22.121119	3.437369	-0.711329	2.259571	0	0	0	0	0	0
38737631530	3516.101562	235.800781	-508.900391	453.898438	-3125.500000	-49.099609	-23.465244	-172.279037	-21.589943	3.372487	-0.771424	2.516512	0	0	0	0	0	0
39073426930	3533.898438	237.000000	-516.099609	453.199219	-3121.400391	-67.500000	-23.383615	-172.742020	-21.221539	3.310580	-0.862232	2.491344	0	0	0	0	0	0
39420120229	3427.500000	217.601562	-498.699219	448.000000	-3043.000000	-50.500000	-22.974667	-167.844452	-21.947723	3.257415	-0.793867	2.332607	0	0	0	0	0	0
39752131583	3485.398438	212.898438	-498.300781	430.500000	-3094.199219	-76.699219	-22.933468	-170.544098	-21.376265	3.318053	-0.805003	2.253759	0	0	0	0	0	0
40151803591	1991.000000	191.000000	-307.699219	334.898438	-1723.400391	35.000000	-13.393613	-88.318329	-10.816007	1.841735	-0.285016	1.819774	0	0	0	0	0	0
40577466841	-141.000000	-11.300781	118.898438	-14.300781	49.398438	-14.400391	2.371684	6.229796	7.126916	0.244095	0.504834	-0.351718	0	0	0	0	0	0
41008084061	-1296.199219	90.199219	759.898438	-43.199219	662.898438	179.800781	14.654473	62.666496	28.998585	1.405290	3.322479	0.413791	0	0	0	0	0	0
41383078066	-1523.500000	113.800781	858.199219	-65.900391	811.699219	204.000000	16.160473	74.396133	34.037682	1.637560	3.836025	0.439208	0	0	0	0	0	0
41782796455	-1557.900391	45.000000	905.000000	-138.099609	805.601562	142.800781	16.970552	76.097565	36.432545	1.772254	4.049618	-0.208167	0	0	0	0	0	0
42246338969	-1526.000000	32.199219	883.601562	-144.000000	794.800781	125.300781	16.295347	74.699638	34.726776	1.777842	3.952348	-0.218404	0	0	0	0	0	0
42700060782	-1497.199219	-54.800781	897.101562	-216.400391	758.601562	56.000000	16.203062	74.513268	36.359367	1.999665	4.174718	-0.892629	0	0	0	0	0	0
43116730667	-1465.400391	-73.000000	886.300781	-237.199219	749.300781	32.199219	15.497216	72.644890	33.977356	2.039073	4.119348	-1.091172	0	0	0	0	0	0
43582096728	-1439.300781	-93.900391	850.898438	-265.000000	739.898438	3.000000	14.529766	72.392410	33.959930	2.070462	4.065187	-1.238995	0	0	0	0	0	0
44012633933	-1440.599609	-84.900391	834.601562	-261.300781	773.000000	6.898438	13.690583	72.709030	34.942059	2.020911	4.041182	-1.178964	0	0	0	0	0	0
44453384847	-1382.900391	-106.500000	803.601562	-279.699219	745.000000	-19.400391	12.177280	70.574265	35.754951	2.067612	4.045797	-1.338554	0	0	0	0	0	0
44824636054	-1392.099609	-129.900391	826.601562	-291.500000	736.601562	-37.300781	13.569033	70.355980	36.416573	2.043257	4.082873	-1.456354	0	0	0	0	0	0
45210261453	-1355.099609	-121.199219	797.199219	-283.599609	726.101562	-35.300781	12.986795	68.666008	34.507980	2.018596	3.878582	-1.356908	0	0	0	0	0	0
45608467338	-1344.300781	-125.000000	771.000000	-295.699219	725.699219	-50.000000	12.559827	68.687958	32.567425	1.995230	3.782066	-1.375297	0	0	0	0	0	0
46019101022	-1344.900391	-137.400391	774.101562	-299.099609	733.398438	-49.599609	12.852000	68.616074	35.105316	1.947117	3.752797	-1.522835	0	0	0	0	0	0
46455244156	-1348.199219	-134.000000	759.300781	-300.900391	749.898438	-52.599609	12.947304	68.343391	33.032967	1.852297	3.615487	-1.486035	0	0	0	0	0	0
46882058060	-1297.599609	-142.599609	726.300781	-303.800781	726.898438	-63.400391	12.113744	66.772827	32.547722	1.903685	3.550425	-1.471896	0	0	0	0	0	0
47305188431	-1305.300781	-148.400391	711.199219	-300.000000	729.398438	-73.099609	12.174125	66.078476	31.129351	1.787337	3.445781	-1.593407	0	0	0	0	0	0
47721055473	-173.099609	-42.500000	202.101562	-38.800781	1.699219	-15.300781	3.246548	5.780518	8.885167	0.559865	0.865360	-0.400485	0	0	0	0	0	0
48140314048	1404.199219	-18.099609	-65.300781	123.500000	-1362.199219	-57.900391	-5.872423	-71.788170	-4.025742	1.886432	0.361105	0.579158	0	0	0	0	0	0
48545081848	1671.898438	-294.500000	-205.400391	-142.400391	-1488.500000	-382.699219	-10.643312	-77.514198	-7.196899	2.118368	-0.086239	-2.251925	0	0	0	0	0	0
48958600854	536.101562	458.101562	-157.699219	524.800781	-542.900391	460.300781	9.154374	-34.018856	-22.118008	-0.130037	-2.316669	4.810043	0	0	0	0	0	0
49377477388	216.101562	181.000000	-127.900391	218.898438	-186.599609	170.199219	6.011248	-14.126388	-15.405951	-0.584014	-1.697337	1.756261	0	0	0	0	0	0
49772239979	-825.699219	467.500000	214.898438	317.898438	427.699219	445.800781	-0.033274	43.571438	-23.331972	1.698351	2.129295	3.561674	0	0	0	0	0	0
50214428955	1506.199219	61.199219	-1579.000000	19.601562	-620.500000	-83.300781	3.866971	-18.629604	-129.214432	9.073286	-11.995860	0.238688	0	0	0	0	0	0
50546480220	148.500000	-93.300781	416.601562	-76.800781	-1023.900391	-32.400391	-7.487491	-2.167270	-81.461349	6.562230	6.188965	-0.620682	0	0	0	0	0	0
50972605674	782.199219	-82.500000	115.199219	-65.199219	-1413.400391	-80.900391	-6.331282	-15.939724	-91.370331	8.511490	3.023857	-0.374464	0	0	0	0	0	0
51372457570	2638.800781	365.699219	-1995.500000	338.500000	-1441.599609	88.300781	-0.895857	-51.423119	-151.589554	13.306498	-14.309446	2.520429	0	0	0	0	0	0
51759484108	-1483.400391	315.000000	390.601562	139.300781	801.199219	368.699219	14.279291	61.611828	-42.980694	-0.216114	1.587151	2.494235	0	0	0	0	0	0
52170606137	-1339.400391	-509.400391	1301.800781	-369.599609	40.101562	-123.699219	58.175610	29.572622	-2.377002	-1.399629	1.196357	-3.500489	0	0	0	0	0	0
52605754991	-652.699219	12.800781	706.000000	75.000000	-490.300781	167.000000	10.863507	6.214526	-73.021904	0.772601	5.407999	0.674160	0	0	0	0	0	0
53021110211	-544.000000	-119.900391	-110.500000	-72.599609	146.898438	-57.500000	9.453630	-2.201944	-87.923553	-3.876772	-1.330036	-0.827841	0	0	0	0	0	0
53423106750	-132.800781	269.398438	-1079.699219	256.800781	598.601562	177.398438	5.306469	-10.874557	-103.436607	-6.079624	-7.671365	1.924053	0	0	0	0	0	0
53823335993	-744.500000	-187.500000	556.300781	-70.800781	-371.800781	-110.099609	-7.649500	-22.732979	-96.658882	-5.358446	7.407635	-1.219949	0	0	0	0	0	0
54215900054	836.898438	209.101562	-1408.000000	198.800781	-121.199219	73.898438	3.786038	-25.606005	-123.133369	0.752850	-10.212843	1.587066	0	0	0	0	0	0
54661257696	-1078.500000	283.000000	222.898438	166.800781	633.199219	338.101562	13.405617	49.161274	-32.348736	-0.229374	0.566069	2.228449	0	0	0	0	0	0
55068046907	-1944.599609	390.800781	577.300781	153.601562	1164.601562	477.800781	23.363882	82.638130	-21.415720	-1.005343	1.246099	2.873435	0	0	0	0	0	0
55492464638	-2005.900391	372.601562	568.000000	93.898438	1294.699219	455.398438	24.346336	86.135284	-11.831421	-1.392509	0.836455	2.543482	0	0	0	0	0	0
55908592243	-54.400391	2.601562	27.000000	15.000000	-30.699219	-4.599609	1.954246	-0.677819	-5.857642	0.051882	0.049816	-0.014705	0	0	0	0	0	0
56362421199	-76.199219	46.699219	110.800781	59.898438	-178.199219	63.000000	2.090515	-0.978768	-23.447887	0.827455	0.959755	0.626403	0	0	0	0	0	0
56799088043	1467.601562	33.800781	-1271.099609	20.199219	-1125.500000	-75.500000	-0.115697	-22.975508	-172.196304	10.192803	-7.983827	0.365681	0	0	0	0	0	0
57252552125	1347.800781	93.199219	-1178.199219	74.699219	-1073.599609	-6.900391	4.256147	-18.288166	-163.986969	10.188690	-8.058621	0.831967	0	0	0	0	0	0
57622699667	860.500000	74.601562	-882.900391	31.000000	-465.699219	23.500000	13.505204	-6.932903	-82.171989	6.060156	-7.715498	0.468958	0	0	0	0	0	0
58026569457	-174.699219	-139.800781	185.699219	-133.300781	-104.400391	-129.699219	3.445169	3.879845	-16.309931	0.506489	1.299764	-1.526268	0	0	0	0	0	0
58498115432	791.199219	48.699219	-937.900391	80.800781	-798.599609	-68.800781	-12.976113	-33.490982	-170.657761	2.458921	-2.993294	0.359581	0	0	0	0	0	0
58871730447	737.199219	56.800781	-938.699219	72.300781	-738.599609	-72.199219	-13.361008	-30.228251	-168.348770	2.325216	-2.922021	0.303046	0	0	0	0	0	0
59262240953	614.601562	2.000000	-830.099609	29.898438	-722.699219	-93.500000	-10.003335	-27.519699	-167.840515	2.161932	-2.589264	-0.021382	0	0	0	0	0	0
59603797247	558.800781	9.000000	-844.300781	35.398438	-630.000000	-87.099609	-9.193250	-25.156727	-163.398636	1.697597	-2.924818	-0.017202	0	0	0	0	0	0
59954374661	582.601562	-9.900391	-874.400391	16.101562	-660.800781	-109.900391	-9.079269	-27.104406	-170.974045	1.750804	-3.086190	-0.163889	0	0	0	0	0	0
60291572140	503.199219	-15.800781	-973.500000	12.898438	-495.300781	-114.400391	-7.652728	-25.962976	-170.433350	0.746530	-3.982153	-0.242310	0	0	0	0	0	0
60639426146	517.300781	-17.199219	-913.699219	2.699219	-532.099609	-110.000000	-7.312036	-26.446491	-167.902878	0.957219	-3.721145	-0.334298	0	0	0	0	0	0
61069702541	485.101562	-8.199219	-940.199219	7.199219	-485.400391	-118.599609	-7.334777	-25.038881	-167.087585	0.760804	-3.888462	-0.225553	0	0	0	0	0	0
61524064418	479.300781	-21.000000	-927.199219	11.898438	-484.400391	-104.099609	-6.566612	-24.845993	-165.656250	0.684732	-3.875975	-0.291753	0	0	0	0	0	0
61982000721	83.500000	-22.900391	-359.599609	-19.699219	-201.199219	-65.800781	0.210126	-8.702330	-80.737656	0.016338	-1.385361	-0.503972	0	0	0	0	0	0
62413537904	5.101562	-248.199219	574.500000	-213.800781	8.500000	-204.400391	8.440072	-1.140134	103.572639	0.355651	1.640933	-2.143460	0	0	0	0	0	0
62757136167	229.101562	-133.000000	381.101562	-114.800781	49.898438	-131.500000	5.437081	-5.330229	117.310883	0.386021	0.599544	-1.250563	0	0	0	0	0	0
63162598480	327.101562	-124.000000	241.601562	-126.300781	94.699219	-168.500000	0.286398	-7.171902	118.312477	0.403782	0.180462	-1.347549	0	0	0	0	0	0
63619753681	407.101562	-103.800781	179.398438	-99.500000	72.800781	-158.500000	-1.901519	-8.664995	117.873032	0.621570	-0.001181	-1.113226	0	0	0	0	0	0
63933135141	219.898438	-151.400391	332.601562	-135.900391	64.199219	-169.300781	2.861658	-4.652442	111.500809	0.406750	0.473415	-1.460213	0	0	0	0	0	0
64217420935	201.398438	-95.800781	258.500000	-105.500000	172.199219	-125.800781	0.997371	-3.336961	112.675667	0.114854	0.211213	-1.106906	0	0	0	0	0	0
64690476669	460.101562	-83.300781	57.800781	-81.599609	-84.300781	-146.699219	-3.794803	-10.605488	74.299187	1.450386	-0.169533	-0.843814	0	0	0	0	0	0
65037109556	50.800781	-16.900391	-30.099609	-9.199219	-47.500000	-39.099609	1.465045	-3.635512	-3.395382	0.018287	-0.439797	-0.231061	0	0	0	0	0	0
65374066231	-287.000000	-75.000000	760.199219	46.000000	-441.400391	125.898438	30.123119	-6.650093	6.944892	0.046850	1.331840	0.301796	0	0	0	0	0	0
65722499776	-464.000000	-68.599609	1585.101562	189.101562	-1058.199219	393.898438	61.200142	-17.016779	14.034120	0.322081	2.940717	1.594793	0	0	0	0	0	0
66063796939	-802.599609	-150.599609	2065.398438	161.699219	-1186.199219	465.101562	80.196457	-10.521157	16.590366	0.519748	3.836821	1.437059	0	0	0	0	0	0
66412232504	-689.900391	-138.300781	2164.601562	201.601562	-1417.800781	506.898438	85.639931	-18.784660	14.323288	0.852384	3.867983	1.814957	0	0	0	0	0	0
66758903528	-693.300781	-174.300781	2149.601562	174.000000	-1370.900391	478.398438	84.527794	-17.570549	16.253685	0.801012	3.787152	1.540174	0	0	0	0	0	0
67112582699	-746.400391	-150.900391	2189.500000	202.699219	-1383.199219	517.800781	87.212013	-16.857271	16.885012	0.714667	3.688499	1.790932	0	0	0	0	0	0
67459460931	-731.300781	-189.300781	2157.800781	153.601562	-1338.900391	458.000000	84.761429	-16.416763	17.932987	0.718185	3.786876	1.286805	0	0	0	0	0	0
67790406757	-752.800781	-199.500000	2139.000000	140.500000	-1300.400391	441.300781	83.279205	-14.717783	18.936047	0.653647	3.803008	1.165586	0	0	0	0	0	0
68138712112	-756.800781	-189.000000	2157.398438	154.101562	-1305.300781	461.101562	84.797722	-14.979791	18.551294	0.682390	3.845421	1.334501	0	0	0	0	0	0
68476575341	-769.099609	-154.800781	2171.000000	179.800781	-1323.500000	503.398438	85.505730	-15.028850	17.014967	0.625637	3.769107	1.667850	0	0	0	0	0	0
68810963397	-802.599609	-143.599609	2227.300781	205.500000	-1361.800781	531.500000	88.212090	-14.880464	17.171289	0.718990	3.859848	1.844914	0	0	0	0	0	0
69155832009	-835.900391	-147.000000	2256.500000	208.500000	-1344.099609	538.398438	88.640045	-13.518471	17.353619	0.686913	3.957091	1.779750	0	0	0	0	0	0
69505902985	-202.900391	-43.099609	565.101562	48.398438	-318.099609	98.199219	17.980921	-3.558063	11.457185	0.277083	1.403463	0.223358	0	0	0	0	0	0
69854132438	683.601562	265.601562	-1159.500000	82.199219	537.699219	-141.800781	-54.395515	-5.100704	18.971172	0.100074	-0.957691	0.601073	0	0	0	0	0	0
70191504638	1236.101562	438.199219	-2131.800781	137.800781	905.300781	-241.000000	-89.410431	-12.380211	7.408152	-0.348901	-2.883235	1.033478	0	0	0	0	0	0
70532280999	1703.300781	575.000000	-2588.400391	266.101562	846.199219	-223.800781	-105.171600	-27.471764	-3.428727	-0.354975	-3.985886	1.888444	0	0	0	0	0	0
70876299279	1788.000000	588.398438	-2747.099609	262.300781	884.000000	-255.400391	-108.830406	-28.909412	-8.562362	-0.473378	-4.363417	1.767809	0	0	0	0	0	0
71196509776	1935.199219	581.300781	-2818.500000	268.898438	766.000000	-269.500000	-109.369804	-36.983192	-17.656610	-0.389837	-4.808126	1.776127	0	0	0	0	0	0
71538741048	2416.101562	611.300781	-2647.500000	419.699219	44.601562	-203.300781	-101.077057	-67.453278	-31.242344	0.515089	-4.770583	2.583312	0	0	0	0	0	0
71881055939	2658.300781	570.898438	-2676.099609	418.101562	-206.300781	-248.099609	-102.348564	-79.584816	-36.442287	0.958988	-4.739414	2.347356	0	0	0	0	0	0
72230113184	2739.500000	610.800781	-2776.800781	461.199219	-185.500000	-246.099609	-106.378410	-80.789574	-36.723312	0.891288	-4.913513	2.533864	0	0	0	0	0	0
72572078104	2680.800781	625.000000	-2895.599609	440.300781	-8.300781	-252.000000	-111.260948	-75.930168	-37.246899	0.547733	-5.183083	2.461736	0	0	0	0	0	0
72993188687	2166.000000	572.500000	-2905.900391	284.601562	583.101562	-311.500000	-112.949509	-47.958973	-22.761057	-0.279221	-4.849065	1.560503	0	0	0	0	0	0
73417082443	2326.601562	712.699219	-2472.400391	531.101562	-33.300781	-56.300781	-90.843536	-68.586731	-27.249565	0.185331	-4.751502	3.726775	0	0	0	0	0	0
73837803931	866.300781	1095.199219	-623.500000	1066.101562	-462.300781	905.500000	-14.330044	-38.563213	-26.325253	0.163622	-2.266238	9.526482	0	0	0	0	0	0
74240850643	-361.800781	420.398438	322.699219	389.500000	42.800781	455.199219	6.422524	13.658660	5.436529	0.773216	1.536148	3.778554	0	0	0	0	0	0
74671452306	-858.900391	-74.500000	649.101562	-98.599609	277.699219	46.601562	18.203083	36.758560	15.767140	1.010104	2.270064	-0.671375	0	0	0	0	0	0
75095814842	-1248.000000	-84.400391	1253.199219	-58.099609	127.101562	193.101562	39.078281	41.847527	29.811590	0.954354	3.679371	0.166278	0	0	0	0	0	0
75541327183	-79.300781	331.699219	1457.800781	537.898438	-1290.199219	697.500000	42.937336	-23.237135	22.418213	2.455360	4.872019	4.974119	0	0	0	0	0	0
75973904241	830.101562	423.500000	868.699219	610.101562	-1747.199219	621.699219	23.946323	-58.489136	-1.710715	3.067624	3.382852	5.448315	0	0	0	0	0	0
76357348846	1555.300781	402.300781	165.601562	559.398438	-1849.900391	403.000000	0.477854	-81.721100	-21.415108	3.151084	1.454448	4.572680	0	0	0	0	0	0
76757291916	2239.800781	412.699219	-262.300781	575.000000	-2142.000000	269.398438	-13.078268	-109.518303	-24.849573	3.179806	0.112123	4.328300	0	0	0	0	0	0
77201015100	2499.199219	484.898438	-402.000000	651.500000	-2268.099609	286.500000	-16.101736	-121.073776	-26.471786	3.005103	-0.526498	4.865870	0	0	0	0	0	0
77654410137	2655.000000	494.699219	-507.599609	660.601562	-2317.199219	260.601562	-21.746477	-126.213875	-27.290049	3.145690	-0.492402	4.843150	0	0	0	0	0	0
78036420303	2825.500000	528.500000	-582.900391	686.601562	-2408.000000	254.300781	-24.959389	-134.378357	-26.773792	3.157704	-0.684137	5.058885	0	0	0	0	0	0
78326526809	2869.300781	576.800781	-575.099609	742.699219	-2451.900391	322.898438	-23.863808	-136.859131	-25.509665	3.100917	-0.775574	5.513706	0	0	0	0	0	0
78613073965	2901.101562	607.500000	-563.900391	770.398438	-2509.500000	334.101562	-23.440802	-138.884262	-25.932098	3.129493	-0.752639	5.767246	0	0	0	0	0	0
79046644907	2999.101562	619.699219	-585.699219	792.101562	-2584.099609	350.898438	-23.947775	-143.417572	-27.060364	3.174295	-0.858251	5.872042	0	0	0	0	0	0
79484893332	3077.898438	643.800781	-625.800781	820.500000	-2633.800781	350.101562	-25.753405	-146.456741	-28.616600	3.222648	-0.955806	6.115369	0	0	0	0	0	0
79902708997	1669.898438	370.898438	-263.099609	491.699219	-1477.199219	237.800781	-13.285097	-75.303154	-10.826375	2.159261	0.323019	3.341626	0	0	0	0	0	0
80302241894	-717.000000	86.199219	140.601562	-32.199219	647.398438	41.300781	-1.692686	41.405243	17.737356	0.558695	1.278384	-0.087107	0	0	0	0	0	0
80629795987	-1543.000000	-25.699219	428.898438	-275.699219	1213.898438	-34.099609	7.519493	78.661530	26.769712	0.083814	1.870399	-1.527936	0	0	0	0	0	0
81055731198	-1778.099609	-64.599609	533.199219	-368.099609	1336.398438	-55.800781	11.345911	90.980637	26.435692	0.369808	2.100749	-1.956518	0	0	0	0	0	0
81454229124	-1702.000000	-85.800781	475.300781	-376.599609	1321.699219	-83.199219	8.649026	89.231445	23.812147	0.496568	2.065521	-2.098795	0	0	0	0	0	0
81874779727	-1692.800781	-93.900391	436.800781	-393.699219	1338.800781	-101.800781	7.323788	89.910294	22.779818	0.592846	1.978834	-2.224716	0	0	0	0	0	0
82298995039	-1675.199219	-86.300781	400.601562	-394.000000	1357.800781	-104.400391	6.097120	90.106659	21.869894	0.591225	1.898388	-2.215861	0	0	0	0	0	0
82685268455	-1639.900391	-92.000000	382.000000	-399.599609	1336.101562	-113.199219	5.231586	88.752197	21.564833	0.675346	1.852221	-2.319374	0	0	0	0	0	0
83063094531	-1594.699219	-66.000000	375.199219	-369.099609	1309.601562	-93.500000	5.322199	86.190018	20.580105	0.602026	1.827747	-1.986251	0	0	0	0	0	0
83522428192	-1546.599609	-105.400391	366.898438	-388.300781	1266.398438	-132.400391	5.148205	83.704857	19.302317	0.717014	1.767481	-2.236773	0	0	0	0	0	0
84007218007	-1494.099609	-107.599609	358.398438	-376.199219	1205.601562	-119.300781	5.594105	80.810303	18.429699	0.742834	1.739293	-2.200740	0	0	0	0	0	0
84424288668	-1459.199219	-110.099609	339.398438	-379.199219	1197.398438	-134.800781	4.338031	79.758766	18.217150	0.725206	1.729769	-2.224242	0	0	0	0	0	0
84821359472	-1477.400391	-102.000000	346.800781	-370.900391	1200.199219	-122.699219	4.699974	79.751472	17.649500	0.698949	1.719631	-2.119422	0	0	0	0	0	0
85228381102	-1439.099609	-130.699219	343.800781	-386.699219	1160.398438	-139.300781	4.821847	77.785057	17.805943	0.786429	1.758473	-2.285700	0	0	0	0	0	0
85677823711	-1394.599609	-110.000000	332.000000	-356.300781	1125.898438	-126.900391	4.965707	75.350159	16.710625	0.772056	1.685225	-2.063304	0	0	0	0	0	0
86112612546	-1384.199219	-106.900391	352.500000	-335.300781	1092.898438	-109.599609	5.853354	73.752312	17.275129	0.672022	1.672192	-1.946873	0	0	0	0	0	0
86558009386	-1395.000000	-100.900391	350.800781	-339.900391	1107.300781	-112.599609	6.016943	73.757126	16.389494	0.571383	1.617643	-1.894868	0	0	0	0	0	0
86980948192	-1407.500000	-111.099609	368.300781	-347.900391	1111.398438	-116.099609	6.255988	74.700562	16.341288	0.605899	1.721327	-2.000197	0	0	0	0	0	0
87409011793	-1403.800781	-116.500000	356.101562	-360.400391	1120.800781	-118.599609	5.131801	74.810860	16.705416	0.656097	1.763182	-2.098099	0	0	0	0	0	0
87845929178	-1377.000000	-129.699219	334.398438	-365.400391	1103.601562	-142.900391	4.721737	73.829124	14.714508	0.741590	1.687531	-2.191667	0	0	0	0	0	0
88192961828	-1364.000000	-123.199219	338.300781	-361.199219	1084.898438	-134.699219	4.711659	72.962059	15.476703	0.713134	1.724716	-2.140780	0	0	0	0	0	0
88540618341	-1359.599609	-131.000000	333.800781	-361.300781	1084.500000	-150.900391	3.984162	72.499023	15.902956	0.662701	1.822867	-2.206790	0	0	0	0	0	0
88874308238	-1408.900391	-116.900391	329.699219	-367.800781	1137.101562	-141.699219	4.032723	75.273842	16.816881	0.612568	1.795181	-2.135564	0	0	0	0	0	0
89206588669	-1418.199219	-135.900391	327.699219	-395.800781	1167.300781	-160.699219	2.654099	77.110916	18.916864	0.684644	1.943332	-2.380734	0	0	0	0	0	0
89552602179	-1413.400391	-143.000000	325.898438	-396.400391	1150.601562	-157.900391	3.078435	76.612740	17.679472	0.740117	1.839473	-2.384690	0	0	0	0	0	0
89855314169	-1454.900391	-145.599609	355.199219	-410.300781	1169.800781	-164.500000	4.075706	78.453316	17.759409	0.756587	1.917568	-2.452484	0	0	0	0	0	0
90272214096	-1410.400391	-141.099609	342.500000	-390.199219	1115.800781	-151.900391	4.614361	75.327553	16.999187	0.743372	1.792336	-2.342748	0	0	0	0	0	0
90677478171	-1404.900391	-135.000000	342.601562	-389.199219	1119.699219	-156.199219	4.948323	75.033379	16.119284	0.678140	1.766350	-2.284296	0	0	0	0	0	0
91080973976	-1406.800781	-131.900391	339.101562	-380.500000	1129.398438	-158.199219	4.137567	75.077293	17.464312	0.628704	1.824362	-2.235272	0	0	0	0	0	0
91478327757	-1229.300781	-135.400391	323.500000	-331.699219	959.601562	-146.500000	4.008067	63.797684	13.821420	0.656960	1.629055	-2.069990	0	0	0	0	0	0
91860141550	947.398438	113.699219	-87.099609	206.601562	-857.099609	62.101562	-6.647471	-48.184067	1.494010	1.205939	0.300276	1.632871	0	0	0	0	0	0
92260288963	2096.601562	408.601562	-337.900391	564.601562	-1843.199219	261.699219	-14.464995	-105.197548	-11.098796	1.669722	-0.446008	4.444151	0	0	0	0	0	0
92677995733	2586.000000	640.898438	-460.099609	807.898438	-2263.900391	436.898438	-19.257607	-129.266220	-18.135630	2.023562	-0.593480	6.392557	0	0	0	0	0	0
93082710201	2665.699219	692.101562	-436.599609	861.800781	-2366.099609	478.800781	-18.074312	-133.818436	-21.030354	2.110090	-0.645940	6.893334	0	0	0	0	0	0
93465178152	2697.601562	694.699219	-511.199219	864.300781	-2329.400391	462.398438	-21.065531	-133.231628	-22.901518	2.173632	-0.760994	6.827496	0	0	0	0	0	0
93842081834	2621.500000	697.000000	-534.599609	858.500000	-2250.400391	458.601562	-20.695608	-129.254242	-22.657743	2.081619	-0.894369	6.744795	0	0	0	0	0	0
94255752567	2644.800781	715.101562	-496.000000	880.000000	-2300.599609	485.800781	-19.892687	-132.005402	-19.885647	1.971982	-0.687289	6.936858	0	0	0	0	0	0
94651042765	2629.000000	708.601562	-444.300781	869.699219	-2330.000000	482.601562	-19.120537	-131.827545	-18.204332	1.953114	-0.440661	6.889447	0	0	0	0	0	0
95056171023	2658.398438	728.500000	-449.000000	910.101562	-2361.199219	508.000000	-19.379011	-133.523773	-18.549694	1.988414	-0.396974	7.072506	0	0	0	0	0	0
95468970666	2681.398438	747.601562	-475.300781	913.300781	-2351.000000	517.898438	-20.514168	-133.789719	-20.627886	2.119594	-0.474089	7.204927	0	0	0	0	0	0
95903824794	2735.398438	766.101562	-486.300781	934.699219	-2407.900391	531.500000	-20.809759	-136.617020	-21.604176	2.095940	-0.498789	7.385463	0	0	0	0	0	0
96345131004	2767.800781	783.500000	-464.599609	958.300781	-2438.400391	544.199219	-20.312389	-137.857895	-20.869091	2.109405	-0.404049	7.577543	0	0	0	0	0	0
96767929806	2805.500000	768.199219	-459.099609	949.300781	-2492.900391	535.300781	-20.503452	-140.581284	-20.127205	2.161024	-0.378488	7.438707	0	0	0	0	0	0
97155500257	2792.800781	791.601562	-439.900391	966.101562	-2509.599609	554.101562	-19.515696	-140.457321	-19.475380	2.147954	-0.321776	7.649738	0	0	0	0	0	0
97556141102	2841.199219	819.699219	-468.199219	994.300781	-2515.900391	569.199219	-21.409332	-141.826508	-19.532902	2.185902	-0.260655	7.885639	0	0	0	0	0	0
97945880527	-34.099609	129.300781	108.601562	136.101562	-88.599609	114.000000	-0.043933	0.409337	-0.655666	0.285011	1.039321	0.836709	0	0	0	0	0	0
98345777603	-1363.599609	-96.400391	419.000000	-258.300781	975.800781	-68.599609	11.092633	64.026932	9.604337	-0.389086	1.434650	-1.666294	0	0	0	0	0	0
98781509026	-1401.400391	-228.300781	580.101562	-387.900391	948.300781	-171.500000	14.983883	65.542191	25.567495	-0.105541	1.856192	-2.775876	0	0	0	0	0	0
99237163176	-66.500000	-15.599609	34.800781	2.500000	35.800781	-20.800781	0.873456	1.383308	2.801134	-0.005463	0.122707	-0.125021	0	0	0	0	0	0
99605513324	-931.900391	94.699219	560.199219	1.199219	440.898438	151.800781	8.682409	47.575848	16.324112	1.741925	3.092395	0.453947	0	0	0	0	0	0
99965642005	-1379.300781	62.398438	853.601562	-75.199219	640.601562	169.000000	15.982271	68.936508	25.765039	2.318139	4.056402	0.146387	0	0	0	0	0	0
100335842580	-1348.099609	-12.099609	862.699219	-138.599609	602.699219	110.000000	15.528487	66.954811	26.768742	2.436964	4.204329	-0.433201	0	0	0	0	0	0
100664962497	-815.500000	-54.800781	575.101562	-99.199219	310.699219	30.800781	9.916901	38.382133	13.887174	1.681451	2.790683	-0.554761	0	0	0	0	0	0
101029385698	-2.099609	6.101562	4.398438	19.000000	-2.300781	1.699219	0.615858	-1.870944	1.345810	-0.050686	-0.038588	-0.011298	0	0	0	0	0	0
101420790084	-4.900391	-4.900391	4.101562	14.898438	-0.199219	-13.900391	0.578635	-2.003554	1.470501	-0.056790	-0.036106	-0.008199	0	0	0	0	0	0
101827201603	-0.199219	-1.900391	6.199219	17.199219	0.500000	-7.800781	0.532200	-1.963669	0.894598	-0.056461	-0.037898	-0.003362	0	0	0	0	0	0
102248196193	-7.000000	-0.199219	11.601562	15.699219	-2.000000	-11.500000	0.522607	-1.888361	1.551776	-0.056636	-0.039772	-0.009249	0	0	0	0	0	0
102592646910	-7.199219	-0.900391	8.699219	17.300781	2.699219	-4.400391	0.634206	-1.963494	1.671086	-0.057233	-0.038386	-0.007180	0	0	0	0	0	0
102987169814	-1.199219	1.500000	7.800781	20.699219	1.398438	-3.900391	0.432920	-1.936721	0.784505	-0.056173	-0.037246	-0.000402	0	0	0	0	0	0
103409307148	-3.300781	6.800781	5.300781	15.500000	0.699219	1.000000	0.617472	-2.035267	1.386526	-0.056443	-0.041016	-0.010956	0	0	0	0	0	0
103822039155	-5.099609	3.101562	8.500000	19.699219	-6.599609	-8.199219	0.636982	-1.957352	1.511186	-0.056556	-0.040163	-0.008657	0	0	0	0	0	0
104206389219	-8.500000	3.601562	8.199219	17.699219	5.398438	0.601562	0.562134	-2.052752	0.588318	-0.062413	-0.045911	-0.002220	0	0	0	0	0	0
104624900961	-8.599609	2.800781	5.300781	14.300781	1.101562	-6.300781	0.533954	-1.939757	0.746555	-0.058287	-0.041886	-0.001040	0	0	0	0	0	0
