1336417	-3.000000	-0.800781	-2.000000	-0.900391	0.699219	2.199219	-0.279991	0.042683	1.042099	-0.001492	0.000689	-0.009702	0	0	0	0	0	0
111111271	0.898438	1.699219	8.199219	1.101562	-2.099609	-6.199219	-0.098223	0.075380	-0.916627	0.001293	-0.002536	0.009969	0	0	0	0	0	0
216113123	1.199219	-5.000000	4.898438	4.601562	5.101562	4.898438	-0.024610	-0.008756	-0.032524	-0.001414	-0.007079	0.001167	0	0	0	0	0	0
322168113	3.800781	-0.300781	-3.900391	0.398438	1.601562	-0.500000	-0.201526	0.052931	1.080853	-0.000172	0.000840	-0.009329	0	0	0	0	0	0
426147416	-1.900391	-6.300781	0.199219	-1.199219	0.101562	-2.000000	-0.019848	0.051416	0.200474	-0.002255	-0.000646	0.000309	0	0	0	0	0	0
529613188	0.398438	-2.500000	4.601562	-2.099609	-2.800781	-6.599609	-0.116688	-0.049333	-0.076628	-0.000251	-0.000618	0.000848	0	0	0	0	0	0
634148492	-1.000000	4.601562	7.000000	8.398438	-2.500000	-0.900391	-0.094640	-0.000959	-0.309038	0.001321	-0.007278	0.000910	0	0	0	0	0	0
738611280	2.500000	1.300781	5.601562	7.300781	-1.900391	4.300781	-0.047359	0.020871	0.236051	0.002803	0.000205	0.000766	0	0	0	0	0	0
841863521	2.300781	-3.500000	-4.500000	2.300781	-1.199219	1.699219	-0.080531	-0.064685	0.606471	0.000780	-0.009599	-0.010693	0	0	0	0	0	0
948362946	0.000000	-5.300781	4.800781	-0.800781	-1.000000	-6.599609	-0.107780	-0.037918	0.083580	-0.002172	-0.003249	0.001017	0	0	0	0	0	0
1052363054	2.000000	0.601562	4.398438	5.000000	0.898438	1.500000	0.002883	0.039808	-0.501995	0.002892	-0.002890	0.003576	0	0	0	0	0	0
1156863762	-0.199219	-0.500000	4.500000	3.000000	2.800781	3.500000	-0.196127	-0.059331	0.002729	-0.001571	-0.000797	0.000618	0	0	0	0	0	0
1260884958	3.500000	-2.900391	1.601562	3.300781	0.101562	0.000000	-0.165753	0.100148	1.240837	-0.001846	0.000183	-0.009144	0	0	0	0	0	0
1363613156	-1.800781	-4.199219	-1.800781	6.898438	-3.400391	1.300781	-0.167869	0.120595	0.348829	0.001568	-0.004394	-0.004386	0	0	0	0	0	0
1468362923	-0.400391	-0.900391	3.800781	-4.099609	-2.199219	-1.599609	-0.049302	0.180187	0.278091	0.003255	-0.000221	0.000094	0	0	0	0	0	0
1575915487	2.699219	0.800781	8.000000	5.601562	4.398438	3.199219	-0.093372	-0.011530	0.116539	0.001307	0.000600	-0.000174	0	0	0	0	0	0
1680863270	8.898438	-0.599609	1.000000	2.398438	0.699219	5.601562	-0.254386	0.051306	0.811595	0.002493	0.000474	-0.006245	0	0	0	0	0	0
1785612372	-1.400391	-1.000000	2.101562	3.699219	-0.400391	-1.599609	-0.008510	0.081984	-0.150355	0.000560	-0.002869	0.001536	0	0	0	0	0	0
1889613286	0.000000	-9.300781	7.898438	7.398438	4.601562	0.699219	-0.030258	-0.074380	-0.105511	-0.002492	-0.005213	0.004427	0	0	0	0	0	0
1993863023	4.500000	2.500000	7.800781	0.199219	3.500000	2.601562	-0.009216	0.147715	-0.071593	0.001008	-0.003636	0.000831	0	0	0	0	0	0
2100350632	4.199219	3.800781	3.300781	3.000000	-1.400391	-1.699219	-0.278808	-0.131409	0.930041	-0.002779	-0.007947	-0.007128	0	0	0	0	0	0
2211113829	4.898438	1.199219	8.699219	1.898438	-1.000000	-6.400391	-0.071702	-0.008186	-0.534035	-0.001284	-0.000885	0.006162	0	0	0	0	0	0
2316364592	1.500000	-0.500000	4.101562	3.300781	3.898438	2.500000	-0.061894	-0.022666	0.155076	0.001186	-0.001066	-0.000615	0	0	0	0	0	0
2434972781	2.101562	0.601562	6.199219	2.601562	1.800781	-0.500000	-0.233348	-0.102914	0.194261	0.000762	-0.001314	-0.000419	0	0	0	0	0	0
2542396212	4.101562	-1.000000	-1.099609	7.699219	0.101562	-1.800781	-0.059207	0.051658	0.623616	-0.002917	-0.002233	-0.004193	0	0	0	0	0	0
2646399203	-0.599609	-3.099609	4.601562	7.199219	-0.800781	-4.400391	-0.091627	-0.096415	-0.075216	0.000647	-0.007318	0.001116	0	0	0	0	0	0
2753146874	-0.300781	0.398438	3.101562	4.898438	4.300781	-0.099609	-0.064843	-0.021130	-0.770657	-0.001420	-0.005196	0.004966	0	0	0	0	0	0
2857863147	6.101562	-4.900391	6.500000	4.101562	4.398438	2.800781	-0.051393	0.004963	0.116665	-0.000593	-0.000748	-0.001060	0	0	0	0	0	0
2961864126	5.199219	-2.199219	-2.199219	-1.199219	0.500000	-1.199219	0.086367	0.079640	0.664212	0.001093	-0.002608	-0.002227	0	0	0	0	0	0
3067113217	-2.199219	-3.900391	1.601562	6.699219	-4.300781	-6.000000	-0.047244	-0.042293	0.000093	0.003615	-0.006239	0.000351	0	0	0	0	0	0
3171114579	3.199219	1.000000	3.898438	3.800781	1.699219	-2.300781	-0.068173	0.043838	-0.769022	0.003015	-0.000933	0.007153	0	0	0	0	0	0
3275115074	4.898438	-2.800781	6.101562	2.199219	3.398438	-1.500000	-0.242154	0.071089	-0.114669	0.001378	0.002726	0.000662	0	0	0	0	0	0
3379362230	2.000000	5.800781	2.101562	8.500000	2.199219	1.000000	-0.214451	0.041698	1.002483	0.002349	-0.002709	-0.009053	0	0	0	0	0	0
3483113268	-2.599609	-1.800781	-0.099609	7.300781	3.800781	-3.599609	-0.047479	0.132553	0.277899	-0.001679	-0.001223	-0.001192	0	0	0	0	0	0
3587113403	4.101562	-3.699219	3.800781	3.101562	-2.800781	-2.699219	-0.062331	0.081807	-0.152840	0.000602	-0.002481	0.000343	0	0	0	0	0	0
3690862966	1.000000	-6.300781	3.000000	3.601562	-0.300781	-1.699219	0.025284	-0.037595	-0.885000	0.001063	-0.001504	0.008520	0	0	0	0	0	0
3795147881	0.699219	0.398438	8.199219	5.800781	-0.900391	1.398438	-0.168463	0.014100	0.078639	-0.000432	-0.000667	-0.000954	0	0	0	0	0	0
3899613252	2.300781	-0.900391	4.300781	4.398438	-2.099609	7.398438	-0.232740	-0.018499	1.198333	0.000000	-0.000047	-0.008796	0	0	0	0	0	0
4003112523	-2.099609	0.800781	-0.599609	0.101562	-9.500000	-0.900391	-0.110619	0.046399	0.002843	-0.000911	-0.001425	-0.000257	0	0	0	0	0	0
4108612536	5.300781	-5.099609	9.601562	-2.199219	-5.199219	-8.000000	-0.141027	0.121394	0.240168	-0.001012	-0.000224	-0.000281	0	0	0	0	0	0
4213363254	2.101562	1.199219	7.800781	1.699219	1.699219	-0.900391	-0.048544	0.080963	-0.040559	0.003885	0.000631	-0.000360	0	0	0	0	0	0
4318115451	5.500000	-0.400391	2.800781	2.800781	-5.199219	5.699219	-0.071837	-0.126609	0.006795	-0.003518	-0.008147	0.001600	0	0	0	0	0	0
4423112052	-2.400391	-2.800781	-5.699219	-0.699219	-0.400391	1.898438	-0.094471	-0.006894	0.189003	0.003278	-0.001215	-0.002637	0	0	0	0	0	0
4530862588	0.898438	0.000000	0.601562	0.300781	2.199219	-0.099609	-0.170953	0.048561	-0.880647	0.000460	-0.006706	0.007513	0	0	0	0	0	0
4635835777	3.601562	1.199219	5.500000	9.800781	2.300781	-1.800781	-0.151448	0.029285	0.038876	0.001630	-0.000446	-0.000599	0	0	0	0	0	0
4741142808	4.199219	2.800781	2.300781	0.101562	-1.599609	-2.300781	-0.083363	-0.096378	0.655375	-0.002618	-0.001269	-0.005491	0	0	0	0	0	0
4846146411	1.699219	-1.800781	2.500000	0.500000	0.800781	-2.500000	-0.198723	0.082204	0.121533	-0.001210	0.002397	0.000070	0	0	0	0	0	0
4950862672	-1.599609	-0.599609	8.699219	7.199219	3.500000	-4.000000	-0.073727	0.074869	-0.988289	-0.003380	-0.009528	0.010213	0	0	0	0	0	0
5055613376	3.500000	1.000000	2.101562	6.199219	4.699219	2.398438	-0.130440	0.096812	-0.080541	0.003414	0.001578	-0.001122	0	0	0	0	0	0
5162117113	-0.199219	-3.300781	-0.500000	-0.199219	-3.099609	-3.599609	-0.210007	0.066420	0.582172	-0.001360	0.000252	-0.004864	0	0	0	0	0	0
5266360760	0.500000	-6.400391	1.000000	4.000000	-1.000000	-3.599609	-0.174457	0.019029	0.049183	-0.001095	-0.006825	0.001894	0	0	0	0	0	0
5373929975	1.699219	-0.800781	7.199219	4.101562	0.300781	-5.800781	-0.238516	0.024401	0.042202	0.001010	-0.000943	0.000347	0	0	0	0	0	0
5489653906	1.398438	-4.900391	7.101562	1.101562	-4.300781	-3.400391	-0.077805	0.095455	-0.955349	0.002720	-0.003422	0.010315	0	0	0	0	0	0
5594622770	2.800781	4.199219	7.000000	4.500000	5.500000	-4.000000	-0.132242	-0.036091	0.158986	0.002449	-0.002797	0.001120	0	0	0	0	0	0
5700112347	10.898438	-1.099609	5.898438	4.601562	-1.000000	-1.400391	-0.126460	0.079825	1.120937	0.001891	-0.002270	-0.008981	0	0	0	0	0	0
5803112901	0.898438	1.800781	2.898438	5.398438	1.300781	-2.699219	-0.006800	0.022523	0.001475	0.001431	-0.004336	-0.000033	0	0	0	0	0	0
5908612627	-1.099609	0.699219	8.101562	1.500000	-1.800781	-5.900391	-0.124734	-0.113578	0.079935	0.000624	0.000122	0.001841	0	0	0	0	0	0
6013862897	4.800781	2.199219	8.000000	1.898438	4.398438	2.898438	-0.088993	0.003878	0.000655	0.000727	-0.002661	-0.000343	0	0	0	0	0	0
6118862731	-3.500000	0.199219	-2.500000	1.601562	-2.199219	1.601562	-0.147421	0.022156	0.199672	-0.000370	0.001301	0.000877	0	0	0	0	0	0
6223862381	7.300781	-3.000000	4.101562	0.699219	1.800781	-2.000000	-0.009496	-0.048099	-0.078327	0.001617	-0.002463	0.000682	0	0	0	0	0	0
6331613142	-2.099609	1.199219	7.800781	2.398438	3.500000	-0.599609	-0.144093	0.089567	-0.535914	0.002078	-0.000453	0.005051	0	0	0	0	0	0
6436362544	1.000000	0.101562	-2.000000	2.500000	5.800781	2.500000	-0.109145	0.038516	-0.001158	-0.000307	-0.000329	-0.001521	0	0	0	0	0	0
6540863689	3.101562	2.898438	1.800781	2.101562	2.300781	3.601562	-0.194719	0.073480	1.084120	-0.001386	-0.003558	-0.009365	0	0	0	0	0	0
6645610688	2.898438	-0.400391	5.500000	1.601562	-0.699219	1.300781	-0.075938	0.083781	-0.154632	0.003248	-0.002420	0.000346	0	0	0	0	0	0
6750612909	-1.099609	-2.000000	7.898438	6.398438	-1.000000	5.101562	-0.181192	0.054110	-0.885143	0.002524	-0.001212	0.007160	0	0	0	0	0	0
6855168059	1.898438	3.398438	1.699219	3.800781	0.300781	1.000000	-0.111623	0.077636	0.120766	-0.000696	-0.001463	-0.000512	0	0	0	0	0	0
6963318319	-3.199219	-2.900391	2.300781	-2.099609	3.398438	-7.000000	-0.159076	0.095186	-0.273861	0.004001	-0.007247	-0.001430	0	0	0	0	0	0
7068363080	-0.300781	-1.599609	4.300781	-0.500000	-2.699219	-5.500000	-0.181321	0.060456	0.045541	0.000549	-0.002447	0.001133	0	0	0	0	0	0
7173143923	6.601562	4.000000	-1.400391	10.500000	6.398438	4.300781	-0.243427	0.086864	-0.195289	0.002762	-0.000874	-0.000734	0	0	0	0	0	0
7278114026	6.000000	-2.300781	9.000000	4.199219	4.398438	5.398438	-0.106265	-0.032216	0.040728	0.003723	-0.007305	0.000467	0	0	0	0	0	0
7383132611	0.300781	-0.500000	4.300781	-2.199219	-0.199219	-1.500000	-0.062570	0.022845	0.235210	0.001473	-0.004005	-0.000940	0	0	0	0	0	0
7488862892	1.300781	-3.300781	0.898438	-2.300781	0.000000	-9.699219	-0.095454	0.035205	-0.449897	-0.003564	0.000692	0.007618	0	0	0	0	0	0
7594363120	5.699219	6.199219	8.500000	4.898438	3.199219	7.699219	0.002104	0.012402	0.159311	-0.000598	-0.002601	0.000170	0	0	0	0	0	0
7699611308	1.398438	-1.099609	-3.000000	0.601562	-5.400391	1.199219	-0.119670	-0.062263	1.074564	0.001570	0.000318	-0.009963	0	0	0	0	0	0
7804862836	2.800781	-4.699219	-0.199219	5.699219	-2.500000	-8.000000	-0.067330	0.039166	0.042366	0.000986	0.000043	0.001000	0	0	0	0	0	0
7910146756	-1.900391	-2.099609	-0.199219	0.800781	-2.099609	2.601562	-0.053803	-0.028300	-0.450950	-0.004153	-0.010419	0.005703	0	0	0	0	0	0
8015112788	4.199219	2.500000	3.398438	0.101562	-1.300781	0.101562	-0.096122	0.001359	0.038734	0.002032	-0.001912	-0.000289	0	0	0	0	0	0
8123904613	-0.900391	-1.099609	3.601562	-2.300781	-0.800781	-0.400391	-0.110686	-0.011190	-0.042429	0.000630	-0.003192	-0.002067	0	0	0	0	0	0
8229113977	1.601562	-13.099609	6.000000	2.500000	-2.900391	-1.599609	-0.185379	0.152691	-0.915049	0.001263	-0.000879	0.009738	0	0	0	0	0	0
8334143991	3.398438	-0.900391	4.101562	3.000000	1.199219	-0.199219	-0.138073	-0.046122	0.038794	0.003717	-0.000554	0.000995	0	0	0	0	0	0
8456985814	2.398438	6.000000	6.898438	2.699219	4.500000	-3.000000	-0.049415	-0.026524	-0.119368	-0.000808	-0.000681	-0.000948	0	0	0	0	0	0
8562612884	0.699219	2.398438	-4.000000	-2.400391	1.500000	1.398438	-0.149110	-0.020660	0.352832	0.001243	-0.003425	-0.000717	0	0	0	0	0	0
8667455698	3.300781	1.199219	1.898438	-2.300781	-7.199219	-4.300781	-0.207040	0.002497	0.079553	0.000834	-0.000425	-0.000077	0	0	0	0	0	0
8776362618	1.101562	-2.300781	2.300781	5.000000	-0.699219	5.398438	-0.276588	0.153213	-0.038141	0.003278	0.002180	-0.000838	0	0	0	0	0	0
8881864823	0.699219	-9.199219	-0.800781	2.699219	3.800781	0.898438	-0.113170	-0.130886	0.273676	-0.000212	-0.003957	-0.000100	0	0	0	0	0	0
8986613577	0.398438	-1.500000	6.500000	2.300781	-1.199219	-2.000000	-0.094169	-0.038391	0.041591	0.000470	0.000262	0.001398	0	0	0	0	0	0
9091612660	7.699219	-1.400391	4.601562	8.500000	-0.400391	-0.500000	-0.084457	-0.032059	-0.415538	-0.003463	-0.006221	0.004987	0	0	0	0	0	0
9196612515	4.101562	-0.599609	7.300781	2.300781	3.000000	2.300781	-0.168052	-0.075358	0.040225	-0.001058	-0.001356	0.000186	0	0	0	0	0	0
9301862842	1.898438	-1.900391	6.398438	6.398438	-1.400391	-3.699219	-0.191213	0.090501	0.740696	0.000086	-0.001410	-0.004286	0	0	0	0	0	0
