1058379	-1.500000	0.199219	1.898438	-3.300781	-1.900391	4.699219	0.067400	0.125078	1.584661	-0.004522	-0.001419	-0.014048	0	0	0	0	0	0
293213011	-0.199219	4.500000	5.800781	0.800781	-3.000000	1.500000	-0.325243	0.089969	0.807275	0.006085	-0.000162	-0.007841	0	0	0	0	0	0
589208941	-0.199219	5.601562	4.300781	-8.099609	-7.400391	-9.599609	-0.173847	0.117456	0.423067	0.003513	-0.004015	-0.005559	0	0	0	0	0	0
881921522	-1.699219	4.699219	-2.500000	2.000000	-1.699219	-10.699219	-0.119563	-0.093483	1.530891	0.005232	-0.001936	-0.015371	0	0	0	0	0	0
1243746766	-1.000000	-0.800781	-4.199219	1.000000	0.199219	-11.800781	-0.038909	-0.028018	1.576748	0.000364	-0.003932	-0.014943	0	0	0	0	0	0
1580190422	2.398438	5.000000	-0.699219	6.898438	-0.800781	-7.500000	0.001969	-0.164203	1.799737	0.005271	-0.003155	-0.016949	0	0	0	0	0	0
1964630022	-2.500000	0.500000	-7.099609	1.601562	-5.900391	-13.699219	0.038314	-0.147249	1.077118	-0.001776	-0.000713	-0.008534	0	0	0	0	0	0
2427079363	-8.099609	-1.800781	-0.500000	0.199219	-7.199219	-15.199219	-0.179563	0.020982	0.652137	0.005456	-0.004004	-0.006623	0	0	0	0	0	0
2755050596	7.398438	5.601562	0.101562	1.699219	0.500000	-14.900391	-0.129208	0.065975	0.695804	0.001136	-0.004694	-0.006583	0	0	0	0	0	0
3102454805	1.800781	8.500000	1.500000	0.300781	2.300781	-11.500000	-0.139732	-0.024037	1.772712	0.003067	-0.006230	-0.015042	0	0	0	0	0	0
3528719083	-163.000000	-160.500000	531.800781	-64.000000	-384.500000	-15.599609	22.207848	-5.475704	-2.600644	0.219480	0.731769	-0.693426	0	0	0	0	0	0
3954271983	83.898438	336.800781	-1116.599609	159.500000	611.601562	47.101562	-35.470688	16.174423	-70.429001	-0.157989	-2.078893	1.502295	0	0	0	0	0	0
4380904043	-1690.500000	-375.300781	2865.800781	-31.900391	-1265.699219	476.500000	101.878525	22.535725	-15.728170	2.517421	7.195891	0.188557	0	0	0	0	0	0
4803766624	1577.398438	775.000000	-2358.599609	520.300781	211.101562	89.000000	-87.935783	-27.196972	-96.296867	1.372540	-3.213352	4.104029	0	0	0	0	0	0
5228292123	-1221.900391	-245.099609	1243.101562	-199.300781	311.101562	21.500000	38.805470	37.062572	65.859604	-0.869524	3.097122	-1.451104	0	0	0	0	0	0
5653869778	655.300781	254.898438	-63.800781	293.300781	-1025.900391	233.199219	-9.809343	-25.687683	-76.046852	4.029184	2.011121	2.832306	0	0	0	0	0	0
6069583544	-900.500000	-257.500000	23.601562	-324.699219	456.800781	-197.400391	11.192010	39.462360	-76.005341	-0.101906	-0.259695	-2.594953	0	0	0	0	0	0
6457594416	-2045.699219	-472.900391	1925.699219	-339.900391	-19.599609	79.898438	72.727356	57.765312	-22.281576	0.346240	4.540781	-2.317351	0	0	0	0	0	0
6909770903	1050.000000	11.199219	577.500000	156.000000	-1819.300781	112.300781	1.934667	-56.575073	-32.399933	4.912187	4.236979	1.533449	0	0	0	0	0	0
7415843222	508.000000	-655.099609	-37.099609	-596.099609	-768.300781	-676.500000	-10.380192	-16.360428	-62.334503	3.385911	2.310278	-5.954213	0	0	0	0	0	0
7979225947	-605.900391	-125.300781	940.000000	-52.900391	44.800781	81.000000	30.548952	15.129518	72.800240	-0.348266	1.493166	-0.398553	0	0	0	0	0	0
8278264605	52.601562	-267.900391	369.699219	-238.400391	-112.199219	-221.300781	5.337793	2.098288	48.058128	1.419035	1.125924	-2.059462	0	0	0	0	0	0
8630940748	116.000000	213.500000	-459.400391	216.699219	-358.199219	192.699219	-4.028270	-6.963985	-122.555481	0.938620	-1.185070	2.198694	0	0	0	0	0	0
8992197710	-2057.599609	-223.199219	466.101562	-331.300781	1016.300781	15.800781	44.233105	77.535027	-98.056320	-2.226424	-1.601060	-1.912881	0	0	0	0	0	0
9364394817	-1988.000000	-621.099609	3068.699219	-230.599609	-988.099609	288.500000	114.072060	27.016064	21.226620	0.678782	6.728619	-1.882610	0	0	0	0	0	0
9794806828	2074.398438	355.601562	-97.800781	462.398438	-2274.800781	219.601562	-16.487139	-95.142113	-48.256954	5.474488	1.998159	4.009486	0	0	0	0	0	0
10226734314	1257.300781	713.398438	-2494.099609	443.101562	497.199219	46.101562	-85.293274	-13.353571	-125.262123	0.281468	-4.250745	3.596164	0	0	0	0	0	0
10666628323	-2073.900391	-27.599609	218.398438	-255.099609	1451.199219	84.101562	36.121258	81.350800	-61.230949	-3.953151	-2.965643	-0.911542	0	0	0	0	0	0
11091746225	-466.599609	-357.000000	701.101562	-226.300781	-246.800781	-128.300781	33.923382	-0.640356	-3.663072	-0.827657	-0.176150	-1.859725	0	0	0	0	0	0
11510817281	2010.101562	292.398438	-166.099609	451.300781	-1880.000000	180.101562	-8.104742	-99.175919	-1.625704	2.374034	-0.288019	3.505461	0	0	0	0	0	0
11931166768	2964.000000	503.300781	-359.199219	651.398438	-2610.699219	261.300781	-21.098522	-139.079468	7.786124	3.627044	-0.066734	5.166369	0	0	0	0	0	0
12326066750	1963.101562	707.300781	-300.500000	799.300781	-1631.599609	527.000000	-19.062403	-85.131554	9.327460	2.289535	0.568716	6.383097	0	0	0	0	0	0
12742557526	-1177.800781	-21.199219	373.699219	-123.000000	726.000000	55.101562	16.885519	51.227409	-9.577580	-0.756654	0.493789	-0.479097	0	0	0	0	0	0
13165631427	-2411.199219	-245.400391	945.800781	-532.300781	1414.398438	-63.900391	40.505825	105.543449	-2.768031	-1.002750	1.202556	-2.745479	0	0	0	0	0	0
13576037278	-2419.500000	-576.800781	2202.300781	-491.800781	292.898438	7.699219	84.866386	73.170647	19.218830	-0.091200	4.148305	-3.378510	0	0	0	0	0	0
14029206304	1569.199219	23.898438	996.601562	246.601562	-2508.199219	205.898438	17.483206	-87.792831	13.385792	5.248626	4.845122	2.328397	0	0	0	0	0	0
14463836781	3122.300781	815.800781	-2027.000000	749.398438	-1415.000000	94.500000	-90.169174	-107.153435	-50.736649	4.001445	-1.410810	5.375649	0	0	0	0	0	0
14887068052	753.898438	751.500000	-2559.800781	355.398438	1350.699219	60.000000	-82.084595	13.282580	-71.925125	-1.413280	-5.939090	3.109047	0	0	0	0	0	0
15314049632	-1343.300781	-354.500000	-817.400391	-746.900391	1953.699219	-548.300781	-7.150455	83.826294	-34.747280	-2.593014	-4.850241	-5.398845	0	0	0	0	0	0
15728780011	-2055.800781	-561.400391	1623.300781	-526.900391	582.300781	-106.500000	74.426903	65.228271	32.283825	-1.441089	0.871975	-3.736181	0	0	0	0	0	0
16147923133	364.898438	-340.900391	2067.500000	-14.900391	-2168.000000	216.800781	62.290077	-53.345825	49.358044	3.602674	6.038803	0.263136	0	0	0	0	0	0
16575116688	2328.000000	238.800781	-148.400391	320.199219	-2032.300781	14.699219	-32.472549	-98.522095	29.395882	4.492379	3.414008	2.391961	0	0	0	0	0	0
16997093009	2137.699219	546.800781	-2126.300781	328.898438	-43.900391	-206.300781	-103.024689	-47.477047	0.164324	2.440437	-0.649051	2.230045	0	0	0	0	0	0
17409605110	2220.800781	751.898438	-3036.599609	368.898438	775.800781	-239.699219	-140.044037	-30.411768	2.636447	1.791105	-1.801490	2.748120	0	0	0	0	0	0
17826967194	526.199219	334.398438	-2485.199219	-183.800781	1904.000000	-438.199219	-99.614006	37.570526	-6.503497	-1.080777	-3.724471	-1.264198	0	0	0	0	0	0
18293455542	592.601562	-159.800781	-714.500000	-238.400391	152.101562	-408.699219	-32.108868	-10.409815	1.504331	0.710504	-0.625175	-2.220335	0	0	0	0	0	0
18737832193	2597.101562	576.800781	-800.699219	671.000000	-1851.300781	247.601562	-38.510979	-112.616272	-5.846380	2.584889	-0.359478	5.218002	0	0	0	0	0	0
19160029496	2794.500000	603.898438	-341.099609	739.101562	-2369.699219	345.398438	-30.296520	-130.382996	17.541164	2.903024	1.576549	5.752641	0	0	0	0	0	0
19601882974	2960.601562	631.500000	-471.900391	741.898438	-2412.199219	314.398438	-35.146160	-136.140533	15.144828	3.009880	1.283296	5.870751	0	0	0	0	0	0
20030699255	3179.800781	717.398438	-558.800781	840.601562	-2576.500000	381.000000	-39.059994	-145.395721	17.048777	3.146610	1.263887	6.578924	0	0	0	0	0	0
20496054726	3211.000000	753.000000	-554.400391	880.398438	-2603.800781	400.898438	-38.659721	-147.703461	15.863306	3.083479	1.177251	6.933935	0	0	0	0	0	0
20931482611	3161.601562	759.000000	-505.000000	874.898438	-2592.599609	418.898438	-36.944031	-146.483826	18.986153	2.935781	1.359658	6.957177	0	0	0	0	0	0
21353023684	3308.699219	783.500000	-514.900391	908.699219	-2731.599609	436.699219	-37.777924	-153.751785	18.621447	3.101195	1.270734	7.179700	0	0	0	0	0	0
21784900327	3350.000000	842.199219	-559.599609	947.500000	-2704.199219	465.101562	-41.457176	-154.294006	18.265472	3.159141	1.489803	7.635554	0	0	0	0	0	0
22216041351	3451.101562	932.300781	-616.199219	1030.601562	-2774.800781	523.199219	-45.247154	-157.562103	20.173397	3.227546	1.661933	8.392106	0	0	0	0	0	0
22621536257	3194.800781	989.800781	-633.900391	1065.699219	-2489.599609	585.398438	-47.544983	-141.375534	20.702473	3.015068	2.065768	8.656727	0	0	0	0	0	0
23027119344	92.199219	63.398438	-26.599609	68.500000	-73.000000	39.898438	-1.435044	-3.149172	1.116143	0.127012	0.163674	0.428668	0	0	0	0	0	0
23445933648	-206.500000	23.101562	80.500000	1.398438	87.101562	30.699219	0.491291	13.822442	-7.442213	0.795807	0.787819	0.076215	0	0	0	0	0	0
23884498694	-1322.099609	-135.000000	861.000000	-216.099609	414.601562	40.199219	22.123684	65.092712	-7.843490	2.619037	3.829494	-1.130614	0	0	0	0	0	0
24296735556	-1942.900391	-120.000000	1191.800781	-261.800781	662.898438	125.898438	34.737381	90.049416	-8.736168	2.744504	4.471466	-0.980826	0	0	0	0	0	0
24701259715	-2171.000000	-123.800781	1337.199219	-311.500000	784.199219	134.101562	36.520710	102.254913	-1.061309	3.139859	5.271852	-1.110199	0	0	0	0	0	0
25141071560	-2202.500000	-278.699219	1661.800781	-414.300781	588.101562	50.101562	42.435211	101.665352	12.120417	4.001404	6.711971	-2.146128	0	0	0	0	0	0
25540250270	-2142.000000	-320.000000	1858.000000	-421.599609	378.101562	45.601562	45.283920	98.647446	21.451351	4.985114	7.732193	-2.352701	0	0	0	0	0	0
25956937732	-2168.699219	-414.500000	1865.101562	-505.599609	370.398438	-29.099609	47.430733	99.010269	16.613615	5.022718	7.500682	-3.015077	0	0	0	0	0	0
26377415282	-2234.099609	-434.599609	1849.800781	-540.500000	440.199219	-45.000000	48.385643	102.516403	13.699739	4.927746	7.314144	-3.300874	0	0	0	0	0	0
26810590109	-2229.000000	-388.800781	1770.000000	-518.000000	500.101562	-26.000000	46.305794	103.989754	11.475026	4.837123	7.042175	-3.071857	0	0	0	0	0	0
27227619096	-2271.000000	-374.099609	1742.300781	-517.400391	567.898438	-27.300781	45.098560	106.140640	10.987392	4.656514	6.947744	-3.029943	0	0	0	0	0	0
27589941542	-2294.199219	-399.900391	1736.300781	-555.300781	600.601562	-50.000000	45.552471	106.686218	10.966619	4.540642	6.819757	-3.263929	0	0	0	0	0	0
28028207970	9.300781	-210.099609	274.898438	-145.099609	-368.099609	-132.300781	8.259064	-4.837572	-15.936947	1.204378	1.148857	-1.267065	0	0	0	0	0	0
28463521109	778.800781	27.800781	-124.800781	118.300781	-749.400391	-0.900391	-2.472515	-39.384106	-14.312427	1.099129	-0.432031	0.790409	0	0	0	0	0	0
28931983167	2287.199219	109.199219	-349.199219	247.800781	-1978.400391	-55.400391	-18.635326	-100.286880	-10.009883	4.141967	-0.023060	1.569984	0	0	0	0	0	0
29311107834	2880.101562	63.699219	-312.500000	222.699219	-2608.500000	-126.800781	-19.848473	-125.583038	-11.201560	5.631920	0.302955	1.162999	0	0	0	0	0	0
29732037569	3005.000000	77.398438	-315.900391	235.398438	-2729.800781	-134.699219	-21.540045	-130.573776	-9.827142	6.012269	0.459658	1.251011	0	0	0	0	0	0
30148789199	3401.398438	116.398438	-396.699219	261.101562	-3006.199219	-163.000000	-27.616081	-146.497910	-4.321445	6.690331	0.627202	1.439939	0	0	0	0	0	0
30565058905	3552.500000	130.699219	-674.699219	249.898438	-2932.699219	-245.199219	-40.902267	-145.259460	-14.248704	7.148014	0.561216	1.185675	0	0	0	0	0	0
30999640034	2734.300781	-188.500000	-1515.199219	-163.199219	-1463.000000	-690.000000	-61.814823	-92.659927	-49.227741	5.185559	-2.177260	-2.800658	0	0	0	0	0	0
31431748632	1674.898438	288.300781	-2365.099609	83.398438	276.300781	-360.500000	-81.088318	-27.328833	-75.507378	2.013818	-4.777198	-0.074261	0	0	0	0	0	0
31830962320	-335.199219	76.199219	-1616.500000	-260.699219	1512.199219	-291.500000	-35.898888	49.723038	-76.238136	-1.056943	-6.006924	-1.910100	0	0	0	0	0	0
32267210470	-2071.500000	-398.500000	431.800781	-676.599609	1490.500000	-273.099609	33.051590	97.528488	-23.516081	-1.012252	-1.378086	-4.324253	0	0	0	0	0	0
32721242674	-1413.099609	-897.400391	1796.000000	-731.900391	-477.400391	-385.699219	57.188946	44.677711	-22.217821	3.772214	5.872199	-6.213774	0	0	0	0	0	0
33122822942	1898.500000	-134.699219	84.199219	-44.699219	-2448.800781	-223.000000	-22.175152	-69.802826	-82.594116	9.780834	5.206879	-0.413108	0	0	0	0	0	0
33519884835	2500.800781	373.898438	-1617.699219	325.898438	-1824.500000	-156.099609	-70.137474	-71.743935	-166.869400	9.429448	0.558777	2.033407	0	0	0	0	0	0
33943303812	216.500000	-220.699219	-901.199219	-341.000000	91.398438	-420.099609	-24.996635	15.657484	-106.393654	3.095346	-1.369940	-3.037774	0	0	0	0	0	0
34372213576	200.199219	-81.300781	86.601562	-99.699219	229.800781	-153.000000	-2.540107	-4.198405	94.189079	-0.689872	-0.570434	-0.911152	0	0	0	0	0	0
34805989638	328.101562	132.101562	-716.900391	39.601562	797.398438	-86.699219	-10.054644	-4.578692	76.641205	-3.562128	-5.338690	0.322419	0	0	0	0	0	0
35234119562	217.199219	-3.099609	-196.000000	-15.400391	177.300781	-79.099609	-3.577059	-5.107143	32.548233	-0.868081	-1.609198	-0.124472	0	0	0	0	0	0
35649111386	-192.699219	-114.099609	-438.300781	-127.000000	29.898438	-146.800781	-1.663098	2.999447	-106.894646	-0.801021	-1.539729	-1.130252	0	0	0	0	0	0
36063045252	-656.099609	-534.599609	-158.300781	-507.800781	25.199219	-440.500000	8.679902	17.594080	-142.529144	-0.535312	-0.694616	-4.541884	0	0	0	0	0	0
36469850994	-1121.699219	-585.199219	-561.500000	-719.900391	1012.800781	-623.800781	1.990389	49.311291	-122.210762	-2.573785	-2.980798	-6.053849	0	0	0	0	0	0
36790350518	-2456.199219	-621.699219	943.898438	-705.099609	981.699219	-288.699219	53.005810	85.442078	-95.694557	-2.458688	0.665839	-5.165038	0	0	0	0	0	0
37088727733	-1843.199219	-830.300781	2294.101562	-591.199219	-929.900391	-161.800781	73.169586	46.349701	-87.847466	4.403439	8.400541	-4.816332	0	0	0	0	0	0
37360386868	1288.800781	-213.599609	340.800781	-130.500000	-2108.300781	-194.500000	-8.984660	-43.166180	-85.744728	9.825698	5.300129	-0.878283	0	0	0	0	0	0
37643956048	3052.500000	546.800781	-1894.599609	460.300781	-1774.199219	-82.500000	-75.489731	-87.618523	-107.563179	9.533454	-2.067648	3.400541	0	0	0	0	0	0
38031182243	1746.000000	372.601562	-2202.099609	243.398438	-87.699219	-183.500000	-58.939487	-41.216721	-97.992432	1.475250	-6.730777	1.186280	0	0	0	0	0	0
38448185340	-1234.500000	-908.599609	-520.800781	-1012.699219	1382.300781	-895.699219	20.751419	44.116615	-74.299469	-6.065520	-6.175304	-8.912528	0	0	0	0	0	0
38890327086	-1227.599609	-582.300781	799.500000	-494.099609	85.898438	-290.800781	39.966640	32.181530	-63.038528	-0.603361	1.284849	-4.092341	0	0	0	0	0	0
39302242912	407.898438	-422.599609	482.000000	-294.000000	-1227.300781	-278.000000	10.120819	-24.020020	-62.548298	4.295846	3.615968	-2.632297	0	0	0	0	0	0
39731317454	2508.601562	196.101562	-727.599609	241.601562	-2224.699219	-119.500000	-38.705765	-89.269379	-79.670677	8.653901	1.537823	1.606280	0	0	0	0	0	0
40174800145	3443.500000	350.699219	-1219.000000	352.000000	-2610.199219	-175.599609	-59.360119	-117.941559	-68.750824	10.307504	0.617297	2.335818	0	0	0	0	0	0
40619247603	3579.699219	459.500000	-1795.000000	439.601562	-2263.400391	-180.900391	-70.337143	-119.820435	-84.767815	8.939447	-1.959780	2.680169	0	0	0	0	0	0
41045196218	3631.000000	650.898438	-2418.500000	576.398438	-1682.300781	-133.599609	-86.621025	-114.541725	-83.645195	7.161359	-4.572824	3.818223	0	0	0	0	0	0
41474237184	627.898438	155.898438	-1129.199219	75.800781	182.101562	-120.000000	-24.268396	-15.708900	-56.413136	-0.535839	-3.765324	0.190941	0	0	0	0	0	0
41867991110	167.500000	-40.099609	-81.800781	-34.400391	-101.900391	-81.500000	-0.926116	-8.158439	-0.777578	0.211434	-0.214521	-0.430658	0	0	0	0	0	0
42296046285	1324.300781	-305.599609	-205.300781	-208.400391	-1087.699219	-384.800781	-7.823329	-54.884598	0.153815	2.950887	-0.318818	-2.293067	0	0	0	0	0	0
42725029698	3035.398438	205.699219	-647.800781	312.101562	-2406.800781	-92.599609	-25.359003	-123.669792	-3.234706	6.073848	-1.282608	2.015607	0	0	0	0	0	0
43172173394	3505.800781	301.699219	-815.900391	418.199219	-2718.699219	-64.699219	-32.325806	-142.714828	-7.806297	6.714938	-1.617715	2.692186	0	0	0	0	0	0
43634715180	3542.101562	234.398438	-775.500000	358.800781	-2803.500000	-130.900391	-30.232321	-144.517914	-9.440592	6.710285	-1.572716	2.142406	0	0	0	0	0	0
44056527970	3633.199219	269.500000	-806.599609	393.898438	-2856.099609	-114.400391	-30.980072	-149.623016	-9.100424	6.744334	-1.779385	2.411606	0	0	0	0	0	0
44449178998	3710.601562	278.199219	-840.199219	405.500000	-2921.599609	-116.000000	-32.131081	-151.790436	-8.209947	6.901990	-1.773461	2.463772	0	0	0	0	0	0
44904802019	3787.800781	232.500000	-774.300781	368.800781	-3055.400391	-143.000000	-29.963810	-156.833420	-9.521308	7.246967	-1.696927	2.077597	0	0	0	0	0	0
45317424261	4146.699219	295.101562	-887.300781	408.300781	-3282.000000	-162.699219	-35.519970	-169.544632	-7.966758	7.927415	-1.885415	2.461918	0	0	0	0	0	0
45746597918	4043.699219	280.300781	-815.699219	391.500000	-3259.900391	-147.400391	-33.099075	-166.396729	-7.183948	7.927403	-1.615623	2.378560	0	0	0	0	0	0
46099381874	4149.300781	262.000000	-745.099609	383.601562	-3435.500000	-150.199219	-30.602352	-172.548096	-8.355906	8.184971	-1.550781	2.352306	0	0	0	0	0	0
46526696397	4310.300781	280.199219	-786.500000	401.000000	-3560.699219	-142.699219	-32.836777	-178.681686	-6.192821	8.536651	-1.551018	2.448972	0	0	0	0	0	0
46951220775	4368.300781	284.500000	-824.500000	413.699219	-3587.699219	-162.000000	-33.956440	-181.286484	-7.250552	8.591054	-1.619085	2.517412	0	0	0	0	0	0
47388492782	4452.601562	302.000000	-805.599609	423.199219	-3677.400391	-151.699219	-34.936901	-183.249924	-6.210192	8.989802	-1.340370	2.591475	0	0	0	0	0	0
47686780175	4480.300781	291.500000	-809.400391	412.800781	-3702.800781	-162.099609	-34.899498	-185.500137	-7.269784	9.011133	-1.402704	2.492113	0	0	0	0	0	0
48058820524	4557.800781	276.699219	-790.099609	399.199219	-3761.599609	-174.900391	-34.067055	-187.697922	-6.011384	9.147820	-1.428458	2.405351	0	0	0	0	0	0
48402018375	4606.199219	279.000000	-804.300781	396.601562	-3819.400391	-194.599609	-34.860542	-190.175186	-6.726583	9.351071	-1.432828	2.354902	0	0	0	0	0	0
48751833698	4587.500000	262.199219	-785.800781	385.300781	-3832.300781	-194.400391	-33.872536	-189.723114	-7.769105	9.362289	-1.413508	2.210861	0	0	0	0	0	0
49108282086	4798.398438	337.601562	-847.199219	446.500000	-3951.599609	-156.699219	-37.618069	-197.047791	-4.414112	9.703054	-1.453635	2.817727	0	0	0	0	0	0
49462514686	4900.101562	396.800781	-853.300781	505.500000	-4064.900391	-112.400391	-38.852886	-201.181686	-5.688002	10.074831	-1.303987	3.337714	0	0	0	0	0	0
49810119792	2649.199219	305.699219	-652.500000	387.398438	-2064.800781	19.500000	-27.618198	-100.946419	-11.629208	5.710141	-0.505600	2.427404	0	0	0	0	0	0
50177744664	282.300781	-51.800781	-124.800781	-45.099609	-199.500000	-96.199219	-3.524763	-5.964227	-7.557164	0.790659	0.175182	-0.668126	0	0	0	0	0	0
50527993279	-723.900391	-188.500000	240.199219	-236.699219	373.199219	-138.400391	8.193222	36.629257	-17.048073	0.719535	1.396227	-1.962468	0	0	0	0	0	0
50884809292	-1973.099609	-329.000000	898.699219	-510.099609	946.398438	-153.900391	27.220890	90.102440	-20.779404	1.126559	3.410776	-3.130343	0	0	0	0	0	0
51240264689	-2237.500000	-381.199219	938.398438	-620.300781	1117.601562	-191.699219	30.041561	103.253830	-26.595694	1.245630	3.318753	-3.823500	0	0	0	0	0	0
51573907341	-2217.500000	-444.500000	995.699219	-674.500000	1059.000000	-241.500000	30.626720	104.200607	-25.693302	1.790120	3.757412	-4.285798	0	0	0	0	0	0
51922428081	-2235.199219	-427.699219	946.000000	-676.400391	1116.699219	-235.400391	28.746979	106.635025	-28.329199	1.839457	3.596971	-4.235682	0	0	0	0	0	0
52270808958	-2153.900391	-494.000000	948.699219	-726.699219	984.699219	-300.400391	27.031118	105.319412	-35.558430	2.768291	4.127772	-4.816921	0	0	0	0	0	0
52628165375	-2167.800781	-369.900391	844.800781	-640.599609	1080.800781	-195.199219	24.776993	109.153366	-37.155140	2.901439	3.739868	-3.870531	0	0	0	0	0	0
52977690242	-1881.699219	-434.699219	827.398438	-614.599609	848.300781	-250.599609	26.537661	89.870209	-34.830414	2.277635	3.122605	-3.963397	0	0	0	0	0	0
53327822976	-80.800781	-81.900391	-2.300781	-89.500000	41.000000	-91.199219	0.881515	3.502376	-5.578950	0.114304	0.302040	-0.608656	0	0	0	0	0	0
53673435723	-99.500000	-38.800781	60.000000	-26.599609	8.199219	-25.000000	3.442737	2.442912	-3.678430	0.005585	0.227853	-0.123862	0	0	0	0	0	0
54019540327	-976.099609	-51.199219	170.300781	-183.900391	731.300781	-55.000000	5.153914	47.638908	-9.720941	-0.271561	0.980269	-1.000261	0	0	0	0	0	0
54448720620	-1769.699219	-74.300781	515.601562	-356.699219	1210.601562	-47.199219	9.449697	88.335678	0.231160	0.598345	3.001386	-1.637123	0	0	0	0	0	0
54921090231	-2126.900391	38.601562	473.699219	-381.900391	1589.199219	18.500000	7.422086	108.133171	0.081106	0.129819	2.892643	-1.116734	0	0	0	0	0	0
55339996235	-2337.500000	48.101562	313.800781	-463.599609	1891.699219	-6.099609	4.214470	119.947952	-11.468466	-0.535624	2.161228	-1.392266	0	0	0	0	0	0
55750668689	-2368.099609	12.898438	242.101562	-506.400391	1966.898438	-56.500000	3.919834	119.908585	-13.982736	-1.162496	1.706188	-1.825480	0	0	0	0	0	0
56210917191	-2146.599609	-99.300781	193.601562	-530.800781	1771.500000	-131.099609	5.234673	105.062462	-22.089569	-1.328752	1.232989	-2.438804	0	0	0	0	0	0
56666210495	7.101562	-23.599609	-41.300781	-26.800781	43.601562	-45.699219	1.120826	-1.306903	2.984756	-0.190301	-0.177047	-0.093258	0	0	0	0	0	0
57078565363	933.101562	160.699219	-227.300781	227.199219	-768.099609	100.300781	-7.627077	-39.924118	-9.814811	2.010726	-0.250859	1.974889	0	0	0	0	0	0
57493109588	2368.699219	326.601562	-652.500000	401.000000	-1816.099609	80.199219	-24.753752	-89.965019	-15.269464	5.725637	-1.067901	3.194612	0	0	0	0	0	0
57942200090	3223.898438	585.000000	-946.900391	644.199219	-2412.800781	190.300781	-36.524967	-121.430748	-23.288179	7.664291	-1.693136	5.019859	0	0	0	0	0	0
58368547575	3841.398438	692.398438	-1139.400391	751.101562	-2846.000000	205.398438	-42.879246	-145.536346	-23.284609	8.828116	-2.345638	5.773004	0	0	0	0	0	0
58813322570	2577.199219	356.800781	-877.199219	404.699219	-1808.199219	21.500000	-30.868946	-92.869232	-20.368484	5.790468	-1.676182	2.642500	0	0	0	0	0	0
59290185263	-48.900391	36.398438	12.898438	34.398438	28.199219	22.000000	2.558144	0.300594	0.900013	-0.072910	0.030595	0.230130	0	0	0	0	0	0
59727991445	-178.199219	130.601562	-62.099609	78.000000	194.500000	81.101562	-2.100162	11.537325	-6.424530	0.229133	0.237567	0.831518	0	0	0	0	0	0
60172525839	-1504.699219	377.101562	-232.400391	-32.199219	1608.398438	218.699219	-9.047018	86.779022	-13.280911	-0.811157	0.048368	1.551373	0	0	0	0	0	0
60587267247	-2131.599609	504.601562	-172.800781	-79.400391	2126.898438	331.199219	-7.734993	117.688309	-14.105586	-1.390580	0.242953	2.070883	0	0	0	0	0	0
60990466282	-2439.099609	574.500000	-56.800781	-82.699219	2298.898438	419.101562	-3.711141	130.912308	-15.506408	-1.560517	0.521412	2.536567	0	0	0	0	0	0
61398075841	-1729.599609	842.101562	-213.500000	331.898438	1790.500000	658.300781	-12.323081	97.852280	-7.715165	-0.816829	0.563764	5.579055	0	0	0	0	0	0
61790828992	-1654.500000	801.601562	-136.699219	344.101562	1621.000000	637.699219	-10.310636	91.738571	-13.410604	-0.372287	0.895304	5.258468	0	0	0	0	0	0
62197987001	-389.800781	164.101562	0.898438	103.199219	347.898438	123.000000	-1.611559	18.389732	-2.560857	-0.055632	0.382508	1.180469	0	0	0	0	0	0
62601369722	-462.599609	155.101562	-31.199219	63.000000	434.101562	108.699219	-2.442518	24.763908	-7.200511	-0.124576	0.420631	1.011011	0	0	0	0	0	0
63052679656	-1993.400391	542.601562	137.300781	82.300781	1859.101562	438.800781	2.239922	98.738602	17.092196	-2.476592	0.511481	3.116229	0	0	0	0	0	0
63388731834	-2346.000000	695.199219	82.800781	80.199219	2231.699219	538.300781	0.184492	117.521889	17.300293	-2.871377	0.375253	3.774295	0	0	0	0	0	0
63817911492	-2343.300781	707.500000	31.398438	72.300781	2316.800781	548.199219	-1.907926	119.917046	22.494436	-3.039489	0.237305	3.853579	0	0	0	0	0	0
64204594355	-2554.199219	802.699219	119.898438	129.500000	2421.699219	649.300781	1.442507	127.711662	20.787424	-3.080461	0.403074	4.598902	0	0	0	0	0	0
64478793839	-2573.800781	799.898438	31.699219	98.398438	2522.800781	618.199219	-2.406325	131.161743	23.260855	-3.132055	0.316644	4.422724	0	0	0	0	0	0
64883682232	-2511.199219	787.800781	11.199219	95.601562	2488.398438	597.101562	-2.515146	128.296860	23.884584	-3.181255	0.162782	4.339913	0	0	0	0	0	0
65304003715	-2572.199219	821.898438	44.699219	113.000000	2510.199219	629.000000	-1.428338	131.117065	21.208286	-3.178507	0.248524	4.550017	0	0	0	0	0	0
65729348690	-2553.500000	820.699219	49.300781	121.199219	2492.000000	634.601562	-1.107722	130.293518	22.208218	-3.185114	0.232040	4.616442	0	0	0	0	0	0
66150834592	-2516.500000	817.101562	69.601562	134.199219	2430.199219	651.398438	0.462507	126.997276	22.201807	-3.186641	0.188628	4.685410	0	0	0	0	0	0
66511887251	-2554.599609	824.500000	77.500000	132.300781	2476.101562	658.199219	0.574610	128.724487	23.776371	-3.301197	0.114005	4.684431	0	0	0	0	0	0
66861939620	-2528.599609	811.199219	71.000000	136.800781	2456.300781	644.800781	0.710989	127.520737	23.958698	-3.338327	0.065633	4.689468	0	0	0	0	0	0
67205020308	-2605.800781	837.199219	77.699219	138.101562	2498.199219	671.699219	1.101323	130.526749	20.852060	-3.337324	0.149996	4.807566	0	0	0	0	0	0
67555606743	-2573.099609	840.398438	49.800781	143.101562	2505.699219	666.898438	-0.371804	129.827972	22.278259	-3.345738	0.078466	4.782832	0	0	0	0	0	0
67904266550	-2612.800781	851.398438	62.699219	142.000000	2527.500000	678.199219	0.607674	131.447937	22.708015	-3.430099	0.051064	4.889454	0	0	0	0	0	0
68262083785	-2576.599609	825.000000	71.398438	131.601562	2479.699219	656.500000	1.109226	128.744919	22.507969	-3.395713	0.026892	4.754860	0	0	0	0	0	0
68606420889	-2450.199219	762.800781	71.699219	112.000000	2363.300781	607.500000	0.814628	122.472023	20.645029	-3.224954	0.044489	4.358980	0	0	0	0	0	0
68958417425	-2163.000000	665.601562	-1.500000	81.898438	2142.101562	511.300781	-1.862167	109.786629	16.962021	-2.759918	0.059665	3.704200	0	0	0	0	0	0
69302302720	-2070.199219	629.398438	24.699219	87.398438	2018.300781	483.699219	-1.028866	104.270866	14.388798	-2.528907	0.152087	3.527104	0	0	0	0	0	0
69651952608	-1898.800781	545.398438	51.101562	75.300781	1819.500000	424.500000	-0.133634	93.593185	11.730433	-2.242118	0.225885	3.076677	0	0	0	0	0	0
70052522028	-24.699219	-21.000000	-68.199219	-21.000000	96.000000	-47.000000	-2.643066	0.628669	0.618018	-0.077038	-0.117285	-0.156260	0	0	0	0	0	0
70444544975	61.199219	43.101562	-121.800781	39.199219	44.699219	-7.400391	-4.182829	-3.599539	0.383951	0.044688	-0.097765	0.335620	0	0	0	0	0	0
70842902111	652.601562	-12.400391	-119.500000	55.898438	-554.900391	-48.800781	-4.608232	-29.679037	-4.846011	1.215711	-0.141005	0.238087	0	0	0	0	0	0
71251492307	2285.300781	112.898438	-371.400391	244.601562	-1909.400391	-40.000000	-16.371695	-95.330963	-0.362571	4.971070	-0.601657	1.632545	0	0	0	0	0	0
71695214493	2885.500000	174.300781	-495.800781	318.601562	-2399.500000	-44.300781	-21.853928	-118.624695	-4.795831	6.312789	-0.848425	2.009723	0	0	0	0	0	0
72128846606	3631.500000	327.500000	-764.699219	451.601562	-2889.800781	-14.900391	-32.232662	-146.285614	-5.946073	7.724518	-1.438695	3.018292	0	0	0	0	0	0
72604825360	3534.898438	267.800781	-682.400391	397.300781	-2894.300781	-61.500000	-27.990120	-143.693604	-7.297969	7.568694	-1.366216	2.590560	0	0	0	0	0	0
72993331691	3840.398438	357.300781	-741.300781	481.101562	-3137.699219	-15.500000	-30.698713	-157.336853	-6.766277	8.141921	-1.507265	3.353113	0	0	0	0	0	0
73337963116	3902.000000	349.601562	-746.400391	468.500000	-3190.000000	-30.900391	-31.185659	-159.866028	-6.653778	8.244530	-1.513873	3.185626	0	0	0	0	0	0
73686351779	3883.699219	227.699219	-748.900391	346.601562	-3147.099609	-162.199219	-32.532326	-157.978241	-8.438321	8.245185	-1.357610	2.064804	0	0	0	0	0	0
74033833425	4133.101562	229.199219	-765.300781	344.300781	-3404.400391	-184.199219	-34.903786	-168.557114	-8.782062	9.012963	-1.167032	2.076644	0	0	0	0	0	0
74386637310	4183.101562	181.800781	-755.699219	302.898438	-3466.900391	-237.000000	-33.571793	-170.810181	-9.059419	9.001534	-1.242990	1.583570	0	0	0	0	0	0
74732531979	4283.300781	156.300781	-773.599609	288.199219	-3530.699219	-246.800781	-34.477222	-174.904480	-7.501374	9.187027	-1.372786	1.329008	0	0	0	0	0	0
75083243422	4281.601562	110.000000	-765.800781	238.000000	-3524.500000	-309.199219	-33.436958	-175.240158	-6.272113	9.034941	-1.459123	0.962135	0	0	0	0	0	0
75480572174	4356.500000	182.101562	-816.300781	304.601562	-3558.199219	-251.400391	-35.233196	-177.554962	-4.414669	9.136469	-1.586019	1.573531	0	0	0	0	0	0
75820808711	4316.699219	159.601562	-758.300781	291.601562	-3566.599609	-251.099609	-33.330898	-176.350723	-4.245377	9.095243	-1.441320	1.480968	0	0	0	0	0	0
76160012622	4283.000000	222.800781	-766.099609	345.000000	-3542.900391	-192.099609	-33.284485	-175.438126	-4.990156	9.091294	-1.474133	1.985651	0	0	0	0	0	0
76506701006	4318.000000	272.699219	-770.300781	386.398438	-3569.400391	-147.900391	-33.264664	-176.964600	-5.519090	9.130994	-1.572548	2.408252	0	0	0	0	0	0
76846929293	4364.300781	271.398438	-802.400391	399.300781	-3567.000000	-157.400391	-34.057320	-178.238800	-7.172934	9.024343	-1.764443	2.503712	0	0	0	0	0	0
77188248056	4338.300781	244.898438	-818.900391	377.000000	-3541.300781	-178.599609	-34.039177	-177.353256	-8.989470	8.911801	-1.806747	2.199184	0	0	0	0	0	0
77611093893	4369.199219	243.800781	-800.199219	370.898438	-3603.900391	-191.500000	-32.963184	-180.369751	-10.412917	9.014125	-1.830272	2.194231	0	0	0	0	0	0
78061601839	4480.601562	262.800781	-845.400391	398.898438	-3673.199219	-177.699219	-34.549557	-183.951141	-8.929832	9.219310	-1.911801	2.314600	0	0	0	0	0	0
78454454502	4347.898438	226.199219	-802.800781	347.699219	-3576.199219	-191.000000	-33.601376	-178.619415	-10.015903	8.971238	-1.802283	1.954860	0	0	0	0	0	0
78763768629	4436.000000	202.898438	-828.800781	334.000000	-3661.400391	-239.500000	-34.565575	-182.221237	-9.817457	9.169206	-1.832106	1.741460	0	0	0	0	0	0
79188180917	4396.898438	177.601562	-817.900391	312.500000	-3621.300781	-253.699219	-33.842960	-180.778717	-9.912149	9.096722	-1.845824	1.570697	0	0	0	0	0	0
79556333660	4465.398438	203.000000	-858.699219	331.398438	-3634.900391	-228.199219	-35.417538	-182.417999	-9.936261	9.244974	-1.899457	1.682139	0	0	0	0	0	0
79977651707	4426.199219	136.500000	-1007.400391	251.199219	-3475.500000	-338.199219	-40.957943	-176.753448	-17.824146	9.305170	-2.172793	0.828126	0	0	0	0	0	0
80397949033	4316.699219	101.800781	-1486.000000	197.601562	-2996.800781	-476.500000	-56.887608	-163.552567	-37.615696	8.616323	-3.096433	0.046915	0	0	0	0	0	0
80823890154	4343.101562	62.898438	-2689.099609	76.000000	-1982.800781	-792.199219	-90.897667	-149.018539	-70.047546	6.613530	-6.867951	-1.744028	0	0	0	0	0	0
81254704529	4092.699219	36.199219	-2856.199219	51.398438	-1842.400391	-823.000000	-94.140396	-133.981781	-119.082512	7.462641	-6.832768	-2.167307	0	0	0	0	0	0
81633810225	3428.000000	-76.000000	-2775.000000	-98.699219	-1235.599609	-859.099609	-83.792252	-105.604515	-115.855225	5.555335	-7.602369	-3.247563	0	0	0	0	0	0
82013779417	595.101562	-182.300781	-485.300781	-205.599609	-130.900391	-340.400391	-17.173454	-13.088921	-7.995692	1.353817	-0.529011	-2.154103	0	0	0	0	0	0
82420760632	9.000000	1.601562	0.699219	8.000000	0.898438	-11.300781	1.296261	-2.242173	1.979733	-0.092347	-0.074748	-0.057280	0	0	0	0	0	0
82756378570	-179.000000	-73.900391	80.699219	-40.699219	-18.699219	-24.099609	13.686632	2.911699	-23.169867	-0.332064	-1.109237	-0.493905	0	0	0	0	0	0
83169916698	183.300781	136.800781	-802.800781	189.898438	-483.000000	194.800781	19.373371	-6.074034	-201.971573	2.272263	-6.456911	1.835736	0	0	0	0	0	0
83565529547	12.500000	124.500000	-1470.099609	226.398438	-642.000000	334.101562	45.038719	-2.249150	-377.881927	3.446291	-13.386469	2.126860	0	0	0	0	0	0
83974300901	106.300781	42.199219	-1305.199219	107.898438	-672.699219	152.300781	27.005095	-5.924542	-336.142120	3.423488	-9.748305	0.975770	0	0	0	0	0	0
84388836795	263.800781	65.199219	-1348.000000	147.398438	-791.199219	167.800781	25.859308	-10.495680	-340.214508	4.005509	-10.093992	1.275457	0	0	0	0	0	0
84792778362	195.500000	75.800781	-1362.599609	135.300781	-709.699219	166.898438	27.140020	-6.425108	-339.854614	3.998273	-10.278351	1.246261	0	0	0	0	0	0
85172336291	134.101562	71.699219	-1302.300781	154.398438	-716.000000	202.101562	32.702938	-4.867748	-340.357452	4.025826	-10.649349	1.377017	0	0	0	0	0	0
85547260291	322.398438	114.300781	-1624.699219	150.199219	-598.000000	157.398438	21.151648	-6.225661	-339.889313	4.195387	-11.408629	1.381523	0	0	0	0	0	0
85897447692	-33.599609	37.199219	-1081.199219	36.101562	-186.900391	94.800781	21.673113	8.184681	-233.398209	2.445019	-8.452492	0.449666	0	0	0	0	0	0
86312167016	-270.300781	-102.400391	-171.400391	-116.400391	149.398438	-97.500000	5.627160	8.724873	-45.974812	-0.348924	-1.335674	-1.077891	0	0	0	0	0	0
86695002691	68.199219	-82.800781	149.199219	-74.800781	-20.900391	-96.300781	-1.266820	-3.819253	37.535923	0.225852	0.998139	-0.782351	0	0	0	0	0	0
87077525020	575.800781	-251.500000	642.000000	-237.900391	-44.599609	-271.000000	-8.570879	-6.511976	207.697617	2.470041	3.843092	-2.419027	0	0	0	0	0	0
87491589304	284.500000	-246.199219	866.300781	-242.900391	107.300781	-248.400391	-9.252307	3.704396	225.235260	2.114828	5.447756	-2.351418	0	0	0	0	0	0
87893740423	366.300781	-278.300781	897.199219	-281.000000	131.300781	-287.900391	-9.102174	3.472326	245.828857	2.406857	5.315547	-2.704327	0	0	0	0	0	0
88311487884	581.199219	-246.599609	783.898438	-246.500000	-2.199219	-279.800781	-13.555569	-3.616045	241.741898	2.819760	5.265684	-2.353049	0	0	0	0	0	0
88712717221	231.398438	-32.000000	-14.599609	-15.000000	-38.800781	-65.099609	-3.766046	-5.291989	32.143875	0.720519	0.277696	-0.237064	0	0	0	0	0	0
89136839751	299.800781	-12.800781	-272.300781	21.500000	-52.699219	-50.300781	-3.599580	-11.375017	-6.280382	0.135987	-1.252815	-0.125792	0	0	0	0	0	0
89542493834	-841.000000	-426.699219	1085.000000	-156.500000	-482.699219	79.800781	78.188568	3.945125	-46.662197	-0.846161	-2.825202	-1.742346	0	0	0	0	0	0
89903598293	-1320.699219	-644.099609	1559.101562	-305.500000	-573.800781	62.199219	107.186707	11.481133	-60.929989	-1.315582	-3.635895	-2.789323	0	0	0	0	0	0
90295195241	-1386.199219	-602.699219	1671.199219	-226.300781	-604.099609	148.601562	113.295700	10.879526	-60.360470	-1.497029	-3.865301	-2.176285	0	0	0	0	0	0
90709584284	-1451.900391	-582.699219	1533.800781	-254.599609	-448.099609	121.300781	109.746925	16.486839	-67.368042	-1.781984	-4.144474	-2.239214	0	0	0	0	0	0
91113949411	-1475.400391	-246.400391	1723.398438	50.699219	-598.599609	430.300781	100.924911	20.580355	-60.906124	-0.438489	-1.124469	0.828715	0	0	0	0	0	0
91534786660	-1904.300781	-62.699219	2155.398438	243.601562	-597.400391	722.500000	111.328865	33.708206	-57.942726	-0.210906	0.644310	2.630579	0	0	0	0	0	0
91965291062	-1849.500000	-14.400391	2349.601562	340.199219	-860.400391	845.101562	120.521133	25.053110	-55.803223	-0.096402	0.789957	3.435574	0	0	0	0	0	0
92384873296	-2057.199219	-34.199219	2582.800781	340.800781	-908.699219	894.398438	131.087311	30.079031	-59.876190	-0.028611	1.026078	3.516502	0	0	0	0	0	0
92778519603	-2034.400391	-29.599609	2583.699219	331.601562	-907.199219	876.000000	129.448349	29.118238	-54.807606	0.019425	1.375385	3.452185	0	0	0	0	0	0
93161285138	-2107.199219	-94.699219	2708.300781	276.300781	-943.500000	859.898438	133.574783	29.847916	-53.793442	0.016897	1.560503	3.053866	0	0	0	0	0	0
93573789638	-2241.699219	-149.199219	2909.300781	253.800781	-1053.699219	852.601562	143.082809	30.442554	-58.474205	0.031181	1.841465	2.872547	0	0	0	0	0	0
93982059227	-172.699219	-154.199219	228.101562	-82.699219	-306.099609	-43.900391	14.733896	-2.776685	-39.767471	0.487100	0.162695	-0.791474	0	0	0	0	0	0
94374640841	904.500000	162.800781	-1279.800781	31.699219	183.800781	-226.900391	-54.231659	-17.192415	-30.416470	0.860661	-0.967831	0.155423	0	0	0	0	0	0
94779104856	1447.000000	319.000000	-2408.699219	59.699219	749.601562	-367.900391	-95.239006	-18.983768	-35.282318	0.399408	-3.501281	0.108385	0	0	0	0	0	0
95197734240	1795.101562	406.601562	-2944.400391	80.101562	938.699219	-433.400391	-113.878159	-23.715603	-34.096878	0.372973	-4.639807	0.206731	0	0	0	0	0	0
95605618877	2036.398438	456.101562	-3330.500000	73.101562	1098.199219	-476.800781	-128.339539	-26.084208	-31.492430	0.306231	-5.489195	0.179380	0	0	0	0	0	0
96034851684	2085.500000	470.101562	-3381.800781	103.300781	1105.898438	-474.000000	-129.056244	-27.102451	-32.466991	0.321098	-5.767223	0.299708	0	0	0	0	0	0
96436180904	2117.300781	490.199219	-3411.000000	112.398438	1081.898438	-473.900391	-130.193405	-28.817200	-35.397659	0.353863	-5.759376	0.422294	0	0	0	0	0	0
96814168868	2200.500000	507.500000	-3568.099609	115.199219	1144.800781	-481.199219	-133.625183	-29.444338	-37.302299	0.262415	-6.340228	0.457563	0	0	0	0	0	0
97232017539	2174.199219	494.101562	-3555.400391	125.500000	1167.500000	-489.199219	-133.998352	-28.839371	-34.437008	0.166345	-6.249007	0.313483	0	0	0	0	0	0
97630594262	2224.601562	492.699219	-3620.300781	88.601562	1209.300781	-517.500000	-136.775574	-29.088852	-32.397812	0.146143	-6.377412	0.187405	0	0	0	0	0	0
98034430649	1654.898438	458.898438	-3034.800781	97.398438	1202.800781	-391.900391	-110.875351	-13.815741	-29.823095	-0.191449	-5.554547	0.392750	0	0	0	0	0	0
98496193288	0.398438	-0.699219	2.601562	20.500000	7.101562	-8.199219	1.269415	-2.068130	1.210899	-0.092901	-0.067156	-0.033559	0	0	0	0	0	0
98940297323	2.800781	-4.099609	-0.800781	21.800781	11.199219	-0.199219	1.444795	-1.988191	1.322463	-0.094268	-0.047725	-0.033337	0	0	0	0	0	0
99403776401	-0.400391	-2.800781	-2.500000	20.601562	15.199219	-1.599609	1.455806	-1.848630	1.443059	-0.096553	-0.044592	-0.033888	0	0	0	0	0	0
99880802126	-0.900391	-7.800781	-1.199219	16.500000	14.300781	-2.099609	1.545828	-1.925502	1.323482	-0.097765	-0.039700	-0.032875	0	0	0	0	0	0
100333280574	-7.699219	-14.300781	-8.500000	15.898438	13.000000	-2.000000	1.406125	-1.949903	1.318073	-0.092575	-0.038780	-0.033586	0	0	0	0	0	0
100769746267	-4.500000	-2.699219	-3.599609	17.500000	8.601562	-1.699219	1.445381	-1.948047	2.173130	-0.092623	-0.038507	-0.037225	0	0	0	0	0	0
101122996665	-5.900391	-4.000000	-4.699219	16.699219	16.300781	-2.800781	1.494704	-1.855057	1.400799	-0.097909	-0.041185	-0.034784	0	0	0	0	0	0
101483567532	-2.699219	-6.099609	-0.900391	16.000000	14.000000	-0.500000	1.454621	-1.788538	1.166449	-0.095471	-0.044166	-0.035014	0	0	0	0	0	0
101842134748	-3.199219	-10.000000	-3.500000	18.300781	16.500000	1.000000	1.447639	-1.821228	1.595317	-0.094981	-0.037342	-0.034435	0	0	0	0	0	0
102195108782	1.800781	-8.300781	-2.500000	19.199219	9.101562	-6.400391	1.546730	-1.838235	1.403663	-0.093232	-0.040562	-0.031906	0	0	0	0	0	0
