1209137	2.398438	4.398438	2.800781	-1.900391	2.300781	7.101562	-0.120727	-0.070142	-0.733414	0.002893	-0.003059	0.006306	0	0	0	0	0	0
287504931	0.398438	1.898438	5.800781	6.101562	5.000000	13.601562	-0.172850	-0.110106	0.150811	0.001314	-0.001336	-0.001816	0	0	0	0	0	0
590396472	-0.500000	0.101562	0.500000	9.300781	-4.199219	8.500000	-0.079926	-0.110207	0.614007	0.001875	-0.000978	-0.004736	0	0	0	0	0	0
874356283	-0.199219	-3.199219	2.300781	-1.099609	-4.699219	3.601562	-0.081039	-0.120997	-0.395925	0.005074	-0.005516	0.000276	0	0	0	0	0	0
1179964939	0.601562	4.398438	3.500000	4.199219	-0.099609	-1.699219	-0.015770	-0.010078	-0.762162	0.001939	-0.002397	0.010405	0	0	0	0	0	0
1496162145	-0.099609	3.601562	5.398438	0.500000	-2.599609	-2.000000	-0.009496	-0.048099	-0.078327	0.001617	-0.002463	0.000682	0	0	0	0	0	0
1906116784	0.500000	5.500000	2.800781	5.699219	2.898438	3.199219	-0.130276	-0.197911	-0.123130	0.003291	-0.002295	0.000234	0	0	0	0	0	0
2363333007	9.000000	1.000000	4.699219	0.898438	3.398438	11.500000	-0.035399	-0.051302	-0.928910	0.004186	-0.011586	0.005449	0	0	0	0	0	0
2776762502	-3.400391	1.500000	10.199219	2.300781	-0.300781	-6.900391	0.018865	-0.013417	-0.277660	-0.001471	-0.005072	-0.002524	0	0	0	0	0	0
3213765407	-5.199219	2.601562	3.000000	-0.900391	-6.400391	-8.800781	-0.031504	0.063659	-0.036353	0.000445	-0.002711	0.000009	0	0	0	0	0	0
3676620506	146.300781	-52.500000	-183.000000	-34.099609	-176.199219	-46.000000	4.605510	-6.947612	-40.551170	0.527678	-1.816694	-0.329370	0	0	0	0	0	0
4159927118	-1981.900391	-191.699219	888.000000	-219.699219	710.199219	182.101562	59.447105	70.489639	-69.166107	-1.594279	-1.102291	-0.687759	0	0	0	0	0	0
4530803366	-1460.599609	80.500000	1362.500000	211.398438	-432.599609	555.699219	58.810310	33.621315	-89.638069	1.057806	3.255596	2.376477	0	0	0	0	0	0
4939168411	1486.101562	-252.000000	-1294.599609	-319.099609	-567.000000	-636.599609	-58.092339	-35.145687	-72.630806	4.069510	-0.227601	-3.375485	0	0	0	0	0	0
5378302059	-983.199219	-231.500000	-655.000000	-487.800781	1276.199219	-336.099609	-4.340188	65.931946	-67.409180	-0.018809	-3.533102	-3.467426	0	0	0	0	0	0
5808102450	-2443.599609	-37.599609	1419.199219	-48.000000	607.300781	493.398438	80.763985	81.915375	-67.031593	-0.770700	-0.656192	1.225371	0	0	0	0	0	0
6186019301	-150.000000	1292.601562	189.500000	1282.199219	-489.300781	1399.000000	17.512960	0.609769	-65.166344	2.062788	-0.405568	12.406096	0	0	0	0	0	0
6497494827	-622.099609	-440.000000	229.500000	-412.000000	-103.900391	-229.500000	28.450071	29.703327	-94.420189	2.623434	-1.528846	-3.615568	0	0	0	0	0	0
6863854697	-735.800781	-982.400391	57.500000	-960.900391	189.101562	-766.500000	31.512804	39.472893	-101.831345	2.157742	-3.394412	-8.458434	0	0	0	0	0	0
7281913700	1325.601562	-264.699219	-1485.900391	-309.599609	-268.800781	-582.099609	-38.357803	-28.798576	-83.503052	3.272735	-5.143063	-3.301893	0	0	0	0	0	0
7703935926	-1250.099609	-166.900391	-628.199219	-438.599609	1453.898438	-202.699219	13.324246	74.127235	-77.594742	-1.161820	-5.818003	-2.644820	0	0	0	0	0	0
8113671999	-2493.500000	227.101562	1656.500000	227.398438	506.800781	767.398438	83.204330	77.966072	-45.765221	-1.187497	0.632590	3.592938	0	0	0	0	0	0
8553520885	1044.199219	206.800781	450.601562	355.101562	-1578.300781	311.500000	6.377721	-51.660683	-10.438249	4.344138	2.568005	2.989659	0	0	0	0	0	0
8974332429	2575.300781	62.800781	-1017.599609	114.101562	-1633.199219	-321.099609	-51.094841	-93.116913	-15.245501	4.969832	-0.258275	-0.016447	0	0	0	0	0	0
9311519344	2816.300781	44.000000	-1968.500000	9.101562	-1064.800781	-550.500000	-73.330597	-85.485237	-45.981777	4.759617	-3.838727	-1.287734	0	0	0	0	0	0
9720773692	102.000000	-53.800781	-719.900391	-208.000000	521.800781	-297.900391	-34.400208	16.892214	-18.702770	0.631533	0.005873	-1.713155	0	0	0	0	0	0
10106019904	-1299.599609	261.000000	177.898438	70.898438	950.101562	265.898438	5.909648	59.910271	-21.508823	-1.218805	0.744890	1.596043	0	0	0	0	0	0
10482018003	-2315.300781	144.398438	1214.500000	22.000000	900.000000	460.398438	49.612442	80.213554	-25.247477	-2.004741	2.151246	1.684291	0	0	0	0	0	0
10819499256	-928.199219	93.601562	1114.199219	171.300781	-350.300781	392.800781	32.937939	23.225639	-24.013597	1.651514	4.048569	1.977488	0	0	0	0	0	0
11164830681	1965.601562	285.101562	-194.800781	389.601562	-1962.800781	159.199219	-20.681036	-80.998070	-36.257587	5.979566	1.852412	3.200697	0	0	0	0	0	0
11505587766	2980.199219	603.398438	-1178.300781	639.601562	-2049.900391	141.800781	-54.532017	-109.500481	-44.329224	6.248968	-0.623773	4.615286	0	0	0	0	0	0
11917633984	82.101562	-1053.300781	-116.699219	-993.599609	-186.800781	-1049.699219	1.809962	-7.529143	-51.976543	0.615809	-0.222398	-10.452155	0	0	0	0	0	0
12200857860	-256.199219	-391.599609	268.601562	-336.699219	-212.900391	-296.500000	13.564329	2.989725	-40.967892	0.778130	0.992247	-2.938457	0	0	0	0	0	0
12492674082	1169.898438	753.898438	-67.800781	803.500000	-1368.300781	695.601562	-2.630807	-55.310352	-38.122059	3.691300	1.195234	7.592592	0	0	0	0	0	0
12934797154	1297.101562	1772.398438	-208.800781	1787.601562	-1469.900391	1670.500000	-11.523418	-56.296791	-49.781143	3.904986	0.856534	16.608393	0	0	0	0	0	0
13359107783	2044.300781	846.199219	-551.900391	905.000000	-1720.300781	618.898438	-28.350843	-83.257362	-32.943062	4.434875	0.012940	7.666693	0	0	0	0	0	0
13811494160	3193.199219	839.601562	-1150.699219	877.300781	-2233.699219	356.398438	-56.886440	-120.056747	-33.040043	5.877949	-0.550832	6.734286	0	0	0	0	0	0
14228339294	-748.300781	213.101562	-284.400391	29.601562	895.000000	98.101562	-13.618217	44.501133	-21.729393	-1.020114	0.110763	0.777765	0	0	0	0	0	0
14667425139	-2715.800781	389.601562	2209.000000	429.300781	374.500000	1010.000000	89.638618	77.166824	-8.708971	-1.853982	3.501653	5.384158	0	0	0	0	0	0
15074974993	-950.400391	573.300781	2678.300781	890.101562	-1601.800781	1302.699219	81.997246	-12.559280	36.468895	1.364483	8.292749	8.498930	0	0	0	0	0	0
15516259929	238.101562	145.101562	410.199219	253.898438	-975.400391	326.300781	17.837147	-15.091767	-54.430027	3.107151	0.781692	2.354111	0	0	0	0	0	0
15976738567	-202.199219	-126.500000	-41.800781	-146.099609	-135.400391	-73.000000	5.774811	17.064936	-69.152336	2.352437	-0.107572	-1.013770	0	0	0	0	0	0
16403058976	-180.300781	5.000000	-95.300781	1.898438	-663.199219	61.199219	-3.692406	11.403132	-168.057068	3.949274	2.276040	0.312010	0	0	0	0	0	0
16852737592	-636.199219	-87.199219	-370.400391	-92.800781	-237.199219	46.199219	9.404488	26.621357	-223.288254	2.274678	-1.271841	-0.373371	0	0	0	0	0	0
17338726371	-675.099609	-132.800781	-328.400391	-147.300781	-208.300781	0.800781	11.394561	29.558836	-214.366653	2.530316	-1.437051	-0.905552	0	0	0	0	0	0
17792512983	-703.500000	-160.000000	-551.699219	-160.599609	-112.300781	-8.199219	17.262077	26.881855	-245.259232	1.545769	-3.726133	-0.905970	0	0	0	0	0	0
18216687858	-594.699219	-99.599609	-314.800781	-112.699219	-255.099609	22.101562	11.439995	24.619104	-204.160553	2.443612	-1.443114	-0.577275	0	0	0	0	0	0
18647722636	-109.300781	-94.500000	464.500000	-78.599609	-180.900391	-37.099609	4.470395	4.607343	33.038376	0.952867	2.302642	-0.594800	0	0	0	0	0	0
19051223411	312.300781	183.601562	551.101562	175.300781	-28.099609	178.898438	1.179206	-3.870742	151.594757	0.976585	1.618971	1.695568	0	0	0	0	0	0
19484331040	431.898438	4.101562	485.699219	18.500000	-102.599609	-0.900391	2.349074	-9.241387	146.367874	1.037856	1.088969	0.179502	0	0	0	0	0	0
19879183549	390.300781	180.101562	548.800781	176.601562	20.101562	182.101562	2.287856	-6.304704	176.775406	0.778811	1.088032	1.691583	0	0	0	0	0	0
20313958454	-883.300781	-322.000000	1242.398438	-234.800781	-22.699219	-60.900391	31.755013	24.357044	55.410343	-0.034172	4.111161	-2.037561	0	0	0	0	0	0
20768909345	-1465.500000	-356.199219	2176.699219	-201.900391	-728.199219	132.500000	44.198463	35.877876	-1.458715	3.067632	10.838046	-1.290827	0	0	0	0	0	0
21057297349	2044.800781	280.800781	360.500000	345.500000	-2730.099609	235.898438	-16.061106	-67.643990	-55.319370	12.523357	5.753396	3.450153	0	0	0	0	0	0
21481242639	4328.898438	893.898438	-1996.800781	850.500000	-2966.099609	181.101562	-77.638924	-129.523880	-114.098869	14.640854	-3.154019	6.336428	0	0	0	0	0	0
21892539209	2014.500000	-5.500000	-2097.099609	-78.900391	-690.400391	-486.300781	-55.322720	-42.964741	-146.459946	6.071464	-6.359291	-1.886128	0	0	0	0	0	0
22290849980	-823.900391	-576.900391	-1023.300781	-750.400391	1016.699219	-590.500000	8.587584	57.497982	-158.407562	0.442885	-7.440167	-6.364082	0	0	0	0	0	0
22694817380	-2422.300781	-654.199219	309.601562	-868.400391	1382.300781	-377.300781	46.590164	105.648102	-133.428284	-1.168159	-3.276807	-6.162625	0	0	0	0	0	0
23115611243	-3075.000000	-409.000000	1410.101562	-577.199219	1057.300781	34.199219	66.543121	115.233620	-100.479538	-0.972469	2.264581	-3.033855	0	0	0	0	0	0
23577715611	-304.300781	-338.000000	925.000000	-158.800781	-1004.900391	-35.000000	28.115952	-6.587624	-70.710716	2.032278	4.100895	-1.383828	0	0	0	0	0	0
24051428433	2962.000000	315.101562	-19.199219	438.300781	-3238.099609	144.300781	-18.566694	-115.704292	-53.831154	11.090128	2.874593	3.649124	0	0	0	0	0	0
24523906564	4091.398438	386.101562	-871.300781	438.398438	-3558.500000	-82.800781	-49.836502	-145.315781	-62.615978	13.246120	0.803168	3.053804	0	0	0	0	0	0
25007674137	1921.199219	132.398438	-1902.199219	109.699219	-626.000000	-306.599609	-48.828911	-55.576260	-112.478554	2.851535	-6.374798	-0.127407	0	0	0	0	0	0
25288168099	-572.099609	-188.099609	-882.099609	-337.900391	827.398438	-282.800781	-4.224610	38.930477	-112.953445	-0.695745	-4.852201	-2.709817	0	0	0	0	0	0
25674192796	-2342.900391	-277.199219	461.800781	-510.599609	1314.300781	-30.900391	44.579712	105.079468	-98.672523	-0.439189	-2.163346	-2.788982	0	0	0	0	0	0
26112844757	-3034.400391	-415.900391	962.300781	-724.500000	1526.000000	-67.099609	61.424538	132.809189	-90.745415	-0.344443	-0.861066	-4.009508	0	0	0	0	0	0
26492758680	-906.300781	57.800781	635.199219	42.300781	5.199219	248.699219	19.515059	38.416573	-44.548759	2.420858	2.451260	1.120239	0	0	0	0	0	0
26854884012	812.800781	-93.300781	133.699219	2.000000	-989.500000	-70.699219	-4.837279	-35.413387	-10.185102	2.843006	1.755206	-0.083210	0	0	0	0	0	0
27199566675	2378.898438	241.898438	-379.199219	346.500000	-2026.699219	26.000000	-28.185747	-98.002403	-6.714977	4.993476	1.009928	2.632137	0	0	0	0	0	0
27545444759	2913.300781	510.898438	-551.599609	605.601562	-2365.699219	187.398438	-39.526089	-121.224327	2.153850	5.308815	1.312669	4.784339	0	0	0	0	0	0
27892426160	3556.398438	612.601562	-647.000000	695.601562	-2865.099609	200.300781	-48.073891	-145.579727	9.589326	6.497500	1.617620	5.403606	0	0	0	0	0	0
28235005239	3488.500000	600.800781	-608.800781	684.398438	-2833.500000	207.500000	-45.256786	-143.887466	9.961893	6.342101	1.447263	5.351891	0	0	0	0	0	0
28579706436	3772.601562	596.898438	-696.599609	675.800781	-3027.800781	162.000000	-49.937237	-154.613647	9.904716	6.894529	1.370893	5.153701	0	0	0	0	0	0
29029735475	3843.800781	601.398438	-740.699219	672.500000	-3057.900391	131.800781	-52.299686	-156.931808	11.440413	6.985459	1.353901	5.132854	0	0	0	0	0	0
29460857061	4010.898438	620.500000	-749.800781	690.500000	-3181.800781	136.898438	-54.117191	-163.028030	13.622043	7.291673	1.542292	5.226122	0	0	0	0	0	0
29903393343	4015.000000	623.601562	-745.699219	692.500000	-3200.500000	143.601562	-53.860142	-163.659744	14.323555	7.379627	1.545646	5.279116	0	0	0	0	0	0
30318387878	3922.199219	641.699219	-697.199219	716.898438	-3143.400391	188.898438	-51.645275	-160.715118	14.146918	7.105287	1.574647	5.489627	0	0	0	0	0	0
30707283861	3838.601562	634.898438	-644.099609	729.500000	-3121.599609	208.300781	-48.835144	-158.125488	15.742712	6.903001	1.644382	5.513875	0	0	0	0	0	0
31118632301	3757.300781	592.000000	-602.500000	679.898438	-3077.699219	169.199219	-47.809113	-155.235962	16.380798	6.827091	1.766573	5.119397	0	0	0	0	0	0
31501174800	3857.000000	615.199219	-657.800781	690.300781	-3118.300781	172.000000	-51.340797	-158.407654	18.450964	6.901260	1.836317	5.249513	0	0	0	0	0	0
31944422684	3975.699219	626.000000	-721.699219	698.601562	-3161.099609	147.500000	-54.724266	-161.403336	17.736900	7.221490	1.876198	5.243810	0	0	0	0	0	0
32352942955	4005.500000	656.000000	-666.099609	716.300781	-3254.300781	198.101562	-52.540489	-163.875336	17.119944	7.451201	2.004888	5.578033	0	0	0	0	0	0
32743639476	4027.398438	605.699219	-697.000000	685.500000	-3255.599609	143.300781	-52.161522	-163.896545	14.693197	7.431850	1.700985	5.115771	0	0	0	0	0	0
33181369939	4043.199219	592.199219	-742.699219	668.898438	-3225.099609	115.101562	-54.150620	-164.743195	16.193047	7.397226	1.607128	4.954053	0	0	0	0	0	0
33607846683	3694.398438	547.101562	-711.000000	632.101562	-2930.300781	119.699219	-48.528507	-145.853378	10.856583	6.655383	1.292856	4.508635	0	0	0	0	0	0
34008619115	-24.000000	-66.300781	170.500000	-25.400391	-194.699219	-14.599609	5.527198	0.371412	-8.213133	0.432665	0.441320	-0.425792	0	0	0	0	0	0
34438310225	-1743.599609	-85.500000	821.000000	-223.400391	836.699219	101.101562	32.288441	76.191635	-13.954415	-0.090370	1.455423	-0.845057	0	0	0	0	0	0
34881061322	-2271.900391	-111.599609	948.898438	-355.900391	1219.699219	102.000000	37.357922	101.508102	-14.840775	-0.231744	1.690848	-1.359256	0	0	0	0	0	0
35308485224	-2419.900391	-127.800781	1010.500000	-398.900391	1262.300781	98.699219	40.061893	108.176804	-15.937832	-0.062762	1.852739	-1.571668	0	0	0	0	0	0
35745237526	-2392.300781	-123.199219	1018.101562	-396.400391	1253.199219	112.101562	39.801872	107.796989	-15.766047	0.044766	1.862569	-1.437369	0	0	0	0	0	0
36174018813	-2437.800781	-139.699219	1050.601562	-416.000000	1239.199219	102.101562	41.643757	109.096367	-18.223379	0.139023	1.858513	-1.567424	0	0	0	0	0	0
36590390520	-2445.800781	-117.400391	1042.199219	-393.699219	1243.800781	127.000000	41.951790	109.538033	-19.545095	0.224323	1.841266	-1.367513	0	0	0	0	0	0
37014913846	-2456.500000	-79.300781	1066.398438	-354.800781	1217.500000	161.101562	42.928692	109.018539	-20.348516	0.230010	1.865907	-0.993154	0	0	0	0	0	0
37426179300	-2457.000000	-42.000000	1043.000000	-314.199219	1236.500000	213.800781	43.484024	109.456589	-21.762753	0.149453	1.671637	-0.660394	0	0	0	0	0	0
37757336099	-2498.800781	-88.199219	1063.101562	-370.300781	1257.800781	166.699219	43.508980	111.375282	-22.452360	0.181174	1.748630	-1.052066	0	0	0	0	0	0
38170546245	-2473.000000	-124.199219	1053.800781	-396.800781	1236.898438	133.300781	43.356426	110.787827	-22.808191	0.325391	1.749713	-1.383105	0	0	0	0	0	0
38580400051	-2443.500000	-131.099609	1004.000000	-410.599609	1256.898438	105.199219	41.021027	110.369217	-24.639832	0.388371	1.703353	-1.508082	0	0	0	0	0	0
39025344930	-2382.400391	-146.199219	959.300781	-420.800781	1239.699219	98.398438	39.845322	109.480103	-26.391174	0.521736	1.574426	-1.615961	0	0	0	0	0	0
39449254145	-2378.000000	-145.300781	965.199219	-416.300781	1239.101562	92.898438	39.932487	109.592041	-24.856331	0.556248	1.618262	-1.612949	0	0	0	0	0	0
39929996391	-2374.000000	-135.400391	937.398438	-419.699219	1251.199219	91.699219	38.523815	109.473122	-22.933876	0.537786	1.641641	-1.600619	0	0	0	0	0	0
40369241804	-2316.099609	-146.000000	911.800781	-432.000000	1241.500000	74.699219	36.517349	107.832855	-22.647821	0.626534	1.652903	-1.725524	0	0	0	0	0	0
40794047014	-2205.300781	-152.699219	860.101562	-413.000000	1160.398438	55.398438	35.295776	102.026169	-24.669210	0.695831	1.501615	-1.673879	0	0	0	0	0	0
41256084559	-1925.500000	-110.800781	719.500000	-336.800781	1049.800781	57.601562	27.983587	91.396408	-22.609007	0.670597	1.493530	-1.324593	0	0	0	0	0	0
41676574492	-2183.699219	-127.300781	843.000000	-379.099609	1166.500000	74.898438	33.633541	101.902969	-23.230377	0.637263	1.566612	-1.498411	0	0	0	0	0	0
42061658062	-2244.400391	-136.400391	901.000000	-402.199219	1182.300781	72.398438	36.352543	104.206955	-23.552202	0.641949	1.595450	-1.583703	0	0	0	0	0	0
42468936020	-2303.800781	-168.500000	943.398438	-445.500000	1202.300781	44.500000	36.984901	107.539116	-20.011250	0.784611	1.807139	-1.932330	0	0	0	0	0	0
42890660780	-2302.699219	-180.199219	907.398438	-469.900391	1270.601562	31.398438	35.396843	108.971329	-16.314442	0.726546	1.733295	-2.055295	0	0	0	0	0	0
43291676365	-2310.500000	-159.099609	892.898438	-453.699219	1275.199219	42.601562	35.748966	108.565277	-17.362940	0.608139	1.551759	-1.943684	0	0	0	0	0	0
43665154319	-2214.000000	-136.900391	1092.601562	-341.300781	991.000000	123.601562	43.054520	95.970947	-14.877020	0.562678	2.037861	-1.223973	0	0	0	0	0	0
44085573628	-261.099609	-174.099609	306.800781	-133.500000	-23.800781	-77.300781	10.176214	7.500267	3.518362	0.133582	0.508070	-1.037540	0	0	0	0	0	0
44507257877	33.601562	29.398438	-26.800781	18.101562	-6.300781	11.800781	-2.582593	0.103272	-0.204951	0.098870	0.064130	0.309731	0	0	0	0	0	0
44910398036	765.500000	-163.300781	-54.900391	-89.699219	-666.000000	-172.699219	-7.130762	-31.799618	3.811913	1.908347	0.390964	-0.974827	0	0	0	0	0	0
45338352924	2967.800781	-11.099609	-302.599609	137.699219	-2580.900391	-192.300781	-19.542004	-120.186150	10.005436	7.077257	-0.270483	0.655480	0	0	0	0	0	0
45747271956	3954.500000	297.500000	-654.300781	415.398438	-3250.099609	-67.900391	-35.497063	-156.446442	6.474839	8.775206	-0.793407	2.874764	0	0	0	0	0	0
46142512455	3883.000000	360.199219	-897.800781	461.500000	-2945.500000	-53.099609	-42.368427	-149.912643	2.645306	8.120751	-1.427512	3.035081	0	0	0	0	0	0
46559619512	4160.300781	468.300781	-1276.400391	560.699219	-2909.699219	-61.900391	-53.629135	-160.564758	-7.800881	7.649393	-2.731710	3.694236	0	0	0	0	0	0
46975933125	3371.699219	459.800781	-1750.400391	526.898438	-1799.400391	-106.500000	-63.740746	-122.875191	-35.552464	4.419923	-4.176622	2.946953	0	0	0	0	0	0
47420079207	1473.398438	43.300781	-1957.400391	-61.099609	172.101562	-456.000000	-62.727119	-33.852333	-58.325359	0.389364	-5.190222	-1.520380	0	0	0	0	0	0
47806831475	-602.900391	-321.300781	-894.199219	-536.800781	1236.199219	-514.900391	-17.749849	43.598904	-52.006794	-2.288787	-3.778236	-4.501905	0	0	0	0	0	0
48217128316	-2032.000000	-560.300781	624.300781	-729.400391	1232.101562	-405.699219	25.604416	78.144554	-30.404438	-3.157243	1.201166	-5.353275	0	0	0	0	0	0
48576847475	-1964.800781	-731.599609	1177.000000	-773.500000	713.699219	-446.900391	37.840614	64.903389	-16.016531	-1.873990	3.889859	-6.323136	0	0	0	0	0	0
49013913401	1899.101562	-754.599609	716.699219	-526.699219	-2448.500000	-630.099609	5.496032	-87.151703	19.036516	6.539439	4.229984	-5.024859	0	0	0	0	0	0
49416626676	3791.601562	-161.900391	-289.500000	-22.300781	-3385.099609	-441.599609	-28.681431	-154.131897	14.176228	9.126454	1.021754	-0.806928	0	0	0	0	0	0
49792839414	4176.800781	78.398438	-589.900391	186.398438	-3477.400391	-310.800781	-39.371124	-164.947464	15.322470	9.528417	0.241443	0.840194	0	0	0	0	0	0
50178874280	4270.398438	105.398438	-648.599609	219.699219	-3497.300781	-285.599609	-40.303497	-167.647385	16.245235	9.638904	-0.134714	0.980664	0	0	0	0	0	0
50521073810	4465.101562	87.398438	-648.900391	195.199219	-3697.300781	-341.500000	-39.741562	-176.848969	15.436867	10.019082	-0.303849	0.896727	0	0	0	0	0	0
50973307029	4274.000000	147.300781	-542.500000	256.898438	-3606.099609	-234.500000	-34.345242	-170.351227	14.440326	9.589522	-0.200145	1.476336	0	0	0	0	0	0
51326459725	4124.199219	147.398438	-592.300781	274.000000	-3444.900391	-232.800781	-34.023678	-165.884705	10.150634	8.954004	-0.593948	1.517862	0	0	0	0	0	0
51756845936	4148.601562	146.101562	-603.800781	284.398438	-3471.800781	-214.699219	-32.767845	-167.615585	9.835727	8.845164	-0.863255	1.472394	0	0	0	0	0	0
52105357895	4353.398438	202.800781	-688.099609	319.898438	-3590.300781	-208.500000	-36.796055	-173.321655	7.984099	9.287887	-0.986398	1.906994	0	0	0	0	0	0
52456311645	4175.800781	161.101562	-628.800781	289.398438	-3457.699219	-218.699219	-33.599922	-167.648041	9.648788	8.898338	-0.946027	1.597158	0	0	0	0	0	0
52758033966	4136.398438	165.500000	-647.500000	291.898438	-3422.699219	-216.199219	-33.230453	-166.379425	7.054642	8.655638	-1.067046	1.618363	0	0	0	0	0	0
53253446114	4144.898438	174.800781	-771.199219	290.199219	-3312.199219	-238.300781	-37.123631	-166.098938	4.510750	8.266523	-1.451598	1.560586	0	0	0	0	0	0
53673067893	4020.601562	183.398438	-797.400391	306.500000	-3174.699219	-221.199219	-37.381466	-161.299759	3.621755	7.843230	-1.570930	1.572789	0	0	0	0	0	0
54101731289	1571.300781	-6.800781	-286.800781	107.101562	-1277.800781	-117.300781	-13.817999	-60.446129	-4.759736	2.649922	-0.252851	0.143513	0	0	0	0	0	0
54504196537	123.000000	-23.300781	17.601562	5.699219	-152.000000	-25.199219	-0.678929	-6.719199	-1.381570	0.186553	0.100216	-0.173974	0	0	0	0	0	0
54927464326	1431.199219	-20.900391	-127.599609	112.898438	-1292.300781	-84.000000	-7.583299	-68.023140	-2.147229	1.966782	-0.234659	0.416107	0	0	0	0	0	0
55404852484	2675.300781	103.800781	-479.699219	284.699219	-2203.800781	-103.800781	-21.742279	-120.279602	-4.073504	3.089394	-0.980882	1.490564	0	0	0	0	0	0
55804838043	2994.101562	138.199219	-449.099609	320.601562	-2521.500000	-99.900391	-22.351488	-134.813354	1.178141	3.866155	-0.819708	1.807848	0	0	0	0	0	0
56180839245	3184.500000	159.500000	-518.300781	326.199219	-2627.500000	-110.099609	-26.297663	-141.637054	2.732371	4.200951	-0.827308	1.821705	0	0	0	0	0	0
56523449494	3338.101562	151.898438	-497.400391	335.300781	-2796.500000	-114.599609	-25.956165	-149.516312	3.011761	4.433337	-0.817878	1.824888	0	0	0	0	0	0
56872319183	3583.199219	198.101562	-569.599609	373.500000	-2959.699219	-115.800781	-29.563889	-158.694809	4.806024	4.795734	-0.889298	2.128879	0	0	0	0	0	0
57230154081	3490.601562	143.000000	-532.800781	333.800781	-2909.000000	-132.800781	-28.002649	-155.373932	2.999749	4.636141	-0.822012	1.740587	0	0	0	0	0	0
57667352407	3507.300781	193.601562	-551.599609	379.300781	-2891.800781	-109.500000	-29.008764	-155.915863	3.243139	4.583983	-0.789928	2.190083	0	0	0	0	0	0
58100130350	3568.101562	260.300781	-615.199219	437.601562	-2911.199219	-55.800781	-32.293938	-158.239166	3.974833	4.535025	-0.767946	2.678035	0	0	0	0	0	0
58534355370	371.601562	23.199219	-97.099609	68.300781	-283.500000	-6.300781	-6.510481	-14.389175	-2.990792	0.309844	0.011541	0.185144	0	0	0	0	0	0
58945303436	199.300781	-126.900391	-23.099609	-96.500000	-184.599609	-152.900391	-4.431642	-7.886733	-2.356542	0.164054	0.418085	-1.125503	0	0	0	0	0	0
59403080071	420.898438	48.500000	38.898438	115.601562	-458.099609	45.300781	-3.593925	-24.995064	1.540114	-0.023308	0.573460	0.754052	0	0	0	0	0	0
59844498250	2504.699219	-77.500000	-248.900391	103.300781	-2027.699219	-298.199219	-32.258720	-124.919907	36.278191	0.343095	2.191121	-0.237081	0	0	0	0	0	0
60249956600	2552.199219	-147.599609	-149.099609	46.898438	-2087.800781	-374.500000	-36.552212	-132.594055	48.301338	-0.532836	3.389501	-0.897672	0	0	0	0	0	0
60585869173	2539.898438	-135.900391	-118.199219	59.300781	-2089.699219	-365.900391	-36.584145	-133.714706	54.227337	-0.797223	3.662363	-0.794582	0	0	0	0	0	0
60934621463	2634.199219	-140.599609	-143.000000	59.800781	-2145.599609	-375.800781	-39.763458	-139.217163	58.222870	-0.939513	3.942421	-0.871714	0	0	0	0	0	0
61283808439	2706.898438	-154.800781	-149.199219	46.800781	-2195.900391	-403.300781	-41.093971	-142.426712	60.978287	-1.009462	4.048130	-0.992021	0	0	0	0	0	0
61628156927	2717.300781	-185.199219	-176.599609	9.500000	-2178.199219	-440.800781	-41.616344	-141.172684	58.697865	-0.755615	3.859398	-1.331846	0	0	0	0	0	0
61944806412	2745.699219	-184.800781	-202.199219	12.500000	-2188.400391	-449.500000	-41.802528	-141.652603	57.243042	-0.628120	3.744362	-1.308912	0	0	0	0	0	0
62292279930	2762.800781	-148.099609	-209.800781	30.699219	-2201.099609	-432.800781	-42.127865	-142.495621	56.658001	-0.677704	3.716583	-1.075362	0	0	0	0	0	0
62643236322	2067.199219	-58.199219	-41.300781	121.101562	-1759.000000	-221.800781	-29.227213	-109.736198	43.861599	-0.926783	3.389338	0.005717	0	0	0	0	0	0
62990786434	496.101562	27.101562	109.699219	107.000000	-533.500000	7.199219	-5.150958	-29.416824	10.677101	-0.446558	1.372562	0.540080	0	0	0	0	0	0
63336699664	273.699219	-16.800781	55.601562	30.000000	-301.900391	-29.599609	-2.569769	-14.116198	2.157350	0.075432	0.589367	-0.008944	0	0	0	0	0	0
63648596843	16.500000	60.699219	71.699219	81.800781	-111.000000	63.199219	0.989602	-1.579072	-2.593328	0.134043	0.339226	0.672126	0	0	0	0	0	0
63957070136	605.000000	12.300781	1.000000	82.398438	-571.400391	-27.500000	-10.996324	-33.954105	5.598532	-0.091975	1.424495	0.258945	0	0	0	0	0	0
64343286509	2504.800781	-184.800781	-125.000000	9.000000	-2152.699219	-389.599609	-30.905340	-129.463562	35.024712	0.325023	2.938663	-1.220010	0	0	0	0	0	0
64774664610	3101.000000	-137.199219	-284.199219	62.300781	-2574.000000	-430.099609	-41.175034	-154.742447	37.196609	0.863051	3.077800	-0.840015	0	0	0	0	0	0
65197462181	3128.199219	-94.500000	-274.900391	104.398438	-2612.000000	-389.000000	-40.732288	-155.816452	36.025322	0.882033	3.135552	-0.456291	0	0	0	0	0	0
65602759071	3460.601562	-21.400391	-495.500000	157.500000	-2738.599609	-412.599609	-52.905121	-169.091187	37.639603	0.959850	3.242790	-0.145622	0	0	0	0	0	0
66006258117	452.601562	-2.000000	-4.300781	54.101562	-442.500000	-40.000000	-8.698077	-20.999481	-0.504504	0.336871	1.276634	0.138685	0	0	0	0	0	0
66430236729	-47.800781	-25.300781	24.199219	-22.800781	12.500000	-34.099609	-1.085124	3.527535	-0.414349	0.135251	0.205240	-0.269175	0	0	0	0	0	0
66810335918	2.699219	9.300781	5.300781	7.601562	-11.199219	-11.000000	-1.161843	1.663227	0.557749	0.089370	0.014940	0.011083	0	0	0	0	0	0
67235397916	-707.699219	-66.199219	217.699219	-151.599609	557.101562	-63.800781	4.385825	36.657097	10.768513	-0.284558	0.642490	-1.025459	0	0	0	0	0	0
67602142320	-1470.699219	61.199219	671.398438	-121.800781	938.500000	152.300781	18.629425	72.228195	33.522873	0.301060	1.805419	0.146534	0	0	0	0	0	0
68017759873	-1402.300781	161.398438	798.800781	-47.800781	878.800781	250.898438	17.542995	76.517303	54.153778	1.644272	2.580025	1.035781	0	0	0	0	0	0
68391946085	-1408.000000	295.699219	856.800781	67.898438	841.199219	370.699219	14.421968	80.056175	61.716610	2.504134	3.747332	2.198154	0	0	0	0	0	0
68863053822	-1614.699219	281.300781	854.800781	-19.900391	1024.398438	340.699219	15.106083	92.216209	58.147041	2.656106	3.577054	1.753530	0	0	0	0	0	0
69276070356	-1616.099609	342.601562	799.898438	23.300781	1088.699219	380.300781	12.007870	93.294090	56.030956	2.550089	3.603247	2.190373	0	0	0	0	0	0
69625923437	-1493.800781	353.398438	745.199219	39.601562	1020.800781	378.601562	8.768869	90.693069	59.938637	3.060057	3.720065	2.304616	0	0	0	0	0	0
69966491660	-1569.000000	309.699219	800.300781	-4.599609	1034.699219	350.199219	11.107761	93.219681	59.345924	3.104352	3.772159	1.903158	0	0	0	0	0	0
70314199310	-1341.000000	374.601562	726.800781	95.101562	907.000000	395.898438	6.293277	83.814575	60.067715	3.211687	3.934451	2.599393	0	0	0	0	0	0
70660717035	-1517.900391	358.601562	771.601562	42.800781	1021.601562	396.500000	8.803086	91.756935	59.135586	3.089636	3.905785	2.329646	0	0	0	0	0	0
70987886307	-1418.199219	333.500000	721.800781	35.398438	956.300781	352.000000	7.488375	86.300606	57.605824	3.015212	3.815927	2.176955	0	0	0	0	0	0
71344170941	-1542.400391	357.699219	721.800781	37.300781	1071.898438	385.300781	7.919335	92.845406	57.588642	2.887140	3.740963	2.243051	0	0	0	0	0	0
71667227892	-1595.099609	371.800781	705.898438	17.500000	1153.601562	376.800781	6.443858	96.898918	57.978069	2.925917	3.767500	2.204457	0	0	0	0	0	0
72059179702	-1644.900391	360.398438	687.398438	-11.400391	1206.601562	368.000000	5.751282	99.646278	56.070656	2.867110	3.752261	2.066131	0	0	0	0	0	0
72453172837	-1645.000000	381.199219	687.000000	12.898438	1206.000000	378.398438	5.496712	98.661003	55.561401	2.769285	3.797840	2.281805	0	0	0	0	0	0
72858858905	-1590.599609	430.398438	771.000000	72.601562	1111.300781	436.199219	5.218454	95.250969	62.684513	2.953253	4.468130	2.713915	0	0	0	0	0	0
73256727333	-1651.800781	454.699219	747.101562	84.000000	1181.000000	444.101562	5.111938	98.025482	61.825359	2.742167	4.243206	2.952351	0	0	0	0	0	0
73667977315	-1641.099609	452.500000	708.699219	72.500000	1205.601562	439.699219	3.782458	98.286232	61.647202	2.722486	4.181156	2.846977	0	0	0	0	0	0
74090354693	-1649.000000	441.800781	653.699219	47.800781	1245.300781	423.800781	3.799889	99.727333	56.355568	2.577123	3.808619	2.660149	0	0	0	0	0	0
74497892704	-1678.300781	431.500000	639.398438	31.898438	1282.500000	409.601562	3.553261	100.848732	54.514790	2.477792	3.723510	2.528711	0	0	0	0	0	0
74913248388	-1695.300781	418.601562	634.398438	21.000000	1300.601562	395.800781	3.813977	101.826225	54.333344	2.439655	3.669198	2.431365	0	0	0	0	0	0
75260640392	-1690.900391	432.199219	632.101562	37.699219	1289.101562	417.500000	3.693246	99.792740	54.243942	2.250688	3.690706	2.568573	0	0	0	0	0	0
75601315847	-1623.599609	427.300781	557.699219	36.101562	1298.601562	390.800781	1.376723	98.322395	51.229675	2.161884	3.389688	2.477318	0	0	0	0	0	0
75949999413	-1660.400391	377.300781	596.300781	-2.800781	1269.398438	363.398438	4.881344	97.449577	48.890480	1.995528	3.284893	2.136175	0	0	0	0	0	0
76290871476	-1508.199219	54.398438	989.398438	-134.900391	747.500000	182.398438	21.102127	75.927109	46.821724	1.957018	3.790027	0.177086	0	0	0	0	0	0
76634142048	104.800781	-166.199219	586.800781	-75.699219	-498.699219	-42.900391	9.565228	-6.546382	33.245564	1.890801	2.462190	-0.657994	0	0	0	0	0	0
76981895578	808.601562	170.300781	-4.900391	242.300781	-706.199219	148.500000	-9.099804	-35.055370	17.206711	1.442155	0.925950	2.015588	0	0	0	0	0	0
77334989931	1500.800781	201.199219	-348.000000	282.699219	-1077.599609	55.101562	-24.748543	-61.953514	12.667462	2.050669	0.741669	2.148140	0	0	0	0	0	0
77673977961	1708.800781	178.898438	-555.900391	255.601562	-1149.599609	-28.599609	-29.792564	-69.844505	0.546584	1.931780	-0.036008	1.640180	0	0	0	0	0	0
78027332400	1648.500000	52.601562	-340.599609	166.699219	-1323.000000	-73.500000	-19.144192	-72.660385	-5.140184	2.046548	0.005445	0.834290	0	0	0	0	0	0
78513100427	2144.500000	216.699219	-521.800781	336.101562	-1641.300781	1.300781	-29.554974	-92.955605	-4.341388	2.592360	0.136251	2.251940	0	0	0	0	0	0
78931332363	2361.800781	191.398438	-566.599609	314.800781	-1798.099609	-60.099609	-31.510515	-102.974693	-2.597457	2.764888	-0.044442	1.960968	0	0	0	0	0	0
79340360154	2452.000000	252.300781	-631.900391	372.800781	-1807.599609	-21.800781	-35.717182	-105.301186	-0.529067	2.856156	0.069134	2.388122	0	0	0	0	0	0
79753660306	2523.898438	303.699219	-595.599609	426.800781	-1912.599609	25.800781	-34.379910	-109.684280	0.652516	2.983877	0.168306	2.927729	0	0	0	0	0	0
80185173878	2646.898438	281.199219	-570.699219	415.101562	-2061.400391	10.800781	-33.208881	-116.230774	1.065148	3.119250	0.146532	2.781986	0	0	0	0	0	0
80587775124	2624.398438	377.101562	-641.500000	497.601562	-1993.000000	91.800781	-36.390072	-114.309677	1.304712	3.023029	0.119839	3.532390	0	0	0	0	0	0
81021364603	2483.601562	441.199219	-780.099609	533.500000	-1742.900391	116.101562	-39.126671	-104.349060	-7.094670	2.650628	-0.365663	3.847316	0	0	0	0	0	0
81378107682	887.300781	319.500000	-485.500000	345.398438	-479.300781	174.199219	-20.449348	-33.195244	-12.251064	0.626960	-0.585647	2.676150	0	0	0	0	0	0
81789191048	-290.000000	177.898438	-138.699219	99.500000	365.500000	116.300781	-5.352079	19.080809	-8.424424	-0.370927	-0.160979	1.066058	0	0	0	0	0	0
82195758117	-1541.699219	-40.500000	443.101562	-201.500000	980.300781	63.800781	24.936913	66.895203	-17.069813	-1.414345	-0.387264	-0.749913	0	0	0	0	0	0
82584899439	-2322.300781	-164.900391	773.000000	-403.699219	1367.199219	51.000000	41.786930	96.029495	-24.960808	-2.208046	-0.196854	-1.900401	0	0	0	0	0	0
82973887970	-1992.699219	-229.900391	1525.101562	-199.300781	421.800781	191.601562	62.924046	61.600136	-2.483318	-1.247894	2.133976	-0.834441	0	0	0	0	0	0
83411329841	469.500000	-211.599609	1329.101562	22.101562	-1685.900391	122.398438	31.287460	-41.902145	17.809477	3.321256	5.496947	0.226098	0	0	0	0	0	0
83839691925	1940.601562	194.300781	431.500000	353.601562	-2292.699219	167.300781	-14.020049	-93.288536	15.384661	4.527734	5.272769	2.871406	0	0	0	0	0	0
84230361666	2364.000000	342.500000	-9.099609	458.101562	-2279.599609	147.800781	-34.452858	-104.816467	15.480502	4.618015	5.044158	3.547098	0	0	0	0	0	0
84629103737	2211.398438	503.500000	-123.800781	592.601562	-2036.099609	298.101562	-37.181198	-96.607536	13.977909	4.005919	4.740947	4.847744	0	0	0	0	0	0
85041065577	584.699219	319.800781	80.398438	365.101562	-705.400391	280.500000	-10.546148	-24.497337	-6.881952	1.616522	2.405699	3.035124	0	0	0	0	0	0
85411446574	-1241.400391	124.000000	133.699219	-37.500000	912.500000	146.500000	8.458202	58.815575	-27.137182	-1.075876	0.062521	0.442875	0	0	0	0	0	0
85803319698	-2496.900391	-72.900391	648.300781	-422.000000	1635.699219	74.101562	35.032616	110.209175	-29.306316	-2.196859	-0.170301	-1.526181	0	0	0	0	0	0
86237872442	-2305.400391	-34.699219	593.300781	-347.099609	1509.500000	101.101562	33.572605	101.865082	-27.620590	-2.025636	-0.475254	-0.980205	0	0	0	0	0	0
86663156070	-2269.300781	30.101562	613.898438	-272.199219	1455.000000	178.500000	33.967636	98.627510	-25.549633	-2.093403	-0.302817	-0.408213	0	0	0	0	0	0
87087163676	-2304.300781	-48.800781	651.898438	-333.300781	1437.398438	127.500000	36.507175	98.776421	-29.010530	-2.082384	-0.408179	-0.996867	0	0	0	0	0	0
87547730572	-2250.900391	-49.699219	628.601562	-333.900391	1416.699219	120.601562	35.208805	96.961716	-29.729317	-2.086102	-0.403955	-1.002088	0	0	0	0	0	0
87995134449	-2267.900391	-67.400391	591.398438	-343.800781	1414.699219	101.601562	34.438763	96.435150	-31.870878	-2.030799	-0.487417	-1.145839	0	0	0	0	0	0
88454478750	-2268.800781	-66.900391	599.800781	-353.199219	1435.300781	99.101562	34.822830	97.513611	-33.096207	-2.054554	-0.500029	-1.171779	0	0	0	0	0	0
88881412606	-2226.300781	-33.000000	574.601562	-321.900391	1429.699219	115.000000	33.765453	96.037682	-33.156502	-2.103112	-0.575238	-0.918006	0	0	0	0	0	0
89320573416	-2181.599609	-19.000000	584.500000	-297.599609	1381.898438	136.398438	33.827076	93.961708	-31.620234	-2.050278	-0.523514	-0.705626	0	0	0	0	0	0
89749399130	-2072.099609	3.300781	534.500000	-273.599609	1355.398438	142.300781	30.428394	90.697693	-26.592005	-1.877042	-0.424875	-0.564802	0	0	0	0	0	0
90168349505	-1726.400391	183.601562	376.898438	-55.599609	1189.101562	267.500000	19.036192	77.000992	-18.470327	-1.529189	0.109447	1.158959	0	0	0	0	0	0
90539189196	-1205.300781	158.398438	181.300781	-14.000000	910.898438	191.699219	8.311155	55.566628	-13.638727	-1.031812	0.129381	1.030756	0	0	0	0	0	0
90918811855	-485.099609	-26.000000	41.898438	-87.800781	410.199219	-15.500000	1.826982	26.737356	-6.883177	-0.298037	-0.138242	-0.348896	0	0	0	0	0	0
91365307834	-1778.300781	-16.500000	380.398438	-264.500000	1281.500000	80.601562	23.919228	82.242134	-18.209600	-1.400131	-0.696279	-0.877317	0	0	0	0	0	0
91839350709	-2105.199219	-20.500000	503.300781	-312.000000	1434.101562	97.398438	30.637699	94.430244	-22.177923	-1.773981	-0.726261	-0.872151	0	0	0	0	0	0
92273102147	-2238.800781	-16.699219	557.101562	-321.599609	1493.500000	126.300781	33.814182	99.613724	-23.847826	-1.905560	-0.829253	-0.823320	0	0	0	0	0	0
92665582656	-2351.500000	3.300781	566.000000	-339.099609	1602.398438	142.101562	35.379391	104.924080	-25.001120	-2.052551	-0.977999	-0.810085	0	0	0	0	0	0
93084806878	-2276.199219	3.500000	535.699219	-330.699219	1567.398438	133.398438	32.874359	102.058235	-23.239580	-2.030917	-0.884933	-0.777495	0	0	0	0	0	0
93449839322	-2242.199219	-10.699219	520.101562	-333.099609	1528.800781	123.398438	32.559803	100.287323	-25.128599	-1.971539	-0.909602	-0.883944	0	0	0	0	0	0
93824311704	-2216.800781	5.500000	531.101562	-314.000000	1491.398438	138.199219	32.184254	98.797943	-25.140619	-1.845638	-0.739717	-0.676015	0	0	0	0	0	0
94240375896	-2173.400391	-8.199219	506.500000	-309.199219	1472.601562	125.898438	31.520842	97.251663	-27.735954	-1.784689	-0.746374	-0.729950	0	0	0	0	0	0
94680712366	-2180.000000	-24.199219	508.500000	-335.900391	1469.101562	102.398438	31.425480	98.081772	-27.589008	-1.731802	-0.752659	-0.938305	0	0	0	0	0	0
95117563386	-2118.500000	-37.699219	498.601562	-333.300781	1418.699219	87.500000	30.645117	94.778648	-26.878775	-1.686118	-0.735010	-0.984900	0	0	0	0	0	0
95567578181	-2131.400391	-39.099609	499.699219	-339.900391	1443.101562	88.300781	30.952326	96.078079	-28.372395	-1.667487	-0.852970	-1.052759	0	0	0	0	0	0
95990046566	-2126.599609	-38.099609	495.101562	-340.800781	1432.699219	96.101562	31.303547	95.766075	-28.169397	-1.622341	-0.823148	-1.006829	0	0	0	0	0	0
96415419796	-2145.699219	-32.400391	484.000000	-333.599609	1459.800781	102.398438	30.480284	96.900795	-28.318340	-1.668054	-0.831438	-0.966711	0	0	0	0	0	0
96834526886	-2095.800781	-38.500000	431.000000	-344.900391	1458.300781	71.898438	28.436293	95.395233	-28.384916	-1.639781	-0.870853	-1.105211	0	0	0	0	0	0
97250984237	-2048.900391	-43.400391	410.000000	-336.699219	1438.500000	71.199219	27.986088	93.503059	-29.251608	-1.661530	-0.967452	-1.145633	0	0	0	0	0	0
97694736752	-2097.500000	-46.199219	418.699219	-350.099609	1460.000000	73.300781	28.562511	95.727509	-30.264381	-1.689132	-0.985466	-1.127832	0	0	0	0	0	0
98154362526	-2112.000000	-45.199219	423.300781	-352.800781	1472.601562	74.500000	28.393919	95.919334	-28.661720	-1.733615	-0.920674	-1.135453	0	0	0	0	0	0
98599675183	-2125.400391	-45.300781	427.699219	-356.000000	1493.500000	70.101562	28.324190	97.057770	-27.650473	-1.803919	-0.938690	-1.180193	0	0	0	0	0	0
99016633275	-2099.500000	-33.400391	415.101562	-346.199219	1495.000000	76.601562	27.423958	95.252106	-26.977915	-1.809752	-0.883735	-1.097419	0	0	0	0	0	0
99466986979	-2083.199219	-68.800781	446.300781	-362.300781	1447.199219	52.199219	29.263588	93.891129	-27.910385	-1.837669	-0.930353	-1.314999	0	0	0	0	0	0
99875099201	-2068.199219	-60.199219	451.000000	-349.199219	1427.300781	64.199219	28.737835	93.307083	-27.462868	-1.807751	-0.805165	-1.233454	0	0	0	0	0	0
100221633193	-2119.400391	-66.000000	471.300781	-371.500000	1451.699219	52.500000	29.639748	95.547028	-27.729664	-1.782655	-0.799439	-1.332429	0	0	0	0	0	0
100629510651	-2092.000000	-86.400391	466.199219	-380.000000	1442.699219	38.500000	29.381905	94.410591	-26.992212	-1.745091	-0.805916	-1.469010	0	0	0	0	0	0
101025113809	-1347.000000	-102.199219	417.300781	-223.000000	796.300781	24.300781	21.746111	54.905190	-19.664413	-1.119572	-0.128123	-0.938856	0	0	0	0	0	0
101444088515	1197.199219	188.000000	12.300781	310.398438	-1188.099609	151.199219	-8.960824	-59.694965	3.725512	1.716571	1.270186	2.608336	0	0	0	0	0	0
101854914069	2415.800781	518.898438	-275.500000	649.800781	-2113.699219	320.500000	-26.837923	-112.623901	10.021070	2.862256	1.558593	5.344055	0	0	0	0	0	0
102275846229	2556.300781	617.601562	-412.000000	732.500000	-2126.500000	368.101562	-33.178486	-116.343185	8.030815	2.937911	1.543802	5.970719	0	0	0	0	0	0
102681745190	2622.199219	601.800781	-484.900391	708.601562	-2121.900391	320.398438	-35.059353	-118.640015	4.668849	2.832349	1.220890	5.709536	0	0	0	0	0	0
103068851719	2672.898438	638.800781	-512.199219	758.601562	-2154.699219	354.800781	-36.302273	-120.770607	3.376648	2.873845	1.121836	6.058306	0	0	0	0	0	0
103476249276	2685.398438	650.601562	-543.699219	772.199219	-2165.099609	359.699219	-36.583050	-121.602707	1.782363	2.843344	1.024982	6.115195	0	0	0	0	0	0
103884436701	2795.601562	737.300781	-556.800781	849.398438	-2253.599609	424.800781	-38.732151	-126.078194	3.633651	2.859639	1.245693	6.807368	0	0	0	0	0	0
104297116119	2846.699219	749.699219	-600.300781	855.199219	-2246.800781	420.199219	-41.120174	-128.272110	4.256616	2.914550	1.238682	6.875408	0	0	0	0	0	0
104708246338	2848.800781	799.898438	-590.300781	897.199219	-2244.000000	463.500000	-41.860161	-127.587227	4.095210	2.950640	1.377656	7.215299	0	0	0	0	0	0
105135896159	2896.398438	810.300781	-594.099609	919.300781	-2317.900391	465.398438	-42.465191	-130.180847	3.759685	3.091393	1.506306	7.376285	0	0	0	0	0	0
105550226361	2850.898438	840.500000	-579.300781	941.000000	-2281.400391	507.398438	-41.525204	-128.509659	4.131404	2.957592	1.498650	7.601138	0	0	0	0	0	0
105923623069	2750.601562	780.601562	-494.599609	898.699219	-2263.199219	482.800781	-37.662712	-125.122131	1.870398	2.973594	1.518392	7.187390	0	0	0	0	0	0
106316568457	2806.699219	793.000000	-509.199219	915.101562	-2310.000000	493.898438	-38.431198	-127.946037	4.041106	2.955732	1.602299	7.322717	0	0	0	0	0	0
106704942462	2799.699219	757.000000	-525.000000	871.000000	-2268.900391	451.300781	-38.493168	-126.807251	2.630134	2.874695	1.477482	6.927419	0	0	0	0	0	0
107117246469	2887.800781	781.699219	-535.000000	897.800781	-2363.400391	458.300781	-39.675694	-131.119293	4.126483	2.988954	1.529890	7.148062	0	0	0	0	0	0
107493055344	2773.898438	790.898438	-493.300781	899.800781	-2291.500000	491.398438	-37.436398	-126.224182	4.179723	2.907451	1.595058	7.192421	0	0	0	0	0	0
107926314395	2846.500000	825.199219	-502.900391	928.300781	-2356.300781	499.398438	-38.559639	-129.568375	3.179696	2.997518	1.662876	7.508163	0	0	0	0	0	0
108359670433	2795.199219	789.601562	-522.800781	897.898438	-2309.300781	473.601562	-38.483524	-127.387558	1.608397	2.967314	1.524275	7.269674	0	0	0	0	0	0
108765442152	2819.500000	810.898438	-531.099609	919.601562	-2299.699219	494.101562	-39.303047	-127.689125	1.196426	2.939732	1.556728	7.381481	0	0	0	0	0	0
109158886603	2556.898438	709.199219	-431.300781	815.601562	-2168.699219	446.000000	-32.781021	-116.205284	-1.014797	2.702053	1.503415	6.383981	0	0	0	0	0	0
109572565470	309.199219	-129.500000	3.699219	-89.800781	-366.500000	-148.400391	-5.675398	-10.127029	-12.105972	1.370785	0.855818	-1.172236	0	0	0	0	0	0
109965651703	91.898438	-33.000000	54.000000	-26.099609	-229.199219	-46.199219	-4.192583	-0.548360	-15.754529	1.322164	1.204842	-0.377474	0	0	0	0	0	0
110401276299	75.300781	-27.099609	12.601562	-22.000000	-139.500000	-45.000000	-3.076852	-0.378830	-8.849792	0.743154	0.548554	-0.292865	0	0	0	0	0	0
110822238339	0.398438	8.398438	6.601562	6.398438	-1.300781	-5.300781	-1.423855	1.987384	-0.875247	0.107221	0.038712	0.025261	0	0	0	0	0	0
111192130476	1.601562	10.898438	-4.800781	12.699219	0.199219	2.898438	-1.368825	2.038326	1.046704	0.112054	0.042682	0.009069	0	0	0	0	0	0
111609547730	4.398438	12.898438	7.500000	14.000000	3.199219	3.898438	-1.410458	2.036201	0.250779	0.106916	0.045258	0.020412	0	0	0	0	0	0
112000734571	-5.500000	12.800781	3.000000	11.000000	2.101562	-8.900391	-1.312989	1.856557	0.010436	0.105582	0.044751	0.020284	0	0	0	0	0	0
112407571514	-0.199219	11.300781	7.500000	8.601562	-0.500000	-0.099609	-1.424617	1.775378	0.325383	0.104435	0.043657	0.020731	0	0	0	0	0	0
112784571867	3.699219	14.300781	8.601562	8.898438	-7.300781	-7.500000	-1.377564	1.877630	-0.214349	0.104473	0.043029	0.023879	0	0	0	0	0	0
113197759187	2.398438	4.500000	4.199219	6.500000	-6.599609	-9.500000	-1.334089	2.027099	0.372856	0.107434	0.043576	0.022536	0	0	0	0	0	0
113570550855	4.398438	12.199219	5.199219	7.000000	-0.900391	-0.500000	-1.229935	1.822372	0.328027	0.105241	0.041185	0.021757	0	0	0	0	0	0
113904860296	5.000000	12.800781	6.500000	4.199219	-1.400391	-12.900391	-1.556302	1.884357	-0.982525	0.106040	0.045059	0.031604	0	0	0	0	0	0
114336896035	3.699219	9.898438	-4.000000	5.199219	-5.300781	-6.199219	-1.523636	1.759011	0.132229	0.106337	0.039641	0.021811	0	0	0	0	0	0
114773887354	-0.099609	4.101562	1.398438	1.898438	-7.599609	1.601562	-1.375582	1.615493	0.784854	0.103853	0.037890	0.016408	0	0	0	0	0	0
115123534865	6.398438	13.699219	0.101562	1.101562	-5.000000	-14.000000	-1.513344	1.813097	-0.598039	0.110672	0.038859	0.029336	0	0	0	0	0	0
115465992115	-0.199219	8.898438	4.000000	8.398438	2.000000	1.199219	-1.213761	1.863102	0.360419	0.104216	0.044013	0.018484	0	0	0	0	0	0
115819287661	3.300781	0.000000	2.398438	2.101562	-3.099609	-0.300781	-1.172722	2.021901	1.218396	0.103948	0.044217	0.014127	0	0	0	0	0	0
116181037339	3.500000	7.101562	2.898438	3.199219	-5.500000	-11.099609	-1.291678	1.930095	0.092121	0.106092	0.045981	0.021266	0	0	0	0	0	0
116515304906	-3.300781	5.699219	1.898438	3.601562	-8.500000	-8.699219	-1.426183	1.904707	0.088559	0.105983	0.042599	0.018846	0	0	0	0	0	0
116856890066	4.398438	3.101562	3.601562	4.800781	-0.099609	-2.599609	-1.391170	2.002872	0.217494	0.102091	0.045545	0.022033	0	0	0	0	0	0
117199807260	-8.599609	4.300781	4.601562	7.500000	3.199219	-5.699219	-1.414907	1.934962	0.017845	0.102270	0.043268	0.020900	0	0	0	0	0	0
117527168853	-1.099609	13.000000	-4.599609	5.101562	11.000000	2.199219	0.339945	2.477763	-1.874650	0.054019	0.093217	0.010595	0	0	0	0	0	0
117855330357	136.500000	-27.800781	57.500000	3.699219	-196.599609	-11.699219	1.669305	-6.634337	-0.517358	0.306135	0.026496	-0.055393	0	0	0	0	0	0
118204157371	1483.199219	120.500000	-404.900391	228.699219	-1133.099609	15.398438	-13.068254	-63.596394	-13.270942	2.012804	-1.509139	1.583148	0	0	0	0	0	0
118535789197	2724.398438	521.101562	-891.699219	676.898438	-2004.300781	265.398438	-22.692362	-112.488785	-31.472750	4.198098	-3.746479	5.043190	0	0	0	0	0	0
118957209573	2199.601562	318.699219	-985.000000	430.601562	-1445.599609	73.101562	-20.815207	-86.359650	-42.235477	3.249520	-4.505299	2.925328	0	0	0	0	0	0
119384889094	2333.000000	365.398438	-1165.099609	464.898438	-1410.300781	80.500000	-25.611380	-88.927971	-47.760864	3.365159	-5.280375	3.109340	0	0	0	0	0	0
119821007011	2491.101562	404.000000	-1193.699219	512.199219	-1556.300781	102.000000	-26.754068	-96.204323	-46.960922	3.566873	-5.299630	3.542379	0	0	0	0	0	0
120270961157	2653.101562	483.300781	-1258.400391	589.699219	-1650.500000	148.500000	-30.622007	-102.481773	-44.851772	3.713849	-5.191702	4.089327	0	0	0	0	0	0
120679523133	2564.699219	485.898438	-1156.400391	585.000000	-1656.699219	167.101562	-28.077904	-100.532021	-43.134274	3.635727	-4.791389	4.157671	0	0	0	0	0	0
121086523223	2144.699219	370.398438	-963.900391	472.199219	-1394.400391	130.898438	-20.451023	-82.990891	-40.093494	3.134052	-4.317774	3.225548	0	0	0	0	0	0
121557945542	2096.000000	335.300781	-919.000000	444.101562	-1405.400391	127.300781	-16.976862	-80.735641	-44.285767	3.306951	-4.519231	3.037609	0	0	0	0	0	0
122032573411	91.601562	-21.500000	-177.599609	-16.800781	-68.699219	-18.699219	3.124556	2.758773	-28.521107	0.607741	-1.652720	-0.335518	0	0	0	0	0	0
122459966123	-946.300781	-155.699219	18.300781	-259.699219	797.199219	-126.800781	10.759751	47.381504	-22.927729	-1.206179	-1.380673	-1.961210	0	0	0	0	0	0
122916852419	-1537.900391	-277.300781	111.101562	-488.800781	1305.398438	-236.300781	16.671297	74.463715	-22.294468	-1.933181	-1.824642	-3.362836	0	0	0	0	0	0
123304068002	-1734.599609	-313.599609	115.601562	-579.000000	1477.300781	-273.300781	18.317856	82.982330	-24.309298	-2.240231	-2.035393	-3.818136	0	0	0	0	0	0
123779615647	-1755.199219	-335.099609	42.199219	-617.199219	1555.699219	-312.900391	17.499512	85.285233	-25.789158	-2.426413	-2.336222	-4.085451	0	0	0	0	0	0
124213650995	-1674.099609	-326.099609	34.699219	-590.199219	1496.398438	-292.400391	16.299683	81.056549	-23.890810	-2.326533	-2.254991	-3.912997	0	0	0	0	0	0
124663885249	-1675.500000	-332.300781	53.000000	-601.800781	1479.300781	-311.300781	16.439693	80.615288	-24.395178	-2.358708	-2.176080	-3.986557	0	0	0	0	0	0
125085321373	-1619.800781	-321.500000	20.101562	-588.000000	1450.300781	-296.099609	15.374900	78.214951	-24.779295	-2.305209	-2.216105	-3.895011	0	0	0	0	0	0
125535571084	-1591.699219	-325.599609	17.800781	-568.199219	1421.300781	-301.699219	14.970595	76.583412	-24.704817	-2.296992	-2.213476	-3.822552	0	0	0	0	0	0
125941252287	-1602.900391	-324.699219	-0.500000	-586.300781	1454.601562	-314.900391	14.794642	77.599106	-25.227108	-2.346274	-2.272088	-3.903335	0	0	0	0	0	0
126415900528	-1685.199219	-334.300781	19.601562	-607.800781	1510.601562	-311.699219	15.701357	80.330437	-24.744505	-2.466410	-2.248287	-4.032825	0	0	0	0	0	0
126822864803	-1642.099609	-342.000000	3.199219	-599.500000	1485.601562	-317.000000	15.156039	78.768463	-26.159843	-2.467682	-2.331452	-3.998232	0	0	0	0	0	0
127254543958	-1631.500000	-332.900391	16.101562	-592.900391	1470.000000	-312.800781	15.219620	78.025185	-24.610483	-2.423661	-2.256020	-3.969020	0	0	0	0	0	0
127650633214	-1635.800781	-327.800781	-27.400391	-597.800781	1513.601562	-314.199219	13.905991	79.537399	-25.645681	-2.574936	-2.356290	-4.014956	0	0	0	0	0	0
128118619547	-1620.699219	-331.500000	-7.599609	-593.699219	1483.699219	-320.500000	14.154386	77.735176	-25.437660	-2.522939	-2.308367	-3.977853	0	0	0	0	0	0
128514079094	-1602.400391	-327.699219	5.101562	-579.900391	1452.800781	-307.300781	14.065308	76.693291	-23.989927	-2.529037	-2.205978	-3.931815	0	0	0	0	0	0
128929458605	-1535.900391	-321.900391	-32.300781	-567.500000	1421.101562	-305.599609	12.900098	74.035408	-25.815489	-2.466771	-2.329190	-3.811185	0	0	0	0	0	0
129350250736	-1545.500000	-326.199219	-28.099609	-575.199219	1421.101562	-303.199219	13.030294	74.218559	-25.124052	-2.474437	-2.272849	-3.863457	0	0	0	0	0	0
129765476509	-1533.500000	-323.900391	-42.099609	-575.900391	1420.398438	-321.400391	12.009374	73.567505	-25.267872	-2.489730	-2.247801	-3.870475	0	0	0	0	0	0
130197624661	-1496.099609	-327.400391	-38.000000	-564.300781	1390.300781	-321.300781	12.614003	72.037933	-24.417435	-2.446029	-2.207244	-3.833293	0	0	0	0	0	0
130593930285	-1475.300781	-312.699219	-50.000000	-553.599609	1379.898438	-308.800781	12.204032	70.744774	-23.935162	-2.411858	-2.283646	-3.730483	0	0	0	0	0	0
130978549466	-1460.900391	-328.400391	-62.300781	-556.900391	1373.898438	-312.900391	11.764654	70.192513	-25.129026	-2.415163	-2.318173	-3.775085	0	0	0	0	0	0
131393640262	-1437.699219	-324.699219	-26.900391	-537.699219	1319.300781	-295.500000	13.121034	68.741295	-23.908009	-2.331458	-2.209890	-3.702406	0	0	0	0	0	0
131800953357	-1506.900391	-325.900391	-0.599609	-551.400391	1352.300781	-304.099609	13.885189	71.145905	-25.682539	-2.412582	-2.098763	-3.737571	0	0	0	0	0	0
132241604246	-1503.599609	-327.099609	-26.800781	-563.699219	1385.300781	-315.300781	12.458939	71.910728	-25.415495	-2.505393	-2.171725	-3.834492	0	0	0	0	0	0
132629726165	-1515.199219	-310.699219	-91.699219	-566.699219	1442.500000	-315.599609	10.656250	73.052742	-27.072443	-2.625862	-2.408213	-3.821720	0	0	0	0	0	0
133037872943	-1535.099609	-322.900391	-35.800781	-565.400391	1406.500000	-310.800781	12.293319	72.721008	-25.309580	-2.649312	-2.214507	-3.818144	0	0	0	0	0	0
133432808722	-1557.400391	-332.400391	-39.199219	-578.099609	1436.500000	-314.800781	12.479816	73.612183	-25.397682	-2.687739	-2.362691	-3.961470	0	0	0	0	0	0
133838883625	-1569.000000	-324.699219	-21.000000	-572.900391	1439.699219	-314.300781	13.560638	74.164337	-24.105764	-2.670991	-2.331234	-3.849970	0	0	0	0	0	0
134291397869	-1554.400391	-320.300781	-42.900391	-567.699219	1453.800781	-312.800781	12.476612	74.750763	-24.484344	-2.625394	-2.328732	-3.856834	0	0	0	0	0	0
134750024095	-1540.800781	-318.300781	-30.699219	-575.000000	1439.000000	-314.400391	12.762691	73.402946	-24.310301	-2.557040	-2.276680	-3.799325	0	0	0	0	0	0
135214317334	-1523.099609	-330.599609	-35.000000	-583.199219	1417.898438	-321.699219	12.822704	73.157562	-23.476284	-2.507836	-2.305093	-3.938343	0	0	0	0	0	0
135567585367	-1502.599609	-341.000000	-18.500000	-579.400391	1388.101562	-333.300781	13.480632	72.017822	-23.452524	-2.398634	-2.266049	-3.920786	0	0	0	0	0	0
135957521110	-1543.699219	-334.699219	15.000000	-574.300781	1398.898438	-315.699219	14.414296	73.369873	-21.924511	-2.480599	-2.143746	-3.938150	0	0	0	0	0	0
136371671058	-1552.900391	-333.599609	28.898438	-566.900391	1391.101562	-301.400391	14.970553	73.271629	-22.113642	-2.366879	-2.162466	-3.828996	0	0	0	0	0	0
136721690460	-1574.900391	-333.800781	24.601562	-574.699219	1408.398438	-318.500000	15.165029	74.507858	-22.304571	-2.477020	-2.144247	-3.890753	0	0	0	0	0	0
137053519514	-1567.300781	-331.199219	20.699219	-572.699219	1410.500000	-306.599609	14.690751	74.027969	-22.564398	-2.485503	-2.122814	-3.843463	0	0	0	0	0	0
137392989655	-1518.400391	-318.300781	11.800781	-559.099609	1385.800781	-292.900391	13.889455	73.022820	-22.704809	-2.395644	-2.164649	-3.753187	0	0	0	0	0	0
137744492427	-1554.300781	-323.000000	9.398438	-564.099609	1417.101562	-309.900391	14.185763	73.765450	-22.455635	-2.477120	-2.142967	-3.794857	0	0	0	0	0	0
138146212523	-1539.699219	-314.900391	10.300781	-551.099609	1388.500000	-295.800781	13.800333	73.229904	-22.276491	-2.387374	-2.097441	-3.689414	0	0	0	0	0	0
138555376389	-1560.699219	-306.300781	45.300781	-540.400391	1384.601562	-279.199219	14.551578	72.999420	-21.221434	-2.440058	-1.918176	-3.615750	0	0	0	0	0	0
138935654990	-1544.199219	-303.800781	49.500000	-539.400391	1368.500000	-274.500000	14.529705	71.879631	-21.133297	-2.405077	-1.914710	-3.568287	0	0	0	0	0	0
139334815811	-1475.099609	-288.500000	1.601562	-505.400391	1333.000000	-257.400391	13.265033	69.640923	-23.095932	-2.395162	-2.096501	-3.385585	0	0	0	0	0	0
139710631028	-1476.599609	-289.900391	0.601562	-512.099609	1337.398438	-265.300781	13.366185	70.490608	-23.635498	-2.366160	-2.135184	-3.406924	0	0	0	0	0	0
140108880208	-1458.400391	-288.699219	39.898438	-502.300781	1292.898438	-265.800781	14.520348	68.046486	-23.485451	-2.342695	-2.012823	-3.309495	0	0	0	0	0	0
140536546725	-1397.300781	-293.500000	135.601562	-466.500000	1138.601562	-227.000000	18.137724	62.727448	-21.587074	-2.119253	-1.783651	-3.125471	0	0	0	0	0	0
140953363666	141.199219	36.398438	-112.000000	48.101562	-102.300781	44.800781	0.110646	-3.419112	-14.667904	0.589314	-0.890933	0.657141	0	0	0	0	0	0
141329654613	1216.601562	436.199219	-261.500000	527.300781	-1059.300781	383.500000	-7.856195	-54.044159	-17.554998	2.295364	-0.845316	4.735868	0	0	0	0	0	0
141742820462	2463.101562	695.300781	-504.099609	857.000000	-2120.800781	540.398438	-16.591688	-110.354240	-23.713879	3.780332	-1.592123	7.079823	0	0	0	0	0	0
142096361184	3037.199219	913.398438	-823.000000	1059.300781	-2419.400391	633.699219	-26.418398	-130.539459	-30.621725	4.609794	-2.592988	8.623665	0	0	0	0	0	0
142508432723	2202.398438	623.000000	-442.000000	761.699219	-1956.599609	480.398438	-11.458738	-97.630753	-30.548948	3.617634	-1.707182	6.130414	0	0	0	0	0	0
142812028616	2556.300781	709.601562	-625.099609	856.601562	-2126.500000	511.800781	-16.848206	-110.249985	-33.602180	4.248387	-2.436787	6.890783	0	0	0	0	0	0
143226825841	2849.898438	762.398438	-849.099609	924.000000	-2244.900391	528.800781	-21.930832	-118.653877	-39.067162	4.830501	-3.380453	7.325528	0	0	0	0	0	0
143622074745	3290.199219	938.699219	-1401.900391	1059.898438	-2234.800781	560.699219	-32.904194	-127.195580	-58.671360	5.692201	-5.935470	8.280109	0	0	0	0	0	0
144031974604	2591.898438	498.398438	-2234.400391	480.000000	-847.800781	15.800781	-48.010712	-73.668205	-89.196541	4.753666	-9.590925	3.154055	0	0	0	0	0	0
144324785234	1760.300781	184.000000	-2488.300781	26.601562	231.800781	-306.900391	-49.641720	-25.757996	-92.806572	3.241311	-11.100883	-0.424870	0	0	0	0	0	0
144751056055	-250.800781	-318.300781	-1478.800781	-580.300781	1363.300781	-566.199219	-17.257183	48.658554	-73.008797	-0.047922	-8.286910	-4.861687	0	0	0	0	0	0
145149251726	-1380.000000	-340.699219	-288.699219	-591.699219	1373.601562	-326.199219	20.495497	77.066643	-53.774792	-0.816498	-5.109658	-4.065510	0	0	0	0	0	0
145532990878	-1355.199219	-191.099609	740.398438	-201.599609	461.199219	91.300781	47.484367	51.793983	-26.638292	-0.040932	-1.337410	-0.957337	0	0	0	0	0	0
145981993452	362.898438	304.500000	790.699219	517.800781	-1283.500000	621.800781	38.515602	-36.535130	-17.855276	2.101586	0.322223	4.935683	0	0	0	0	0	0
146386624596	2513.500000	625.199219	-323.099609	849.000000	-2451.300781	568.699219	2.495107	-116.833351	-41.934238	4.665149	-3.078922	6.954407	0	0	0	0	0	0
146773424892	3391.199219	822.601562	-1789.800781	908.199219	-1957.599609	338.500000	-44.373367	-123.147629	-63.732586	5.450044	-7.183395	6.614030	0	0	0	0	0	0
147157077451	1748.898438	252.199219	-1986.000000	167.500000	-136.500000	-177.099609	-45.306698	-37.610226	-69.656609	2.915297	-8.046375	0.591576	0	0	0	0	0	0
147544556647	161.199219	-37.400391	-1070.699219	-185.199219	655.601562	-239.800781	-16.418343	18.706217	-44.036930	0.715203	-5.459497	-1.524247	0	0	0	0	0	0
147898851904	1166.601562	278.898438	-1024.400391	241.000000	-279.000000	25.199219	-30.980064	-33.346817	-25.428684	1.685366	-3.275888	1.904685	0	0	0	0	0	0
148307571405	861.398438	230.199219	-698.099609	216.300781	-263.000000	53.000000	-18.320940	-22.851152	-17.777020	1.290654	-2.495324	1.580399	0	0	0	0	0	0
148718067013	4.199219	18.601562	-34.400391	11.800781	8.101562	0.800781	-1.708707	1.052940	-2.643135	-0.001477	-0.353232	0.079971	0	0	0	0	0	0
149115959547	-130.000000	77.199219	51.300781	57.000000	202.898438	60.398438	0.925188	6.565188	24.348122	-0.784898	-0.212271	0.537657	0	0	0	0	0	0
149509562354	-428.000000	39.398438	467.500000	17.300781	504.300781	62.300781	9.961984	15.147894	99.550720	-2.176078	0.486742	0.267505	0	0	0	0	0	0
149916584077	-300.699219	8.000000	351.500000	-38.000000	584.898438	-27.699219	1.151644	12.587552	115.647453	-2.535498	0.702770	-0.256699	0	0	0	0	0	0
150325813015	76.500000	140.300781	269.199219	143.101562	303.500000	90.500000	-3.790251	-6.083358	118.500259	-2.463874	0.822619	1.131332	0	0	0	0	0	0
150734189206	-344.599609	9.398438	421.898438	-15.199219	575.199219	3.101562	5.832630	10.931872	117.006950	-2.920438	0.474305	-0.222054	0	0	0	0	0	0
151153338297	-69.500000	-20.800781	48.500000	-19.300781	20.398438	-13.300781	0.891179	3.752855	-1.469921	0.104276	0.103592	-0.049291	0	0	0	0	0	0
151618776487	152.601562	-54.599609	-27.199219	2.699219	-534.599609	-6.000000	3.669943	-10.644767	-74.778603	1.425575	0.191844	-0.037016	0	0	0	0	0	0
152028067720	214.101562	-181.599609	-155.500000	-110.000000	-681.900391	-116.099609	4.345273	-11.391579	-114.929504	2.349495	-0.326698	-1.080834	0	0	0	0	0	0
152410918038	426.101562	-201.500000	-258.300781	-98.699219	-880.800781	-148.599609	3.492869	-23.333803	-133.026352	2.338438	-0.876943	-1.135493	0	0	0	0	0	0
152793320254	475.000000	-231.900391	-359.000000	-127.199219	-890.000000	-191.699219	1.157379	-23.382751	-144.076538	2.395528	-1.216386	-1.443788	0	0	0	0	0	0
153232323444	125.199219	-55.699219	26.898438	-57.500000	-218.199219	-70.599609	-3.792632	-2.522177	-14.001161	1.141662	0.912966	-0.508175	0	0	0	0	0	0
153661510032	73.199219	-27.500000	65.000000	-3.400391	-193.699219	-11.900391	0.171744	-2.254669	-7.303601	0.724614	0.536932	-0.120792	0	0	0	0	0	0
153936590150	797.000000	30.699219	-77.000000	105.500000	-789.300781	4.398438	-5.719458	-36.776047	-12.947651	1.652309	0.310543	0.771743	0	0	0	0	0	0
154302235234	1793.500000	345.500000	-333.500000	467.300781	-1523.099609	215.898438	-14.558615	-81.863312	-10.265546	2.143508	-0.490815	3.729217	0	0	0	0	0	0
154713302011	1970.500000	459.898438	-365.800781	587.199219	-1678.699219	311.000000	-16.866377	-88.949974	-13.952766	2.522350	-0.403084	4.751956	0	0	0	0	0	0
155088325446	2398.000000	569.300781	-578.900391	723.300781	-1939.699219	355.000000	-22.501163	-106.556686	-19.039192	3.156359	-1.284501	5.687326	0	0	0	0	0	0
155490179071	2260.800781	538.500000	-531.400391	691.800781	-1873.400391	373.199219	-16.059057	-96.655106	-23.251690	3.236748	-1.659298	5.220043	0	0	0	0	0	0
155912322894	-100.800781	15.601562	131.300781	37.398438	-59.000000	64.300781	6.014549	3.394264	-5.922640	0.192595	-0.132833	0.365463	0	0	0	0	0	0
156313672507	-402.300781	-50.400391	128.398438	-56.599609	177.898438	20.800781	11.380803	17.813404	-17.925846	-0.006892	-0.799972	-0.422011	0	0	0	0	0	0
156677488204	7.800781	8.101562	-3.400391	6.800781	4.101562	10.398438	-1.081511	1.669145	0.204131	0.093417	0.027445	0.014897	0	0	0	0	0	0
157118077773	-68.300781	-17.800781	-21.599609	-40.699219	75.500000	-18.000000	-0.579889	7.171416	-3.813814	0.311213	-0.193875	-0.257088	0	0	0	0	0	0
157538077834	-28.199219	-43.500000	50.101562	-30.800781	-126.900391	-11.099609	3.745859	1.858094	-18.324524	0.661409	-0.051547	-0.256414	0	0	0	0	0	0
157921308422	-1103.000000	-155.699219	304.601562	-247.900391	683.199219	-55.699219	14.972245	51.816608	-19.994576	-0.015159	0.231938	-1.635631	0	0	0	0	0	0
158340881179	-130.199219	-42.900391	-149.699219	-85.400391	150.898438	-60.500000	-4.375270	12.917863	-24.349392	0.433858	-0.312969	-0.571121	0	0	0	0	0	0
158717632619	-193.199219	-46.900391	-48.900391	-75.500000	193.699219	-50.400391	-2.517535	13.600751	-10.526043	0.197563	0.073477	-0.536434	0	0	0	0	0	0
159090826187	-1051.400391	-130.000000	314.800781	-212.599609	618.800781	-33.599609	15.289443	51.522114	-19.822966	0.216693	0.292715	-1.345645	0	0	0	0	0	0
159491391887	-1376.599609	-144.800781	371.500000	-289.400391	876.199219	-51.099609	16.759012	65.932724	-19.220467	-0.095795	0.425850	-1.657232	0	0	0	0	0	0
159895973805	-1410.300781	-153.800781	362.898438	-317.400391	927.300781	-56.300781	16.347322	68.079460	-19.947519	-0.100495	0.444183	-1.814173	0	0	0	0	0	0
160295875524	-1494.000000	-149.099609	403.699219	-323.500000	975.199219	-51.000000	17.927408	72.013115	-18.577724	-0.062045	0.499081	-1.818536	0	0	0	0	0	0
160685163229	-1548.300781	-145.300781	415.699219	-332.300781	1009.800781	-50.000000	18.187326	74.198380	-18.311905	-0.188011	0.547736	-1.810112	0	0	0	0	0	0
161046156472	-1584.199219	-134.500000	420.000000	-328.699219	1039.800781	-39.199219	19.030502	76.185356	-17.751007	-0.181908	0.464961	-1.736407	0	0	0	0	0	0
161438523879	-1534.199219	-152.900391	394.601562	-342.000000	1027.199219	-56.900391	17.627920	74.752480	-18.085810	-0.098408	0.462516	-1.915330	0	0	0	0	0	0
161817810951	-1489.900391	-138.300781	393.000000	-327.300781	980.300781	-53.300781	17.663944	71.979240	-18.028618	-0.087781	0.462859	-1.764908	0	0	0	0	0	0
162158607916	-1584.800781	-136.599609	428.300781	-324.099609	1034.898438	-31.500000	19.108036	76.095726	-17.326660	-0.128823	0.536490	-1.724550	0	0	0	0	0	0
162505334641	-1573.800781	-136.400391	441.500000	-329.800781	1019.000000	-38.099609	19.316439	75.496124	-16.394087	-0.104599	0.574766	-1.705319	0	0	0	0	0	0
162845095398	-1595.300781	-126.599609	451.300781	-326.400391	1027.800781	-36.900391	19.002264	75.688614	-15.450904	-0.237776	0.667976	-1.715675	0	0	0	0	0	0
163204922099	-1624.400391	-134.800781	455.898438	-333.900391	1046.500000	-39.699219	19.349901	76.719124	-16.119732	-0.263719	0.669839	-1.753363	0	0	0	0	0	0
163555318508	-1668.599609	-140.699219	481.898438	-342.699219	1083.398438	-30.199219	20.257771	78.935127	-17.802736	-0.279447	0.707518	-1.773167	0	0	0	0	0	0
163909737546	-1641.400391	-140.800781	462.101562	-344.699219	1039.300781	-46.199219	19.454287	76.558090	-18.215002	-0.229506	0.750036	-1.783094	0	0	0	0	0	0
164292193704	-1601.099609	-149.699219	441.199219	-345.099609	1030.500000	-54.800781	18.326359	76.081718	-19.689501	-0.167373	0.730379	-1.826875	0	0	0	0	0	0
164677523478	-1583.699219	-145.000000	435.000000	-339.900391	1023.699219	-43.800781	18.450804	75.784111	-19.097179	-0.148588	0.721587	-1.799429	0	0	0	0	0	0
165089089565	-1594.800781	-151.699219	426.101562	-348.099609	1030.601562	-58.199219	17.593630	76.039886	-18.878714	-0.136141	0.757388	-1.854294	0	0	0	0	0	0
165517715729	-1610.500000	-149.000000	453.699219	-344.000000	1028.898438	-60.099609	18.154121	75.927315	-18.983574	-0.153305	0.800463	-1.842394	0	0	0	0	0	0
165888087578	-1618.199219	-160.300781	452.000000	-354.599609	1036.699219	-55.500000	18.491100	77.119797	-18.630756	-0.157910	0.785884	-1.860531	0	0	0	0	0	0
166280834448	-1599.900391	-152.199219	467.300781	-348.099609	1019.699219	-39.099609	19.011131	75.610992	-17.208601	-0.181137	0.788225	-1.808351	0	0	0	0	0	0
166722088658	-1619.000000	-140.900391	467.800781	-338.300781	1042.898438	-34.099609	19.448557	76.584755	-16.067377	-0.242376	0.756013	-1.774036	0	0	0	0	0	0
167124778551	-1659.800781	-134.199219	477.898438	-340.000000	1055.300781	-39.000000	19.902039	77.620445	-15.271809	-0.224811	0.761381	-1.721578	0	0	0	0	0	0
167567600297	-1640.099609	-132.699219	462.199219	-333.699219	1045.101562	-32.099609	19.062092	77.692734	-17.901628	-0.196199	0.790863	-1.657864	0	0	0	0	0	0
167974527478	-1622.400391	-122.800781	474.000000	-320.400391	1025.000000	-22.300781	19.517567	76.559624	-18.780048	-0.177364	0.784438	-1.574361	0	0	0	0	0	0
168358652384	-1556.699219	-127.500000	451.300781	-310.300781	975.800781	-22.900391	18.639532	73.419136	-18.515465	-0.120055	0.771288	-1.561987	0	0	0	0	0	0
168759590968	-1573.300781	-117.500000	466.500000	-310.699219	988.000000	-16.699219	18.929127	74.407440	-17.937115	-0.112203	0.823203	-1.547684	0	0	0	0	0	0
169174551494	-1605.599609	-108.800781	487.398438	-296.900391	996.699219	0.101562	19.937654	75.225372	-17.514521	-0.095437	0.849418	-1.408412	0	0	0	0	0	0
169548638692	-1580.400391	-109.800781	482.300781	-293.800781	980.500000	4.300781	19.586937	73.241776	-17.800436	-0.116120	0.835028	-1.347286	0	0	0	0	0	0
169965035153	-1539.099609	-107.199219	460.601562	-290.800781	961.199219	2.000000	18.542728	71.652084	-17.203119	-0.121307	0.824922	-1.365942	0	0	0	0	0	0
170356161993	-1612.099609	-101.300781	476.699219	-300.099609	1014.699219	-8.099609	19.307655	74.933289	-17.638609	-0.135745	0.816985	-1.359421	0	0	0	0	0	0
170693800473	-1645.099609	-97.199219	494.300781	-304.599609	1038.300781	6.101562	20.306637	76.453125	-17.815588	-0.168302	0.844564	-1.371372	0	0	0	0	0	0
171085784378	-1675.000000	-101.900391	500.500000	-308.800781	1058.500000	0.101562	20.004175	77.091949	-14.791141	-0.203196	0.917848	-1.446084	0	0	0	0	0	0
171434594291	-1671.900391	-105.500000	508.000000	-311.199219	1053.601562	-1.099609	20.017471	76.464722	-15.744693	-0.233724	0.912448	-1.419469	0	0	0	0	0	0
171754801697	-1646.099609	-108.900391	489.699219	-312.099609	1038.101562	-3.199219	19.731796	75.663513	-16.517096	-0.224750	0.903280	-1.421246	0	0	0	0	0	0
172101115411	-1690.300781	-98.400391	513.699219	-308.400391	1067.500000	9.500000	20.387581	76.614410	-15.141738	-0.266594	0.883201	-1.395301	0	0	0	0	0	0
172431427302	-1705.900391	-103.900391	507.601562	-317.400391	1088.500000	3.699219	20.252720	77.717484	-14.978197	-0.322201	0.906056	-1.419991	0	0	0	0	0	0
172771411416	-1814.000000	-108.500000	559.898438	-348.699219	1165.800781	1.500000	21.738728	81.159966	-11.937125	-0.431191	1.073834	-1.521341	0	0	0	0	0	0
173104957248	-1838.900391	-109.500000	586.000000	-331.199219	1164.898438	15.699219	22.413647	81.009285	-9.794247	-0.475925	1.152808	-1.505905	0	0	0	0	0	0
173416568498	-1806.800781	-127.699219	537.800781	-358.800781	1191.500000	-23.699219	20.759420	82.533569	-10.724695	-0.774476	0.968700	-1.762545	0	0	0	0	0	0
173767518912	-1809.800781	-131.599609	547.199219	-365.199219	1177.800781	-22.099609	21.111443	82.070396	-8.944612	-0.706395	0.927545	-1.770470	0	0	0	0	0	0
174104770518	-1863.000000	-121.400391	572.000000	-363.199219	1205.601562	-12.800781	22.262156	83.224358	-7.752111	-0.710478	0.964946	-1.698462	0	0	0	0	0	0
174423809915	-1856.300781	-127.500000	551.199219	-364.400391	1189.300781	-17.500000	21.350325	82.170525	-9.507329	-0.677298	0.902468	-1.772245	0	0	0	0	0	0
174775938918	-1810.300781	-132.599609	565.699219	-354.800781	1162.800781	-17.800781	21.521387	81.300247	-10.072488	-0.678213	0.881182	-1.702598	0	0	0	0	0	0
175107298311	-1802.599609	-131.300781	544.101562	-359.099609	1173.199219	-18.500000	21.022137	80.987030	-9.460861	-0.658499	0.876253	-1.719730	0	0	0	0	0	0
175473848168	-1833.599609	-122.099609	572.898438	-352.800781	1163.800781	-10.900391	22.356039	81.444946	-9.428555	-0.705749	0.893951	-1.648630	0	0	0	0	0	0
175797095814	-1843.199219	-134.599609	589.800781	-356.900391	1169.699219	-7.599609	23.037676	81.655457	-8.701764	-0.729900	0.896570	-1.699560	0	0	0	0	0	0
176210416629	-1765.500000	-140.400391	562.101562	-356.599609	1120.199219	-27.099609	21.612150	78.421822	-9.393951	-0.611579	0.853795	-1.715324	0	0	0	0	0	0
176636840038	-1785.800781	-136.099609	576.101562	-352.099609	1124.500000	-22.900391	21.881908	78.809151	-10.039059	-0.574376	0.851869	-1.715095	0	0	0	0	0	0
176993695595	-1721.199219	-137.199219	546.199219	-348.400391	1096.101562	-22.099609	20.699739	76.627899	-10.293987	-0.558593	0.836615	-1.698666	0	0	0	0	0	0
177364825266	-1697.599609	-142.800781	531.699219	-348.400391	1078.300781	-25.300781	19.635536	75.136986	-10.015822	-0.496356	0.821798	-1.734840	0	0	0	0	0	0
177766544773	-1732.400391	-132.400391	552.101562	-338.500000	1097.800781	-12.300781	20.757269	76.099304	-9.051735	-0.551406	0.811464	-1.683283	0	0	0	0	0	0
178167925442	-1733.400391	-134.000000	551.300781	-351.400391	1111.601562	-22.800781	20.509329	76.398483	-8.524366	-0.572490	0.923178	-1.734873	0	0	0	0	0	0
178507799130	-1734.400391	-134.400391	552.601562	-347.500000	1106.601562	-26.199219	20.654388	75.543510	-7.630569	-0.615420	0.951900	-1.666379	0	0	0	0	0	0
178848593244	-1713.199219	-126.199219	553.300781	-327.300781	1082.601562	-12.900391	20.742975	74.758736	-7.801272	-0.670586	0.924380	-1.546268	0	0	0	0	0	0
179173050477	-731.500000	-81.800781	221.199219	-152.300781	448.699219	-31.400391	8.044565	32.139252	-9.631373	-0.138455	0.322510	-0.723429	0	0	0	0	0	0
179501819738	-1.800781	-8.199219	0.898438	-14.900391	4.800781	-13.300781	-1.090909	1.437691	0.464395	0.095219	0.042399	0.014793	0	0	0	0	0	0
179838962333	-5.599609	-14.699219	5.898438	-10.699219	9.500000	-17.300781	-1.284049	1.487842	0.015332	0.095003	0.031758	0.021129	0	0	0	0	0	0
180171819718	-11.099609	-10.099609	-0.800781	-19.900391	-1.000000	-15.099609	-1.236606	1.503979	0.514652	0.093184	0.041887	0.017612	0	0	0	0	0	0
180516568263	-7.099609	-12.500000	3.601562	-15.599609	6.199219	-17.099609	-1.333564	1.417280	-0.713581	0.092726	0.041292	0.030476	0	0	0	0	0	0
180858857578	-5.099609	-12.099609	6.800781	-12.300781	2.800781	-9.300781	-1.250539	1.338428	0.401058	0.093990	0.038757	0.021106	0	0	0	0	0	0
181224296928	-1.199219	-14.199219	2.000000	-12.900391	10.500000	-6.699219	-1.217335	1.546212	0.442142	0.094079	0.037004	0.019152	0	0	0	0	0	0
181555739073	-9.199219	-15.400391	3.398438	-19.000000	3.800781	-16.400391	-1.218858	1.537351	-0.639998	0.094754	0.039726	0.027543	0	0	0	0	0	0
181872840927	-6.900391	-15.400391	8.500000	-14.800781	-0.099609	-17.500000	-1.277163	1.536375	0.165194	0.094748	0.040033	0.018918	0	0	0	0	0	0
182197384321	0.000000	-14.000000	-0.199219	-15.000000	6.000000	-11.300781	-1.255811	1.559251	-0.487815	0.097535	0.038471	0.025657	0	0	0	0	0	0
